Data =>
	instName=TWA13A
	optimalValue=-1
	vehicles=-1
	capacity=50
	depotNode=1
	nodes=13
	arcs=8
	edges=15
	requiredN=4
	requiredA=7
	requiredE=11
nodes dist:
0		-1		-1		-1		-1		-1		-1		-1		-1		-1		-1		-1		-1		-1		
-1		0		3		4		4		7		10		18		9		13		16		11		7		7		
-1		3		0		6		7		10		11		15		6		10		13		14		9		5		
-1		6		6		0		2		5		8		21		12		16		19		9		3		3		
-1		4		7		2		0		3		6		20		11		15		18		7		5		5		
-1		7		10		5		3		0		3		17		8		12		15		4		3		8		
-1		10		11		8		6		3		0		14		5		9		12		7		6		11		
-1		14		12		12		10		7		4		0		9		5		8		3		10		15		
-1		9		6		7		5		8		5		9		0		4		7		12		10		10		
-1		10		7		13		14		12		9		5		13		0		3		8		15		12		
-1		7		4		10		11		14		12		8		10		3		0		11		13		9		
-1		11		13		9		7		4		2		16		7		11		14		0		7		12		
-1		9		9		3		5		3		6		20		11		15		18		7		0		5		
-1		9		9		3		5		8		11		24		15		19		22		12		5		0		
tasks dist:
              N1<1,1>       N9<9,9>       N2<2,2>       N4<4,4>       N5<5,5>       A1<8,9>       A2<1,3>       A3<8,4>       A4<7,6>       A5<7,11>      A6<11,6>      A7<2,13>      E1<9,7>       E2<1,2>       E3<2,3>       E4<3,4>       E5<6,8>       E6<4,5>       E7<5,11>      E8<5,12>      E9<3,12>      E10<12,13>    E11<3,13>     E1<7,9>       E2<2,1>       E3<3,2>       E4<4,3>       E5<8,6>       E6<5,4>       E7<11,5>      E8<12,5>      E9<12,3>      E10<13,12>    E11<13,3>     
N1<1,1>       0             13            3             4             7             9             0             9             18            18            11            3             13            0             3             4             10            4             7             7             4             7             4             18            3             4             4             9             7             11            7             7             7             7             
N9<9,9>       10            0             7             14            12            13            10            13            5             5             8             7             0             10            7             13            9             14            12            12            13            15            13            5             7             13            14            13            12            8             15            15            12            12            
N2<2,2>       3             10            0             7             10            6             3             6             15            15            14            0             10            3             0             6             11            7             10            10            6             9             6             15            0             6             7             6             10            14            9             9             5             5             
N4<4,4>       4             15            7             0             3             11            4             11            20            20            7             7             15            4             7             2             6             0             3             3             2             5             2             20            7             2             0             11            3             7             5             5             5             5             
N5<5,5>       7             12            10            3             0             8             7             8             17            17            4             10            12            7             10            5             3             3             0             0             5             3             5             17            10            5             3             8             0             4             3             3             8             8             
A1<8,9>       10            0             7             14            12            13            10            13            5             5             8             7             0             10            7             13            9             14            12            12            13            15            13            5             7             13            14            13            12            8             15            15            12            12            
A2<1,3>       6             16            6             2             5             12            6             12            21            21            9             6             16            6             6             0             8             2             5             5             0             3             0             21            6             0             2             12            5             9             3             3             3             3             
A3<8,4>       4             15            7             0             3             11            4             11            20            20            7             7             15            4             7             2             6             0             3             3             2             5             2             20            7             2             0             11            3             7             5             5             5             5             
A4<7,6>       10            9             11            6             3             5             10            5             14            14            7             11            9             10            11            8             0             6             3             3             8             6             8             14            11            8             6             5             3             7             6             6             11            11            
A5<7,11>      11            11            13            7             4             7             11            7             16            16            0             13            11            11            13            9             2             7             4             4             9             7             9             16            13            9             7             7             4             0             7             7             12            12            
A6<11,6>      10            9             11            6             3             5             10            5             14            14            7             11            9             10            11            8             0             6             3             3             8             6             8             14            11            8             6             5             3             7             6             6             11            11            
A7<2,13>      9             19            9             5             8             15            9             15            24            24            12            9             19            9             9             3             11            5             8             8             3             5             3             24            9             3             5             15            8             12            5             5             0             0             
E1<9,7>       14            5             12            10            7             9             14            9             0             0             3             12            5             14            12            12            4             10            7             7             12            10            12            0             12            12            10            9             7             3             10            10            15            15            
E2<1,2>       3             10            0             7             10            6             3             6             15            15            14            0             10            3             0             6             11            7             10            10            6             9             6             15            0             6             7             6             10            14            9             9             5             5             
E3<2,3>       6             16            6             2             5             12            6             12            21            21            9             6             16            6             6             0             8             2             5             5             0             3             0             21            6             0             2             12            5             9             3             3             3             3             
E4<3,4>       4             15            7             0             3             11            4             11            20            20            7             7             15            4             7             2             6             0             3             3             2             5             2             20            7             2             0             11            3             7             5             5             5             5             
E5<6,8>       9             4             6             5             8             0             9             0             9             9             12            6             4             9             6             7             5             5             8             8             7             10            7             9             6             7             5             0             8             12            10            10            10            10            
E6<4,5>       7             12            10            3             0             8             7             8             17            17            4             10            12            7             10            5             3             3             0             0             5             3             5             17            10            5             3             8             0             4             3             3             8             8             
E7<5,11>      11            11            13            7             4             7             11            7             16            16            0             13            11            11            13            9             2             7             4             4             9             7             9             16            13            9             7             7             4             0             7             7             12            12            
E8<5,12>      9             15            9             5             3             11            9             11            20            20            7             9             15            9             9             3             6             5             3             3             3             0             3             20            9             3             5             11            3             7             0             0             5             5             
E9<3,12>      9             15            9             5             3             11            9             11            20            20            7             9             15            9             9             3             6             5             3             3             3             0             3             20            9             3             5             11            3             7             0             0             5             5             
E10<12,13>    9             19            9             5             8             15            9             15            24            24            12            9             19            9             9             3             11            5             8             8             3             5             3             24            9             3             5             15            8             12            5             5             0             0             
E11<3,13>     9             19            9             5             8             15            9             15            24            24            12            9             19            9             9             3             11            5             8             8             3             5             3             24            9             3             5             15            8             12            5             5             0             0             
E1<7,9>       10            0             7             14            12            13            10            13            5             5             8             7             0             10            7             13            9             14            12            12            13            15            13            5             7             13            14            13            12            8             15            15            12            12            
E2<2,1>       0             13            3             4             7             9             0             9             18            18            11            3             13            0             3             4             10            4             7             7             4             7             4             18            3             4             4             9             7             11            7             7             7             7             
E3<3,2>       3             10            0             7             10            6             3             6             15            15            14            0             10            3             0             6             11            7             10            10            6             9             6             15            0             6             7             6             10            14            9             9             5             5             
E4<4,3>       6             16            6             2             5             12            6             12            21            21            9             6             16            6             6             0             8             2             5             5             0             3             0             21            6             0             2             12            5             9             3             3             3             3             
E5<8,6>       10            9             11            6             3             5             10            5             14            14            7             11            9             10            11            8             0             6             3             3             8             6             8             14            11            8             6             5             3             7             6             6             11            11            
E6<5,4>       4             15            7             0             3             11            4             11            20            20            7             7             15            4             7             2             6             0             3             3             2             5             2             20            7             2             0             11            3             7             5             5             5             5             
E7<11,5>      7             12            10            3             0             8             7             8             17            17            4             10            12            7             10            5             3             3             0             0             5             3             5             17            10            5             3             8             0             4             3             3             8             8             
E8<12,5>      7             12            10            3             0             8             7             8             17            17            4             10            12            7             10            5             3             3             0             0             5             3             5             17            10            5             3             8             0             4             3             3             8             8             
E9<12,3>      6             16            6             2             5             12            6             12            21            21            9             6             16            6             6             0             8             2             5             5             0             3             0             21            6             0             2             12            5             9             3             3             3             3             
E10<13,12>    9             15            9             5             3             11            9             11            20            20            7             9             15            9             9             3             6             5             3             3             3             0             3             20            9             3             5             11            3             7             0             0             5             5             
E11<13,3>     6             16            6             2             5             12            6             12            21            21            9             6             16            6             6             0             8             2             5             5             0             3             0             21            6             0             2             12            5             9             3             3             3             3             
