Data =>
	instName=TWA40D
	optimalValue=-1
	vehicles=-1
	capacity=75
	depotNode=1
	nodes=40
	arcs=24
	edges=45
	requiredN=14
	requiredA=17
	requiredE=32
0		-1		-1		-1		-1		-1		-1		-1		-1		-1		-1		-1		-1		-1		-1		-1		-1		-1		-1		-1		-1		-1		-1		-1		-1		-1		-1		-1		-1		-1		-1		-1		-1		-1		-1		-1		-1		-1		-1		-1		-1		
-1		0		19		22		26		26		14		12		7		20		36		12		3		4		5		7		11		16		17		18		13		31		20		16		25		29		15		15		11		13		16		20		10		14		9		13		23		18		25		18		11		
-1		28		0		21		38		43		25		9		24		17		48		29		25		21		26		26		30		15		29		30		25		43		37		33		42		46		34		34		30		20		23		25		15		11		10		6		12		14		7		15		20		
-1		22		14		0		29		34		36		12		15		31		39		20		19		23		27		29		25		6		20		21		16		34		28		24		33		37		29		34		30		34		37		39		29		25		16		20		26		28		21		9		11		
-1		21		28		14		0		14		35		19		14		38		10		19		18		22		26		28		24		15		9		8		5		5		16		20		21		25		25		30		29		33		36		40		28		32		23		27		40		36		35		18		10		
-1		27		43		44		48		0		27		34		29		43		58		24		30		30		25		23		19		38		39		40		35		53		6		10		11		15		15		20		24		29		32		35		34		38		35		39		47		42		49		40		33		
-1		14		29		35		40		30		0		23		21		16		50		16		17		14		9		7		11		29		31		32		27		45		24		20		29		33		15		15		11		5		8		8		10		14		19		23		23		18		25		29		25		
-1		22		9		12		29		34		27		0		15		19		39		20		19		23		27		28		25		6		20		21		16		34		28		24		33		37		29		34		30		22		25		27		17		13		4		8		21		17		16		6		11		
-1		7		14		15		19		19		21		5		0		24		29		5		4		8		12		14		10		9		10		11		6		24		13		9		18		22		14		19		15		19		22		26		14		18		9		13		26		22		21		11		4		
-1		23		24		37		43		43		16		25		24		0		53		29		20		16		21		21		25		31		34		35		30		48		37		33		42		46		29		29		25		15		18		8		10		6		21		18		15		10		17		31		28		
-1		11		18		19		10		12		25		9		4		28		0		9		8		12		16		18		14		13		14		15		10		5		6		10		11		15		15		20		19		23		26		30		18		22		13		17		30		26		25		15		8		
-1		3		19		20		24		14		16		10		5		23		34		0		6		7		8		9		5		14		15		16		11		29		8		4		13		17		9		14		10		15		18		22		13		17		12		16		26		21		26		16		9		
-1		3		18		19		23		23		17		9		4		20		33		9		0		4		8		10		14		13		14		15		10		28		17		13		22		26		18		18		14		15		18		22		10		14		9		13		23		18		25		15		8		
-1		7		15		21		27		27		14		9		8		16		37		13		4		0		5		7		11		15		18		19		14		32		21		17		26		30		15		15		11		11		14		18		6		10		5		9		19		14		21		15		12		
-1		5		20		26		31		25		9		14		12		21		41		11		8		5		0		2		6		20		22		23		18		36		19		15		24		28		10		10		6		8		11		15		11		15		10		14		24		19		26		20		16		
-1		7		22		28		33		23		7		16		14		21		43		9		10		7		2		0		4		22		24		25		20		38		17		13		22		26		8		8		4		6		9		13		11		15		12		16		24		19		26		22		18		
-1		8		24		25		29		19		11		15		10		25		39		5		11		11		6		4		0		19		20		21		16		34		13		9		18		22		4		9		5		10		13		17		15		19		16		20		28		23		30		21		14		
-1		16		15		6		23		28		30		6		9		25		33		14		13		17		21		23		19		0		14		15		10		28		22		18		27		31		23		28		24		28		31		33		23		19		10		14		27		23		22		3		5		
-1		20		19		5		11		25		34		17		13		36		21		18		17		21		25		27		23		11		0		3		4		16		26		22		31		35		27		32		28		32		35		39		27		30		21		25		31		33		26		14		9		
-1		23		22		8		8		22		37		20		16		39		18		21		20		24		28		30		26		14		3		0		7		13		24		25		29		33		30		35		31		35		38		42		30		33		24		28		34		36		29		17		12		
-1		16		23		9		13		27		30		14		9		33		23		14		13		17		21		23		19		10		4		5		0		18		22		18		27		31		23		28		24		28		31		35		23		27		18		22		35		31		30		13		5		
-1		16		23		19		5		9		30		14		9		33		5		14		13		17		21		23		19		18		14		13		10		0		11		15		16		20		20		25		24		28		31		35		23		27		18		22		35		31		30		20		13		
-1		21		37		38		42		6		21		28		23		37		52		18		24		24		19		17		13		32		33		34		29		47		0		4		5		9		9		14		18		23		26		29		28		32		29		33		41		36		43		34		27		
-1		17		33		34		38		10		17		24		19		33		48		14		20		20		15		13		9		28		29		30		25		43		4		0		9		13		5		10		14		19		22		25		24		28		25		29		37		32		39		30		23		
-1		21		37		38		42		5		21		28		23		37		52		18		24		24		19		17		13		32		33		34		29		47		5		9		0		4		9		14		18		23		26		29		28		32		29		33		41		36		43		34		27		
-1		17		33		34		38		20		17		24		19		33		48		14		20		20		15		13		9		28		29		30		25		43		14		10		19		0		5		10		14		19		22		25		24		28		25		29		37		32		39		30		23		
-1		12		28		29		33		15		12		19		14		28		43		9		15		15		10		8		4		23		24		25		20		38		9		5		14		18		0		5		9		14		17		20		19		23		20		24		32		27		34		25		18		
-1		15		30		34		38		20		7		24		19		23		48		14		18		15		10		8		9		28		29		30		25		43		14		10		19		23		5		0		4		12		15		15		17		21		20		24		30		25		32		30		23		
-1		11		26		32		37		24		11		20		18		25		47		13		14		11		6		4		8		26		28		29		24		42		18		14		23		27		9		4		0		10		13		17		15		19		16		20		28		23		30		26		22		
-1		13		26		32		38		29		5		20		19		15		48		15		15		11		8		6		10		26		29		30		25		43		23		19		28		32		14		14		10		0		3		7		5		9		16		20		18		13		20		26		23		
-1		26		36		47		52		42		12		35		33		12		62		28		29		26		21		19		23		41		43		44		39		57		36		32		41		45		27		27		23		17		0		4		22		18		31		30		27		22		29		41		37		
-1		22		32		43		48		38		8		31		29		8		58		24		25		22		17		15		19		37		39		40		35		53		32		28		37		41		23		23		19		13		16		0		18		14		27		26		23		18		25		37		33		
-1		13		21		27		33		33		10		15		14		10		43		19		10		6		11		11		15		21		24		25		20		38		27		23		32		36		19		19		15		5		8		12		0		4		11		15		13		8		15		21		18		
-1		17		18		31		37		37		14		19		18		6		47		23		14		10		15		15		19		25		28		29		24		42		31		27		36		40		23		23		19		9		12		14		4		0		15		12		9		4		11		25		22		
-1		26		10		16		33		38		23		4		19		15		43		24		23		19		24		24		28		10		24		25		20		38		32		28		37		41		32		32		28		18		21		23		13		9		0		4		18		13		17		10		15		
-1		22		6		20		37		42		19		8		23		11		47		28		19		15		20		20		24		14		28		29		24		42		36		32		41		45		28		28		24		14		17		19		9		5		4		0		14		9		13		14		19		
-1		25		9		23		40		45		22		11		26		14		50		31		22		18		23		23		27		17		31		32		27		45		39		35		44		48		31		31		27		17		20		22		12		8		7		3		0		12		5		17		22		
-1		21		14		28		41		41		18		16		22		10		51		27		18		14		19		19		23		22		32		33		28		46		35		31		40		44		27		27		23		13		16		18		8		4		12		8		5		0		7		22		26		
-1		28		7		28		45		48		25		16		29		17		55		34		25		21		26		26		30		22		36		37		32		50		42		38		47		51		34		34		30		20		23		25		15		11		12		8		5		7		0		22		27		
-1		28		15		18		35		40		33		6		21		25		45		26		25		29		33		34		31		12		26		27		22		40		34		30		39		43		35		40		36		28		31		33		23		19		10		14		27		23		22		0		17		
-1		11		18		11		18		23		25		9		4		28		28		9		8		12		16		18		14		5		9		10		5		23		17		13		22		26		18		23		19		23		26		30		18		22		13		17		30		26		25		8		0		
