Data =>
	instName=TWB13A
	optimalValue=-1
	vehicles=-1
	capacity=50
	depotNode=1
	nodes=13
	arcs=12
	edges=11
	requiredN=8
	requiredA=7
	requiredE=7
nodes dist:
0		-1		-1		-1		-1		-1		-1		-1		-1		-1		-1		-1		-1		-1		
-1		0		10		4		4		7		10		14		9		13		14		11		7		12		
-1		3		0		7		7		10		11		12		6		7		4		14		10		5		
-1		4		6		0		2		5		8		12		7		11		10		9		3		8		
-1		4		11		8		0		3		6		10		5		9		15		7		11		16		
-1		17		14		21		13		0		3		7		8		12		18		4		24		19		
-1		14		11		18		10		3		0		4		5		9		15		7		21		16		
-1		19		16		23		15		7		5		0		10		5		20		3		26		21		
-1		9		6		13		5		8		5		9		0		4		10		12		16		11		
-1		24		21		28		20		12		10		5		15		0		25		8		31		26		
-1		27		24		31		23		15		13		8		18		3		0		11		34		29		
-1		16		13		20		12		4		2		6		7		11		17		0		23		18		
-1		7		9		3		5		3		6		10		10		14		13		7		0		5		
-1		7		5		3		5		8		11		15		10		12		9		12		5		0		
tasks dist:
              N1<1,1>       N12<12,12>    N3<3,3>       N13<13,13>    N9<9,9>       N10<10,10>    N2<2,2>       N6<6,6>       N11<11,11>    A1<2,1>       A2<3,4>       A3<4,5>       A4<6,7>       A5<7,11>      A6<11,6>      A7<12,5>      E1<9,7>       E2<2,8>       E3<1,3>       E4<1,4>       E5<4,8>       E6<6,8>       E7<3,12>      E1<7,9>       E2<8,2>       E3<3,1>       E4<4,1>       E5<8,4>       E6<8,6>       E7<12,3>      
N1<1,1>       0             7             4             12            13            14            10            10            11            10            4             4             10            14            11            7             13            10            0             0             4             10            4             14            9             4             4             9             9             7             
N12<12,12>    7             0             3             5             14            13            9             6             7             9             3             5             6             10            7             0             14            9             7             7             5             6             3             10            10            3             5             10            10            0             
N3<3,3>       4             3             0             8             11            10            6             8             9             6             0             2             8             12            9             3             11            6             4             4             2             8             0             12            7             0             2             7             7             3             
N13<13,13>    7             5             3             0             12            9             5             11            12            5             3             5             11            15            12            5             12            5             7             7             5             11            3             15            10            3             5             10            10            5             
N9<9,9>       24            31            28            26            0             25            21            10            8             21            28            20            10            5             8             31            0             21            24            24            20            10            28            5             15            28            20            15            15            31            
N10<10,10>    27            34            31            29            3             0             24            13            11            24            31            23            13            8             11            34            3             24            27            27            23            13            31            8             18            31            23            18            18            34            
N2<2,2>       3             10            7             5             7             4             0             11            14            0             7             7             11            12            14            10            7             0             3             3             7             11            7             12            6             7             7             6             6             10            
N6<6,6>       14            21            18            16            9             15            11            0             7             11            18            10            0             4             7             21            9             11            14            14            10            0             18            4             5             18            10            5             5             21            
N11<11,11>    16            23            20            18            11            17            13            2             0             13            20            12            2             6             0             23            11            13            16            16            12            2             20            6             7             20            12            7             7             23            
A1<2,1>       0             7             4             12            13            14            10            10            11            10            4             4             10            14            11            7             13            10            0             0             4             10            4             14            9             4             4             9             9             7             
A2<3,4>       4             11            8             16            9             15            11            6             7             11            8             0             6             10            7             11            9             11            4             4             0             6             8             10            5             8             0             5             5             11            
A3<4,5>       17            24            21            19            12            18            14            3             4             14            21            13            3             7             4             24            12            14            17            17            13            3             21            7             8             21            13            8             8             24            
A4<6,7>       19            26            23            21            5             20            16            5             3             16            23            15            5             0             3             26            5             16            19            19            15            5             23            0             10            23            15            10            10            26            
A5<7,11>      16            23            20            18            11            17            13            2             0             13            20            12            2             6             0             23            11            13            16            16            12            2             20            6             7             20            12            7             7             23            
A6<11,6>      14            21            18            16            9             15            11            0             7             11            18            10            0             4             7             21            9             11            14            14            10            0             18            4             5             18            10            5             5             21            
A7<12,5>      17            24            21            19            12            18            14            3             4             14            21            13            3             7             4             24            12            14            17            17            13            3             21            7             8             21            13            8             8             24            
E1<9,7>       19            26            23            21            5             20            16            5             3             16            23            15            5             0             3             26            5             16            19            19            15            5             23            0             10            23            15            10            10            26            
E2<2,8>       9             16            13            11            4             10            6             5             12            6             13            5             5             9             12            16            4             6             9             9             5             5             13            9             0             13            5             0             0             16            
E3<1,3>       4             3             0             8             11            10            6             8             9             6             0             2             8             12            9             3             11            6             4             4             2             8             0             12            7             0             2             7             7             3             
E4<1,4>       4             11            8             16            9             15            11            6             7             11            8             0             6             10            7             11            9             11            4             4             0             6             8             10            5             8             0             5             5             11            
E5<4,8>       9             16            13            11            4             10            6             5             12            6             13            5             5             9             12            16            4             6             9             9             5             5             13            9             0             13            5             0             0             16            
E6<6,8>       9             16            13            11            4             10            6             5             12            6             13            5             5             9             12            16            4             6             9             9             5             5             13            9             0             13            5             0             0             16            
E7<3,12>      7             0             3             5             14            13            9             6             7             9             3             5             6             10            7             0             14            9             7             7             5             6             3             10            10            3             5             10            10            0             
E1<7,9>       24            31            28            26            0             25            21            10            8             21            28            20            10            5             8             31            0             21            24            24            20            10            28            5             15            28            20            15            15            31            
E2<8,2>       3             10            7             5             7             4             0             11            14            0             7             7             11            12            14            10            7             0             3             3             7             11            7             12            6             7             7             6             6             10            
E3<3,1>       0             7             4             12            13            14            10            10            11            10            4             4             10            14            11            7             13            10            0             0             4             10            4             14            9             4             4             9             9             7             
E4<4,1>       0             7             4             12            13            14            10            10            11            10            4             4             10            14            11            7             13            10            0             0             4             10            4             14            9             4             4             9             9             7             
E5<8,4>       4             11            8             16            9             15            11            6             7             11            8             0             6             10            7             11            9             11            4             4             0             6             8             10            5             8             0             5             5             11            
E6<8,6>       14            21            18            16            9             15            11            0             7             11            18            10            0             4             7             21            9             11            14            14            10            0             18            4             5             18            10            5             5             21            
E7<12,3>      4             3             0             8             11            10            6             8             9             6             0             2             8             12            9             3             11            6             4             4             2             8             0             12            7             0             2             7             7             3             
