Data =>
	instName=TWB40D
	optimalValue=-1
	vehicles=-1
	capacity=75
	depotNode=1
	nodes=40
	arcs=29
	edges=40
	requiredN=19
	requiredA=18
	requiredE=26
nodes dist:
0		-1		-1		-1		-1		-1		-1		-1		-1		-1		-1		-1		-1		-1		-1		-1		-1		-1		-1		-1		-1		-1		-1		-1		-1		-1		-1		-1		-1		-1		-1		-1		-1		-1		-1		-1		-1		-1		-1		-1		-1		
-1		0		22		25		19		21		20		13		8		20		17		3		8		4		5		7		11		19		22		19		14		22		11		7		16		17		12		17		16		15		32		28		10		14		17		19		23		18		25		19		19		
-1		28		0		14		28		42		32		23		32		24		38		31		28		24		29		31		35		29		19		22		23		33		39		35		44		44		39		39		40		27		36		32		22		18		19		15		12		14		7		29		28		
-1		25		32		0		14		28		42		23		18		42		24		23		22		26		30		32		36		19		5		8		9		19		30		27		35		37		32		37		41		37		54		50		32		36		27		41		44		40		39		22		14		
-1		21		28		29		0		14		38		19		14		38		10		19		18		22		26		28		32		23		11		8		13		5		16		23		21		25		28		33		37		33		50		46		28		32		23		37		40		36		35		25		18		
-1		23		30		33		14		0		40		21		16		40		12		21		20		24		28		28		24		27		25		22		22		9		6		25		11		15		20		25		29		35		52		48		30		34		25		39		42		38		37		27		27		
-1		14		25		38		32		26		0		26		21		20		27		16		18		14		9		7		11		32		35		32		27		32		21		17		21		17		12		7		11		5		12		8		10		14		23		19		23		18		25		32		32		
-1		13		9		12		21		34		25		0		15		25		30		16		13		9		14		16		20		6		17		20		16		26		24		20		29		29		24		29		25		20		37		33		15		19		4		24		21		23		16		6		11		
-1		7		14		17		11		23		24		5		0		24		19		5		4		8		12		14		18		11		14		11		6		16		13		9		18		19		14		19		23		19		36		32		14		18		9		23		26		22		21		11		11		
-1		20		17		31		35		41		16		19		24		0		37		23		20		16		21		21		25		25		36		35		30		40		31		27		36		33		28		23		27		15		12		8		10		6		15		11		15		10		17		25		30		
-1		11		18		21		10		14		28		9		4		28		0		9		8		12		16		18		22		15		18		15		10		5		6		13		11		15		18		23		27		23		40		36		18		22		13		27		30		26		25		15		15		
-1		12		19		22		16		18		29		10		5		29		14		0		9		13		17		17		13		16		19		16		11		19		8		4		13		14		9		14		18		24		41		37		19		23		14		28		31		27		26		16		16		
-1		3		18		21		15		24		20		9		4		20		20		6		0		4		8		10		14		15		18		15		10		20		14		10		19		20		15		20		19		15		32		28		10		14		13		19		23		18		25		15		15		
-1		4		21		25		19		25		16		13		8		16		21		7		4		0		5		7		11		19		22		19		14		24		15		11		20		20		15		20		16		11		28		24		6		10		17		15		19		14		21		19		19		
-1		5		26		30		24		24		21		18		13		21		22		8		9		5		0		2		6		24		27		24		19		27		16		12		19		15		10		15		11		16		33		29		11		15		22		20		24		19		26		24		24		
-1		7		28		31		25		22		23		19		14		23		23		9		11		7		2		0		4		25		28		25		20		28		17		13		17		13		8		13		9		18		35		31		13		17		23		22		26		21		28		25		25		
-1		11		24		27		21		18		27		15		10		27		19		5		14		11		6		4		0		21		24		21		16		24		13		9		13		9		4		9		5		22		39		35		17		21		19		26		30		25		31		21		21		
-1		16		18		6		15		29		33		9		9		33		25		14		13		17		21		23		27		0		11		14		10		20		22		18		27		28		23		28		32		28		45		41		23		27		13		32		30		31		25		3		5		
-1		20		27		20		9		23		37		18		13		37		19		18		17		21		25		27		31		14		0		3		4		14		25		22		30		32		27		32		36		32		49		45		27		31		22		36		39		35		34		17		9		
-1		21		28		21		8		22		38		19		14		38		18		19		18		22		26		28		32		15		3		0		5		13		24		23		29		33		28		33		37		33		50		46		28		32		23		37		40		36		35		18		10		
-1		16		23		16		5		19		33		14		9		33		15		14		13		17		21		23		27		10		8		5		0		10		21		18		26		28		23		28		32		28		45		41		23		27		18		32		35		31		30		13		5		
-1		16		23		26		5		9		33		14		9		33		5		14		13		17		21		23		27		20		16		13		15		0		11		18		16		20		23		28		32		28		45		41		23		27		18		32		35		31		30		20		20		
-1		17		24		27		16		10		34		15		10		34		6		15		14		18		22		22		18		21		24		21		16		11		0		19		5		9		14		19		23		29		46		42		24		28		19		33		36		32		31		21		21		
-1		16		23		26		20		14		33		14		9		33		10		4		13		17		15		13		9		20		23		20		15		15		4		0		9		10		5		10		14		28		45		41		23		27		18		32		35		31		30		20		20		
-1		22		29		32		19		5		39		20		15		39		11		18		19		23		19		17		13		26		29		26		21		14		5		14		0		4		9		14		18		34		51		47		29		33		24		38		41		37		36		26		26		
-1		20		33		36		23		9		36		24		19		36		15		14		23		20		15		13		9		30		33		30		25		18		9		10		4		0		5		10		14		31		48		44		26		30		28		35		39		34		40		30		30		
-1		15		28		31		25		14		31		19		14		31		15		9		18		15		10		8		4		25		28		25		20		20		9		5		9		5		0		5		9		26		43		39		21		25		23		30		34		29		35		25		25		
-1		15		33		36		30		19		31		24		19		31		20		14		19		15		10		8		9		30		33		30		25		25		14		10		14		10		5		0		4		26		43		39		21		25		28		30		34		29		36		30		30		
-1		11		29		32		26		23		27		20		15		27		24		10		15		11		6		4		5		26		29		26		21		29		18		14		18		14		9		4		0		22		39		35		17		21		24		26		30		25		32		26		26		
-1		13		20		34		30		28		5		22		19		15		29		15		15		11		8		6		10		28		33		30		25		34		23		19		23		19		14		12		15		0		17		13		5		9		18		14		18		13		20		28		30		
-1		16		23		37		33		31		8		25		22		18		32		18		18		14		11		9		13		31		36		33		28		37		26		22		26		22		17		15		18		3		0		4		8		12		21		17		21		16		23		31		33		
-1		20		27		41		37		34		8		29		26		22		35		22		22		18		15		13		17		35		40		37		32		40		29		25		29		25		20		15		19		7		4		0		12		16		25		21		25		20		27		35		37		
-1		10		15		29		25		31		10		17		14		10		27		13		10		6		11		11		15		23		28		25		20		30		21		17		26		24		19		17		20		5		22		18		0		4		13		9		13		8		15		23		25		
-1		14		11		25		29		35		14		13		18		6		31		17		14		10		15		15		19		19		30		29		24		34		25		21		30		28		23		21		24		9		18		14		4		0		9		5		9		4		11		19		24		
-1		9		13		16		24		30		21		4		13		21		26		12		9		5		10		12		16		10		21		24		19		29		20		16		25		25		20		25		21		16		33		29		11		15		0		20		24		19		20		10		15		
-1		13		6		20		28		34		19		8		17		11		30		16		13		9		14		16		20		14		25		28		23		33		24		20		29		29		24		26		25		14		23		19		9		5		4		0		14		9		13		14		19		
-1		16		9		23		31		37		22		11		20		14		33		19		16		12		17		19		23		17		28		31		26		36		27		23		32		32		27		29		28		17		26		22		12		8		7		3		0		12		5		17		22		
-1		18		14		28		33		39		18		16		22		10		35		21		18		14		19		19		23		22		33		33		28		38		29		25		34		32		27		25		28		13		22		18		8		4		12		8		5		0		7		22		27		
-1		21		7		21		35		42		25		16		25		17		38		24		21		17		22		24		28		22		26		29		30		40		32		28		37		37		32		32		33		20		29		25		15		11		12		8		5		7		0		22		27		
-1		19		15		18		27		40		31		6		21		31		36		22		19		15		20		22		26		12		23		26		22		32		30		26		35		35		30		35		31		26		43		39		21		25		10		30		27		29		22		0		17		
-1		11		18		11		10		24		28		9		4		28		20		9		8		12		16		18		22		5		13		10		5		15		17		13		22		23		18		23		27		23		40		36		18		22		13		27		30		26		25		8		0		
tasks dist:
          N1<1,1>   N21<21,21>N5<5,5>   N24<24,24>N33<33,33>N38<38,38>N30<30,30>N27<27,27>N15<15,15>N16<16,16>N13<13,13>N2<2,2>   N11<11,11>N23<23,23>N17<17,17>N20<20,20>N19<19,19>N4<4,4>   N10<10,10>N22<22,22>A1<9,31>  A2<30,29> A3<6,15>  A4<35,34> A5<35,2>  A6<7,2>   A7<12,1>  A8<16,11> A9<8,7>   A10<17,3> A11<3,18> A12<18,20>A13<10,8> A14<24,5> A15<23,22>A16<40,8> A17<17,39>A18<37,36>E1<6,31>  E2<9,33>  E3<32,33> E4<29,32> E5<6,29>  E6<13,32> E7<27,28> E8<26,27> E9<15,16> E10<13,14>E11<1,14> E12<7,34> E13<1,13> E14<12,13>E15<8,12> E16<16,26>E17<23,26>E18<8,11> E19<18,19>E20<19,20>E21<22,24>E22<25,26>E23<20,40>E24<17,40>E25<37,38>E26<2,38> E1<31,6>  E2<33,9>  E3<33,32> E4<32,29> E5<29,6>  E6<32,13> E7<28,27> E8<27,26> E9<16,15> E10<14,13>E11<14,1> E12<34,7> E13<13,1> E14<13,12>E15<12,8> E16<26,16>E17<26,23>E18<11,8> E19<19,18>E20<20,19>E21<24,22>E22<26,25>E23<40,20>E24<40,17>E25<38,37>E26<38,2> 
N1<1,1>   0         22        21        16        14        25        32        17        7         11        4         22        3         7         19        14        19        19        17        11        20        32        20        19        19        13        8         11        8         19        25        22        17        16        7         19        19        18        20        20        10        15        20        4         17        12        7         4         0         13        0         8         8         11        7         8         22        19        11        17        14        19        18        22        28        14        14        10        15        10        16        17        11        5         5         17        4         4         8         12        12        3         19        14        16        12        19        19        25        25        
N21<21,21>16        0         9         16        27        30        45        28        23        27        17        23        14        18        20        15        13        5         5         11        33        45        33        32        32        14        13        27        9         20        26        16        5         16        18        20        20        31        33        33        23        28        33        17        28        23        23        17        16        14        16        13        9         27        18        9         16        13        11        20        15        20        31        23        41        27        27        23        28        23        32        28        27        21        21        18        17        17        13        23        23        14        13        15        16        23        20        20        30        30        
N5<5,5>   23        9         0         11        34        37        52        25        28        24        24        30        21        25        27        22        22        14        12        6         40        52        40        39        39        21        20        24        16        27        33        25        12        11        25        27        27        38        40        40        30        35        40        24        25        20        28        24        23        21        23        20        16        24        25        16        25        22        6         15        22        27        38        30        48        34        34        30        35        30        29        25        24        28        28        25        24        24        20        20        20        21        22        22        11        20        27        27        37        37        
N24<24,24>22        14        5         0         33        36        51        14        17        13        23        29        18        14        26        21        26        19        11        5         39        51        39        38        38        20        19        13        15        26        32        29        11        0         14        26        26        37        39        39        29        34        39        23        14        9         17        23        22        20        22        19        15        13        14        15        29        26        5         4         21        26        37        29        47        33        33        29        34        29        18        14        13        19        19        24        23        23        19        9         9         18        26        21        0         9         26        26        36        36        
N33<33,33>14        34        35        30        0         11        18        21        15        19        10        11        17        21        19        24        29        29        31        25        6         18        14        5         5         13        14        19        18        19        25        30        31        30        21        24        19        4         14        6         4         9         14        10        21        23        15        10        14        13        14        14        18        19        21        18        30        29        25        28        24        19        4         11        14        0         0         4         9         4         24        21        19        15        15        9         10        10        14        23        23        17        29        24        30        23        24        24        11        11        
N38<38,38>21        40        42        37        11        0         29        32        24        28        17        7         24        28        22        30        29        35        38        32        17        29        25        8         8         16        21        28        25        22        21        26        38        37        28        27        22        7         25        17        15        20        25        17        32        32        24        17        21        16        21        21        25        28        28        25        26        29        32        37        30        22        7         7         25        11        11        15        20        15        33        32        28        22        22        12        17        17        21        32        32        24        29        30        37        32        27        27        0         0         
N30<30,30>16        37        31        26        12        23        0         15        9         13        14        23        18        22        31        28        33        33        32        26        18        0         8         17        17        25        18        13        22        31        37        36        32        26        22        33        31        16        8         18        8         3         8         14        15        17        9         14        16        25        16        18        22        13        22        22        36        33        26        22        28        31        16        23        4         12        12        8         3         8         18        15        13        11        11        21        14        14        18        17        17        18        33        28        26        17        33        33        23        23        
N27<27,27>15        25        19        14        25        36        43        0         8         9         15        33        14        10        30        25        30        30        20        14        31        43        31        30        30        24        19        9         19        30        36        33        20        14        10        30        30        29        31        31        21        26        31        15        0         5         8         15        15        24        15        19        19        9         10        19        33        30        14        10        25        30        29        33        39        25        25        21        26        21        4         0         9         10        10        28        15        15        19        5         5         14        30        25        14        5         30        30        36        36        
N15<15,15>7         28        22        17        17        28        35        13        0         4         7         28        9         13        25        20        25        25        23        17        23        35        23        22        22        19        11        4         14        25        31        28        23        17        13        25        25        21        23        23        13        18        23        7         13        8         0         7         7         19        7         11        14        4         13        14        28        25        17        13        20        25        21        28        31        17        17        13        18        13        9         13        4         2         2         23        7         7         11        8         8         9         25        20        17        8         25        25        28        28        
N16<16,16>11        24        18        13        21        31        39        9         4         0         11        24        5         9         21        16        21        21        19        13        27        39        27        26        26        15        14        0         10        21        27        24        19        13        9         21        21        25        27        27        17        22        27        11        9         4         4         11        11        15        11        14        10        0         9         10        24        21        13        9         16        21        25        24        35        21        21        17        22        17        5         9         0         6         6         19        11        11        14        4         4         5         21        16        13        4         21        21        31        31        
N13<13,13>4         24        25        20        10        21        28        20        7         11        0         21        7         11        19        14        19        19        21        15        16        28        16        15        15        13        4         11        8         19        25        22        21        20        11        19        19        14        16        16        6         11        16        0         20        15        7         0         4         13        4         4         8         11        11        8         22        19        15        20        14        19        14        21        24        10        10        6         11        6         16        20        11        5         5         17        0         0         4         15        15        7         19        14        20        15        19        19        21        21        
N2<2,2>   28        33        42        44        18        7         36        39        31        35        24        0         31        35        29        23        22        28        38        39        24        36        32        15        15        23        28        35        32        29        14        19        38        44        35        28        29        14        32        24        22        27        32        24        39        39        31        24        28        23        28        28        32        35        35        32        19        22        39        44        23        29        14        0         32        18        18        22        27        22        40        39        35        29        29        19        24        24        28        39        39        31        22        23        44        39        28        28        7         7         
N11<11,11>12        19        18        13        23        26        41        14        17        13        13        19        0         4         16        11        16        16        14        8         29        41        29        28        28        10        9         13        5         16        22        19        14        13        4         16        16        27        29        29        19        24        29        13        14        9         17        13        12        10        12        9         5         13        4         5         19        16        8         14        11        16        27        19        37        23        23        19        24        19        18        14        13        17        17        14        13        13        9         9         9         0         16        11        13        9         16        16        26        26        
N23<23,23>16        15        14        9         27        30        45        10        13        9         17        23        4         0         20        15        20        20        10        4         33        45        33        32        32        14        13        9         9         20        26        23        10        9         0         20        20        31        33        33        23        28        33        17        10        5         13        17        16        14        16        13        9         9         0         9         23        20        4         10        15        20        31        23        41        27        27        23        28        23        14        10        9         15        15        18        17        17        13        5         5         4         20        15        9         5         20        20        30        30        
N17<17,17>16        20        29        27        27        25        45        28        23        27        17        18        14        18        0         10        14        15        25        22        33        45        33        32        32        9         13        27        9         0         6         11        25        27        18        5         0         31        33        33        23        28        33        17        28        23        23        17        16        9         16        13        9         27        18        9         11        14        22        28        10        0         31        18        41        27        27        23        28        23        32        28        27        21        21        13        17        17        13        23        23        14        14        10        27        23        5         5         25        25        
N20<20,20>16        10        19        26        27        30        45        28        23        27        17        23        14        18        10        0         5         5         15        21        33        45        33        32        32        14        13        27        9         10        16        8         15        26        18        5         10        31        33        33        23        28        33        17        28        23        23        17        16        14        16        13        9         27        18        9         8         5         21        28        0         10        31        23        41        27        27        23        28        23        32        28        27        21        21        18        17        17        13        23        23        14        5         0         26        23        5         5         30        30        
N19<19,19>21        13        22        29        32        35        50        33        28        32        22        28        19        23        15        5         0         8         18        24        38        50        38        37        37        19        18        32        14        15        21        3         18        29        23        10        15        36        38        38        28        33        38        22        33        28        28        22        21        19        21        18        14        32        23        14        3         0         24        33        5         15        36        28        46        32        32        28        33        28        37        33        32        26        26        23        22        22        18        28        28        19        0         5         29        28        10        10        35        35        
N4<4,4>   21        5         14        21        32        35        50        33        28        32        22        28        19        23        23        13        8         0         10        16        38        50        38        37        37        19        18        32        14        23        29        11        10        21        23        18        23        36        38        38        28        33        38        22        33        28        28        22        21        19        21        18        14        32        23        14        11        8         16        25        13        23        36        28        46        32        32        28        33        28        37        33        32        26        26        23        22        22        18        28        28        19        8         13        21        28        18        18        35        35        
N10<10,10>11        5         14        11        22        25        40        23        18        22        12        18        9         13        15        10        15        10        0         6         28        40        28        27        27        9         8         22        4         15        21        18        0         11        13        15        15        26        28        28        18        23        28        12        23        18        18        12        11        9         11        8         4         22        13        4         18        15        6         15        10        15        26        18        36        22        22        18        23        18        27        23        22        16        16        13        12        12        8         18        18        9         15        10        11        18        15        15        25        25        
N22<22,22>17        11        10        5         28        31        46        19        22        18        18        24        15        19        21        16        21        16        6         0         34        46        34        33        33        15        14        18        10        21        27        24        6         5         19        21        21        32        34        34        24        29        34        18        19        14        22        18        17        15        17        14        10        18        19        10        24        21        0         9         16        21        32        24        42        28        28        24        29        24        23        19        18        22        22        19        18        18        14        14        14        15        21        16        5         14        21        21        31        31        
A1<9,31>  20        40        34        29        16        27        4         15        13        17        18        27        22        25        35        32        37        37        35        29        22        4         8         21        21        29        22        17        26        35        41        40        35        29        25        37        35        20        8         22        12        7         8         18        15        20        13        18        20        29        20        22        26        17        25        26        40        37        29        25        32        35        20        27        0         16        16        12        7         12        19        15        17        15        15        25        18        18        22        20        20        22        37        32        29        20        37        37        27        27        
A2<30,29> 13        34        28        23        9         20        17        12        6         10        11        20        15        19        28        25        30        30        29        23        15        17        5         14        14        22        15        10        19        28        34        33        29        23        19        30        28        13        5         15        5         0         5         11        12        14        6         11        13        22        13        15        19        10        19        19        33        30        23        19        25        28        13        20        13        9         9         5         0         5         15        12        10        8         8         18        11        11        15        14        14        15        30        25        23        14        30        30        20        20        
A3<6,15>  7         28        22        17        17        28        35        13        0         4         7         28        9         13        25        20        25        25        23        17        23        35        23        22        22        19        11        4         14        25        31        28        23        17        13        25        25        21        23        23        13        18        23        7         13        8         0         7         7         19        7         11        14        4         13        14        28        25        17        13        20        25        21        28        31        17        17        13        18        13        9         13        4         2         2         23        7         7         11        8         8         9         25        20        17        8         25        25        28        28        
A4<35,34> 9         29        30        25        15        20        33        25        12        16        5         13        12        16        10        19        24        24        26        20        21        33        21        20        20        4         9         16        13        10        16        21        26        25        16        15        10        19        21        21        11        16        21        5         25        20        12        5         9         4         9         9         13        16        16        13        21        24        20        25        19        10        19        13        29        15        15        11        16        11        21        25        16        10        10        0         5         5         9         20        20        12        24        19        25        20        15        15        20        20        
A5<35,2>  28        33        42        44        18        7         36        39        31        35        24        0         31        35        29        23        22        28        38        39        24        36        32        15        15        23        28        35        32        29        14        19        38        44        35        28        29        14        32        24        22        27        32        24        39        39        31        24        28        23        28        28        32        35        35        32        19        22        39        44        23        29        14        0         32        18        18        22        27        22        40        39        35        29        29        19        24        24        28        39        39        31        22        23        44        39        28        28        7         7         
A6<7,2>   28        33        42        44        18        7         36        39        31        35        24        0         31        35        29        23        22        28        38        39        24        36        32        15        15        23        28        35        32        29        14        19        38        44        35        28        29        14        32        24        22        27        32        24        39        39        31        24        28        23        28        28        32        35        35        32        19        22        39        44        23        29        14        0         32        18        18        22        27        22        40        39        35        29        29        19        24        24        28        39        39        31        22        23        44        39        28        28        7         7         
A7<12,1>  0         22        21        16        14        25        32        17        7         11        4         22        3         7         19        14        19        19        17        11        20        32        20        19        19        13        8         11        8         19        25        22        17        16        7         19        19        18        20        20        10        15        20        4         17        12        7         4         0         13        0         8         8         11        7         8         22        19        11        17        14        19        18        22        28        14        14        10        15        10        16        17        11        5         5         17        4         4         8         12        12        3         19        14        16        12        19        19        25        25        
A8<16,11> 12        19        18        13        23        26        41        14        17        13        13        19        0         4         16        11        16        16        14        8         29        41        29        28        28        10        9         13        5         16        22        19        14        13        4         16        16        27        29        29        19        24        29        13        14        9         17        13        12        10        12        9         5         13        4         5         19        16        8         14        11        16        27        19        37        23        23        19        24        19        18        14        13        17        17        14        13        13        9         9         9         0         16        11        13        9         16        16        26        26        
A9<8,7>   13        26        34        29        19        16        37        29        16        20        9         9         16        20        6         16        20        21        30        24        25        37        25        24        24        0         13        20        15        6         12        17        30        29        20        11        6         23        25        25        15        20        25        9         29        24        16        9         13        0         13        13        15        20        20        15        17        20        24        29        16        6         23        9         33        19        19        15        20        15        25        29        20        14        14        4         9         9         13        24        24        16        20        16        29        24        11        11        16        16        
A10<17,3> 25        19        28        35        36        39        54        37        32        36        26        32        23        27        19        9         8         14        24        30        42        54        42        41        41        23        22        36        18        19        0         5         24        35        27        14        19        40        42        42        32        37        42        26        37        32        32        26        25        23        25        22        18        36        27        18        5         8         30        37        9         19        40        32        50        36        36        32        37        32        41        37        36        30        30        27        26        26        22        32        32        23        8         9         35        32        14        14        39        39        
A11<3,18> 20        14        23        30        31        34        49        32        27        31        21        27        18        22        14        4         3         9         19        25        37        49        37        36        36        18        17        31        13        14        20        0         19        30        22        9         14        35        37        37        27        32        37        21        32        27        27        21        20        18        20        17        13        31        22        13        0         3         25        32        4         14        35        27        45        31        31        27        32        27        36        32        31        25        25        22        21        21        17        27        27        18        3         4         30        27        9         9         34        34        
A12<18,20>16        10        19        26        27        30        45        28        23        27        17        23        14        18        10        0         5         5         15        21        33        45        33        32        32        14        13        27        9         10        16        8         15        26        18        5         10        31        33        33        23        28        33        17        28        23        23        17        16        14        16        13        9         27        18        9         8         5         21        28        0         10        31        23        41        27        27        23        28        23        32        28        27        21        21        18        17        17        13        23        23        14        5         0         26        23        5         5         30        30        
A13<10,8> 7         16        23        18        18        21        36        19        14        18        8         14        5         9         11        6         11        11        19        13        24        36        24        23        23        5         4         18        0         11        17        14        19        18        9         11        11        22        24        24        14        19        24        8         19        14        14        8         7         5         7         4         0         18        9         0         14        11        13        19        6         11        22        14        32        18        18        14        19        14        23        19        18        12        12        9         8         8         4         14        14        5         11        6         18        14        11        11        21        21        
A14<24,5> 23        9         0         11        34        37        52        25        28        24        24        30        21        25        27        22        22        14        12        6         40        52        40        39        39        21        20        24        16        27        33        25        12        11        25        27        27        38        40        40        30        35        40        24        25        20        28        24        23        21        23        20        16        24        25        16        25        22        6         15        22        27        38        30        48        34        34        30        35        30        29        25        24        28        28        25        24        24        20        20        20        21        22        22        11        20        27        27        37        37        
A15<23,22>17        11        10        5         28        31        46        19        22        18        18        24        15        19        21        16        21        16        6         0         34        46        34        33        33        15        14        18        10        21        27        24        6         5         19        21        21        32        34        34        24        29        34        18        19        14        22        18        17        15        17        14        10        18        19        10        24        21        0         9         16        21        32        24        42        28        28        24        29        24        23        19        18        22        22        19        18        18        14        14        14        15        21        16        5         14        21        21        31        31        
A16<40,8> 7         16        23        18        18        21        36        19        14        18        8         14        5         9         11        6         11        11        19        13        24        36        24        23        23        5         4         18        0         11        17        14        19        18        9         11        11        22        24        24        14        19        24        8         19        14        14        8         7         5         7         4         0         18        9         0         14        11        13        19        6         11        22        14        32        18        18        14        19        14        23        19        18        12        12        9         8         8         4         14        14        5         11        6         18        14        11        11        21        21        
A17<17,39>19        32        40        35        25        22        43        35        22        26        15        15        22        26        12        22        26        27        36        30        31        43        31        30        30        6         19        26        21        12        18        23        36        35        26        17        12        29        31        31        21        26        31        15        35        30        22        15        19        6         19        19        21        26        26        21        23        26        30        35        22        12        29        15        39        25        25        21        26        21        31        35        26        20        20        10        15        15        19        30        30        22        26        22        35        30        17        17        22        22        
A18<37,36>16        36        37        32        8         5         26        29        19        23        12        9         19        23        17        26        31        31        33        27        14        26        22        3         3         11        16        23        20        17        23        28        33        32        23        22        17        12        22        14        12        17        22        12        29        27        19        12        16        11        16        16        20        23        23        20        28        31        27        32        26        17        12        9         22        8         8         12        17        12        28        29        23        17        17        7         12        12        16        27        27        19        31        26        32        27        22        22        5         5         
E1<6,31>  20        40        34        29        16        27        4         15        13        17        18        27        22        25        35        32        37        37        35        29        22        4         8         21        21        29        22        17        26        35        41        40        35        29        25        37        35        20        8         22        12        7         8         18        15        20        13        18        20        29        20        22        26        17        25        26        40        37        29        25        32        35        20        27        0         16        16        12        7         12        19        15        17        15        15        25        18        18        22        20        20        22        37        32        29        20        37        37        27        27        
E2<9,33>  14        34        35        30        0         11        18        21        15        19        10        11        17        21        19        24        29        29        31        25        6         18        14        5         5         13        14        19        18        19        25        30        31        30        21        24        19        4         14        6         4         9         14        10        21        23        15        10        14        13        14        14        18        19        21        18        30        29        25        28        24        19        4         11        14        0         0         4         9         4         24        21        19        15        15        9         10        10        14        23        23        17        29        24        30        23        24        24        11        11        
E3<32,33> 14        34        35        30        0         11        18        21        15        19        10        11        17        21        19        24        29        29        31        25        6         18        14        5         5         13        14        19        18        19        25        30        31        30        21        24        19        4         14        6         4         9         14        10        21        23        15        10        14        13        14        14        18        19        21        18        30        29        25        28        24        19        4         11        14        0         0         4         9         4         24        21        19        15        15        9         10        10        14        23        23        17        29        24        30        23        24        24        11        11        
E4<29,32> 10        30        31        26        4         15        22        17        11        15        6         15        13        17        23        20        25        25        27        21        10        22        10        9         9         17        10        15        14        23        29        28        27        26        17        25        23        8         10        10        0         5         10        6         17        19        11        6         10        17        10        10        14        15        17        14        28        25        21        24        20        23        8         15        18        4         4         0         5         0         20        17        15        11        11        13        6         6         10        19        19        13        25        20        26        19        25        25        15        15        
E5<6,29>  13        34        28        23        9         20        17        12        6         10        11        20        15        19        28        25        30        30        29        23        15        17        5         14        14        22        15        10        19        28        34        33        29        23        19        30        28        13        5         15        5         0         5         11        12        14        6         11        13        22        13        15        19        10        19        19        33        30        23        19        25        28        13        20        13        9         9         5         0         5         15        12        10        8         8         18        11        11        15        14        14        15        30        25        23        14        30        30        20        20        
E6<13,32> 10        30        31        26        4         15        22        17        11        15        6         15        13        17        23        20        25        25        27        21        10        22        10        9         9         17        10        15        14        23        29        28        27        26        17        25        23        8         10        10        0         5         10        6         17        19        11        6         10        17        10        10        14        15        17        14        28        25        21        24        20        23        8         15        18        4         4         0         5         0         20        17        15        11        11        13        6         6         10        19        19        13        25        20        26        19        25        25        15        15        
E7<27,28> 11        29        23        18        21        32        39        4         4         5         11        29        10        14        26        21        26        26        24        18        27        39        27        26        26        20        15        5         15        26        32        29        24        18        14        26        26        25        27        27        17        22        27        11        4         9         4         11        11        20        11        15        15        5         14        15        29        26        18        14        21        26        25        29        35        21        21        17        22        17        0         4         5         6         6         24        11        11        15        9         9         10        26        21        18        9         26        26        32        32        
E8<26,27> 15        25        19        14        25        36        43        0         8         9         15        33        14        10        30        25        30        30        20        14        31        43        31        30        30        24        19        9         19        30        36        33        20        14        10        30        30        29        31        31        21        26        31        15        0         5         8         15        15        24        15        19        19        9         10        19        33        30        14        10        25        30        29        33        39        25        25        21        26        21        4         0         9         10        10        28        15        15        19        5         5         14        30        25        14        5         30        30        36        36        
E9<15,16> 11        24        18        13        21        31        39        9         4         0         11        24        5         9         21        16        21        21        19        13        27        39        27        26        26        15        14        0         10        21        27        24        19        13        9         21        21        25        27        27        17        22        27        11        9         4         4         11        11        15        11        14        10        0         9         10        24        21        13        9         16        21        25        24        35        21        21        17        22        17        5         9         0         6         6         19        11        11        14        4         4         5         21        16        13        4         21        21        31        31        
E10<13,14>5         27        24        19        15        26        33        15        2         6         5         26        8         12        24        19        24        24        22        16        21        33        21        20        20        18        9         6         13        24        30        27        22        19        12        24        24        19        21        21        11        16        21        5         15        10        2         5         5         18        5         9         13        6         12        13        27        24        16        15        19        24        19        26        29        15        15        11        16        11        11        15        6         0         0         22        5         5         9         10        10        8         24        19        19        10        24        24        26        26        
E11<1,14> 5         27        24        19        15        26        33        15        2         6         5         26        8         12        24        19        24        24        22        16        21        33        21        20        20        18        9         6         13        24        30        27        22        19        12        24        24        19        21        21        11        16        21        5         15        10        2         5         5         18        5         9         13        6         12        13        27        24        16        15        19        24        19        26        29        15        15        11        16        11        11        15        6         0         0         22        5         5         9         10        10        8         24        19        19        10        24        24        26        26        
E12<7,34> 9         29        30        25        15        20        33        25        12        16        5         13        12        16        10        19        24        24        26        20        21        33        21        20        20        4         9         16        13        10        16        21        26        25        16        15        10        19        21        21        11        16        21        5         25        20        12        5         9         4         9         9         13        16        16        13        21        24        20        25        19        10        19        13        29        15        15        11        16        11        21        25        16        10        10        0         5         5         9         20        20        12        24        19        25        20        15        15        20        20        
E13<1,13> 4         24        25        20        10        21        28        20        7         11        0         21        7         11        19        14        19        19        21        15        16        28        16        15        15        13        4         11        8         19        25        22        21        20        11        19        19        14        16        16        6         11        16        0         20        15        7         0         4         13        4         4         8         11        11        8         22        19        15        20        14        19        14        21        24        10        10        6         11        6         16        20        11        5         5         17        0         0         4         15        15        7         19        14        20        15        19        19        21        21        
E14<12,13>4         24        25        20        10        21        28        20        7         11        0         21        7         11        19        14        19        19        21        15        16        28        16        15        15        13        4         11        8         19        25        22        21        20        11        19        19        14        16        16        6         11        16        0         20        15        7         0         4         13        4         4         8         11        11        8         22        19        15        20        14        19        14        21        24        10        10        6         11        6         16        20        11        5         5         17        0         0         4         15        15        7         19        14        20        15        19        19        21        21        
E15<8,12> 3         20        24        19        14        25        32        20        10        14        4         18        6         10        15        10        15        15        20        14        20        32        20        19        19        9         0         14        4         15        21        18        20        19        10        15        15        18        20        20        10        15        20        4         20        15        10        4         3         9         3         0         4         14        10        4         18        15        14        20        10        15        18        18        28        14        14        10        15        10        19        20        14        8         8         13        4         4         0         15        15        6         15        10        19        15        15        15        25        25        
E16<16,26>15        20        14        9         25        35        43        5         8         4         15        28        9         5         25        20        25        25        15        9         31        43        31        30        30        19        18        4         14        25        31        28        15        9         5         25        25        29        31        31        21        26        31        15        5         0         8         15        15        19        15        18        14        4         5         14        28        25        9         5         20        25        29        28        39        25        25        21        26        21        9         5         4         10        10        23        15        15        18        0         0         9         25        20        9         0         25        25        35        35        
E17<23,26>15        20        14        9         25        35        43        5         8         4         15        28        9         5         25        20        25        25        15        9         31        43        31        30        30        19        18        4         14        25        31        28        15        9         5         25        25        29        31        31        21        26        31        15        5         0         8         15        15        19        15        18        14        4         5         14        28        25        9         5         20        25        29        28        39        25        25        21        26        21        9         5         4         10        10        23        15        15        18        0         0         9         25        20        9         0         25        25        35        35        
E18<8,11> 12        19        18        13        23        26        41        14        17        13        13        19        0         4         16        11        16        16        14        8         29        41        29        28        28        10        9         13        5         16        22        19        14        13        4         16        16        27        29        29        19        24        29        13        14        9         17        13        12        10        12        9         5         13        4         5         19        16        8         14        11        16        27        19        37        23        23        19        24        19        18        14        13        17        17        14        13        13        9         9         9         0         16        11        13        9         16        16        26        26        
E19<18,19>21        13        22        29        32        35        50        33        28        32        22        28        19        23        15        5         0         8         18        24        38        50        38        37        37        19        18        32        14        15        21        3         18        29        23        10        15        36        38        38        28        33        38        22        33        28        28        22        21        19        21        18        14        32        23        14        3         0         24        33        5         15        36        28        46        32        32        28        33        28        37        33        32        26        26        23        22        22        18        28        28        19        0         5         29        28        10        10        35        35        
E20<19,20>16        10        19        26        27        30        45        28        23        27        17        23        14        18        10        0         5         5         15        21        33        45        33        32        32        14        13        27        9         10        16        8         15        26        18        5         10        31        33        33        23        28        33        17        28        23        23        17        16        14        16        13        9         27        18        9         8         5         21        28        0         10        31        23        41        27        27        23        28        23        32        28        27        21        21        18        17        17        13        23        23        14        5         0         26        23        5         5         30        30        
E21<22,24>22        14        5         0         33        36        51        14        17        13        23        29        18        14        26        21        26        19        11        5         39        51        39        38        38        20        19        13        15        26        32        29        11        0         14        26        26        37        39        39        29        34        39        23        14        9         17        23        22        20        22        19        15        13        14        15        29        26        5         4         21        26        37        29        47        33        33        29        34        29        18        14        13        19        19        24        23        23        19        9         9         18        26        21        0         9         26        26        36        36        
E22<25,26>15        20        14        9         25        35        43        5         8         4         15        28        9         5         25        20        25        25        15        9         31        43        31        30        30        19        18        4         14        25        31        28        15        9         5         25        25        29        31        31        21        26        31        15        5         0         8         15        15        19        15        18        14        4         5         14        28        25        9         5         20        25        29        28        39        25        25        21        26        21        9         5         4         10        10        23        15        15        18        0         0         9         25        20        9         0         25        25        35        35        
E23<20,40>11        15        24        22        22        25        40        23        18        22        12        18        9         13        5         5         10        10        20        17        28        40        28        27        27        9         8         22        4         5         11        13        20        22        13        0         5         26        28        28        18        23        28        12        23        18        18        12        11        9         11        8         4         22        13        4         13        10        17        23        5         5         26        18        36        22        22        18        23        18        27        23        22        16        16        13        12        12        8         18        18        9         10        5         22        18        0         0         25        25        
E24<17,40>11        15        24        22        22        25        40        23        18        22        12        18        9         13        5         5         10        10        20        17        28        40        28        27        27        9         8         22        4         5         11        13        20        22        13        0         5         26        28        28        18        23        28        12        23        18        18        12        11        9         11        8         4         22        13        4         13        10        17        23        5         5         26        18        36        22        22        18        23        18        27        23        22        16        16        13        12        12        8         18        18        9         10        5         22        18        0         0         25        25        
E25<37,38>21        40        42        37        11        0         29        32        24        28        17        7         24        28        22        30        29        35        38        32        17        29        25        8         8         16        21        28        25        22        21        26        38        37        28        27        22        7         25        17        15        20        25        17        32        32        24        17        21        16        21        21        25        28        28        25        26        29        32        37        30        22        7         7         25        11        11        15        20        15        33        32        28        22        22        12        17        17        21        32        32        24        29        30        37        32        27        27        0         0         
E26<2,38> 21        40        42        37        11        0         29        32        24        28        17        7         24        28        22        30        29        35        38        32        17        29        25        8         8         16        21        28        25        22        21        26        38        37        28        27        22        7         25        17        15        20        25        17        32        32        24        17        21        16        21        21        25        28        28        25        26        29        32        37        30        22        7         7         25        11        11        15        20        15        33        32        28        22        22        12        17        17        21        32        32        24        29        30        37        32        27        27        0         0         
E1<31,6>  14        32        26        21        14        25        12        7         7         11        14        25        16        17        32        27        32        32        27        21        20        12        0         19        19        26        18        11        21        32        38        35        27        21        17        32        32        18        0         20        10        5         0         14        7         12        7         14        14        26        14        18        21        11        17        21        35        32        21        17        27        32        18        25        8         14        14        10        5         10        11        7         11        9         9         23        14        14        18        12        12        16        32        27        21        12        32        32        25        25        
E2<33,9>  20        40        41        36        6         17        12        23        21        25        16        17        23        27        25        30        35        35        37        31        0         12        16        11        11        19        20        25        24        25        31        36        37        36        27        30        25        10        16        0         10        15        16        16        23        28        21        16        20        19        20        20        24        25        27        24        36        35        31        33        30        25        10        17        8         6         6         10        15        10        27        23        25        21        21        15        16        16        20        28        28        23        35        30        36        28        30        30        17        17        
E3<33,32> 10        30        31        26        4         15        22        17        11        15        6         15        13        17        23        20        25        25        27        21        10        22        10        9         9         17        10        15        14        23        29        28        27        26        17        25        23        8         10        10        0         5         10        6         17        19        11        6         10        17        10        10        14        15        17        14        28        25        21        24        20        23        8         15        18        4         4         0         5         0         20        17        15        11        11        13        6         6         10        19        19        13        25        20        26        19        25        25        15        15        
E4<32,29> 13        34        28        23        9         20        17        12        6         10        11        20        15        19        28        25        30        30        29        23        15        17        5         14        14        22        15        10        19        28        34        33        29        23        19        30        28        13        5         15        5         0         5         11        12        14        6         11        13        22        13        15        19        10        19        19        33        30        23        19        25        28        13        20        13        9         9         5         0         5         15        12        10        8         8         18        11        11        15        14        14        15        30        25        23        14        30        30        20        20        
E5<29,6>  14        32        26        21        14        25        12        7         7         11        14        25        16        17        32        27        32        32        27        21        20        12        0         19        19        26        18        11        21        32        38        35        27        21        17        32        32        18        0         20        10        5         0         14        7         12        7         14        14        26        14        18        21        11        17        21        35        32        21        17        27        32        18        25        8         14        14        10        5         10        11        7         11        9         9         23        14        14        18        12        12        16        32        27        21        12        32        32        25        25        
E6<32,13> 4         24        25        20        10        21        28        20        7         11        0         21        7         11        19        14        19        19        21        15        16        28        16        15        15        13        4         11        8         19        25        22        21        20        11        19        19        14        16        16        6         11        16        0         20        15        7         0         4         13        4         4         8         11        11        8         22        19        15        20        14        19        14        21        24        10        10        6         11        6         16        20        11        5         5         17        0         0         4         15        15        7         19        14        20        15        19        19        21        21        
E7<28,27> 15        25        19        14        25        36        43        0         8         9         15        33        14        10        30        25        30        30        20        14        31        43        31        30        30        24        19        9         19        30        36        33        20        14        10        30        30        29        31        31        21        26        31        15        0         5         8         15        15        24        15        19        19        9         10        19        33        30        14        10        25        30        29        33        39        25        25        21        26        21        4         0         9         10        10        28        15        15        19        5         5         14        30        25        14        5         30        30        36        36        
E8<27,26> 15        20        14        9         25        35        43        5         8         4         15        28        9         5         25        20        25        25        15        9         31        43        31        30        30        19        18        4         14        25        31        28        15        9         5         25        25        29        31        31        21        26        31        15        5         0         8         15        15        19        15        18        14        4         5         14        28        25        9         5         20        25        29        28        39        25        25        21        26        21        9         5         4         10        10        23        15        15        18        0         0         9         25        20        9         0         25        25        35        35        
E9<16,15> 7         28        22        17        17        28        35        13        0         4         7         28        9         13        25        20        25        25        23        17        23        35        23        22        22        19        11        4         14        25        31        28        23        17        13        25        25        21        23        23        13        18        23        7         13        8         0         7         7         19        7         11        14        4         13        14        28        25        17        13        20        25        21        28        31        17        17        13        18        13        9         13        4         2         2         23        7         7         11        8         8         9         25        20        17        8         25        25        28        28        
E10<14,13>4         24        25        20        10        21        28        20        7         11        0         21        7         11        19        14        19        19        21        15        16        28        16        15        15        13        4         11        8         19        25        22        21        20        11        19        19        14        16        16        6         11        16        0         20        15        7         0         4         13        4         4         8         11        11        8         22        19        15        20        14        19        14        21        24        10        10        6         11        6         16        20        11        5         5         17        0         0         4         15        15        7         19        14        20        15        19        19        21        21        
E11<14,1> 0         22        21        16        14        25        32        17        7         11        4         22        3         7         19        14        19        19        17        11        20        32        20        19        19        13        8         11        8         19        25        22        17        16        7         19        19        18        20        20        10        15        20        4         17        12        7         4         0         13        0         8         8         11        7         8         22        19        11        17        14        19        18        22        28        14        14        10        15        10        16        17        11        5         5         17        4         4         8         12        12        3         19        14        16        12        19        19        25        25        
E12<34,7> 13        26        34        29        19        16        37        29        16        20        9         9         16        20        6         16        20        21        30        24        25        37        25        24        24        0         13        20        15        6         12        17        30        29        20        11        6         23        25        25        15        20        25        9         29        24        16        9         13        0         13        13        15        20        20        15        17        20        24        29        16        6         23        9         33        19        19        15        20        15        25        29        20        14        14        4         9         9         13        24        24        16        20        16        29        24        11        11        16        16        
E13<13,1> 0         22        21        16        14        25        32        17        7         11        4         22        3         7         19        14        19        19        17        11        20        32        20        19        19        13        8         11        8         19        25        22        17        16        7         19        19        18        20        20        10        15        20        4         17        12        7         4         0         13        0         8         8         11        7         8         22        19        11        17        14        19        18        22        28        14        14        10        15        10        16        17        11        5         5         17        4         4         8         12        12        3         19        14        16        12        19        19        25        25        
E14<13,12>3         20        24        19        14        25        32        20        10        14        4         18        6         10        15        10        15        15        20        14        20        32        20        19        19        9         0         14        4         15        21        18        20        19        10        15        15        18        20        20        10        15        20        4         20        15        10        4         3         9         3         0         4         14        10        4         18        15        14        20        10        15        18        18        28        14        14        10        15        10        19        20        14        8         8         13        4         4         0         15        15        6         15        10        19        15        15        15        25        25        
E15<12,8> 7         16        23        18        18        21        36        19        14        18        8         14        5         9         11        6         11        11        19        13        24        36        24        23        23        5         4         18        0         11        17        14        19        18        9         11        11        22        24        24        14        19        24        8         19        14        14        8         7         5         7         4         0         18        9         0         14        11        13        19        6         11        22        14        32        18        18        14        19        14        23        19        18        12        12        9         8         8         4         14        14        5         11        6         18        14        11        11        21        21        
E16<26,16>11        24        18        13        21        31        39        9         4         0         11        24        5         9         21        16        21        21        19        13        27        39        27        26        26        15        14        0         10        21        27        24        19        13        9         21        21        25        27        27        17        22        27        11        9         4         4         11        11        15        11        14        10        0         9         10        24        21        13        9         16        21        25        24        35        21        21        17        22        17        5         9         0         6         6         19        11        11        14        4         4         5         21        16        13        4         21        21        31        31        
E17<26,23>16        15        14        9         27        30        45        10        13        9         17        23        4         0         20        15        20        20        10        4         33        45        33        32        32        14        13        9         9         20        26        23        10        9         0         20        20        31        33        33        23        28        33        17        10        5         13        17        16        14        16        13        9         9         0         9         23        20        4         10        15        20        31        23        41        27        27        23        28        23        14        10        9         15        15        18        17        17        13        5         5         4         20        15        9         5         20        20        30        30        
E18<11,8> 7         16        23        18        18        21        36        19        14        18        8         14        5         9         11        6         11        11        19        13        24        36        24        23        23        5         4         18        0         11        17        14        19        18        9         11        11        22        24        24        14        19        24        8         19        14        14        8         7         5         7         4         0         18        9         0         14        11        13        19        6         11        22        14        32        18        18        14        19        14        23        19        18        12        12        9         8         8         4         14        14        5         11        6         18        14        11        11        21        21        
E19<19,18>20        14        23        30        31        34        49        32        27        31        21        27        18        22        14        4         3         9         19        25        37        49        37        36        36        18        17        31        13        14        20        0         19        30        22        9         14        35        37        37        27        32        37        21        32        27        27        21        20        18        20        17        13        31        22        13        0         3         25        32        4         14        35        27        45        31        31        27        32        27        36        32        31        25        25        22        21        21        17        27        27        18        3         4         30        27        9         9         34        34        
E20<20,19>21        13        22        29        32        35        50        33        28        32        22        28        19        23        15        5         0         8         18        24        38        50        38        37        37        19        18        32        14        15        21        3         18        29        23        10        15        36        38        38        28        33        38        22        33        28        28        22        21        19        21        18        14        32        23        14        3         0         24        33        5         15        36        28        46        32        32        28        33        28        37        33        32        26        26        23        22        22        18        28        28        19        0         5         29        28        10        10        35        35        
E21<24,22>17        11        10        5         28        31        46        19        22        18        18        24        15        19        21        16        21        16        6         0         34        46        34        33        33        15        14        18        10        21        27        24        6         5         19        21        21        32        34        34        24        29        34        18        19        14        22        18        17        15        17        14        10        18        19        10        24        21        0         9         16        21        32        24        42        28        28        24        29        24        23        19        18        22        22        19        18        18        14        14        14        15        21        16        5         14        21        21        31        31        
E22<26,25>20        18        9         4         30        40        48        10        13        9         20        33        14        10        30        25        30        23        15        9         36        48        36        35        35        24        23        9         19        30        36        33        15        4         10        30        30        34        36        36        26        31        36        20        10        5         13        20        20        24        20        23        19        9         10        19        33        30        9         0         25        30        34        33        44        30        30        26        31        26        14        10        9         15        15        28        20        20        23        5         5         14        30        25        4         5         30        30        40        40        
E23<40,20>16        10        19        26        27        30        45        28        23        27        17        23        14        18        10        0         5         5         15        21        33        45        33        32        32        14        13        27        9         10        16        8         15        26        18        5         10        31        33        33        23        28        33        17        28        23        23        17        16        14        16        13        9         27        18        9         8         5         21        28        0         10        31        23        41        27        27        23        28        23        32        28        27        21        21        18        17        17        13        23        23        14        5         0         26        23        5         5         30        30        
E24<40,17>16        20        29        27        27        25        45        28        23        27        17        18        14        18        0         10        14        15        25        22        33        45        33        32        32        9         13        27        9         0         6         11        25        27        18        5         0         31        33        33        23        28        33        17        28        23        23        17        16        9         16        13        9         27        18        9         11        14        22        28        10        0         31        18        41        27        27        23        28        23        32        28        27        21        21        13        17        17        13        23        23        14        14        10        27        23        5         5         25        25        
E25<38,37>18        38        39        34        4         7         22        25        19        23        14        14        21        25        22        28        33        33        35        29        10        22        18        8         8         16        18        23        22        22        28        33        35        34        25        27        22        0         18        10        8         13        18        14        25        27        19        14        18        16        18        18        22        23        25        22        33        33        29        32        28        22        0         14        18        4         4         8         13        8         28        25        23        19        19        12        14        14        18        27        27        21        33        28        34        27        27        27        7         7         
E26<38,2> 28        33        42        44        18        7         36        39        31        35        24        0         31        35        29        23        22        28        38        39        24        36        32        15        15        23        28        35        32        29        14        19        38        44        35        28        29        14        32        24        22        27        32        24        39        39        31        24        28        23        28        28        32        35        35        32        19        22        39        44        23        29        14        0         32        18        18        22        27        22        40        39        35        29        29        19        24        24        28        39        39        31        22        23        44        39        28        28        7         7         
