Data =>
	instName=TWC13A
	optimalValue=-1
	vehicles=-1
	capacity=50
	depotNode=1
	nodes=13
	arcs=12
	edges=11
	requiredN=4
	requiredA=9
	requiredE=9
nodes dist:
0		-1		-1		-1		-1		-1		-1		-1		-1		-1		-1		-1		-1		-1		
-1		0		15		6		4		7		10		14		9		22		19		11		9		9		
-1		3		0		6		7		10		11		12		6		7		4		13		9		5		
-1		4		13		0		2		5		8		12		7		20		17		9		3		3		
-1		6		11		2		0		3		6		10		5		18		15		7		5		5		
-1		17		14		15		13		0		3		7		8		21		18		4		18		18		
-1		14		11		12		10		3		0		4		5		18		15		2		15		15		
-1		18		15		16		14		7		4		0		9		22		19		6		19		19		
-1		9		6		7		5		8		5		9		0		13		10		7		10		10		
-1		13		10		11		9		12		9		5		4		0		3		11		14		14		
-1		16		13		14		12		15		12		8		7		3		0		14		17		17		
-1		16		13		14		12		4		2		3		7		20		17		0		17		17		
-1		7		16		3		5		3		6		10		10		23		20		7		0		6		
-1		7		16		3		5		8		11		15		10		23		20		12		5		0		
tasks dist:
          N1<1,1>   N2<2,2>   N3<3,3>   N6<6,6>   N4<4,4>   A1<9,7>   A2<9,8>   A3<2,1>   A4<2,3>   A5<3,1>   A6<1,4>   A7<11,7>  A8<12,5>  A9<13,12> E1<9,10>  E2<2,8>   E3<4,8>   E4<6,8>   E5<6,7>   E6<6,11>  E7<5,11>  E8<3,12>  E9<3,13>  E1<10,9>  E2<8,2>   E3<8,4>   E4<8,6>   E5<7,6>   E6<11,6>  E7<11,5>  E8<12,3>  E9<13,3>  
N1<1,1>   0         15        6         10        4         22        22        15        15        6         0         11        9         9         22        15        4         10        10        10        7         6         6         19        9         9         9         14        11        11        9         9         
N2<2,2>   3         0         6         11        7         7         7         0         0         6         3         13        9         5         7         0         7         11        11        11        10        6         6         4         6         6         6         12        13        13        9         5         
N3<3,3>   4         13        0         8         2         20        20        13        13        0         4         9         3         3         20        13        2         8         8         8         5         0         0         17        7         7         7         12        9         9         3         3         
N6<6,6>   14        11        12        0         10        18        18        11        11        12        14        2         15        15        18        11        10        0         0         0         3         12        12        15        5         5         5         4         2         2         15        15        
N4<4,4>   6         11        2         6         0         18        18        11        11        2         6         7         5         5         18        11        0         6         6         6         3         2         2         15        5         5         5         10        7         7         5         5         
A1<9,7>   18        15        16        4         14        22        22        15        15        16        18        6         19        19        22        15        14        4         4         4         7         16        16        19        9         9         9         0         6         6         19        19        
A2<9,8>   9         6         7         5         5         13        13        6         6         7         9         7         10        10        13        6         5         5         5         5         8         7         7         10        0         0         0         9         7         7         10        10        
A3<2,1>   0         15        6         10        4         22        22        15        15        6         0         11        9         9         22        15        4         10        10        10        7         6         6         19        9         9         9         14        11        11        9         9         
A4<2,3>   4         13        0         8         2         20        20        13        13        0         4         9         3         3         20        13        2         8         8         8         5         0         0         17        7         7         7         12        9         9         3         3         
A5<3,1>   0         15        6         10        4         22        22        15        15        6         0         11        9         9         22        15        4         10        10        10        7         6         6         19        9         9         9         14        11        11        9         9         
A6<1,4>   6         11        2         6         0         18        18        11        11        2         6         7         5         5         18        11        0         6         6         6         3         2         2         15        5         5         5         10        7         7         5         5         
A7<11,7>  18        15        16        4         14        22        22        15        15        16        18        6         19        19        22        15        14        4         4         4         7         16        16        19        9         9         9         0         6         6         19        19        
A8<12,5>  17        14        15        3         13        21        21        14        14        15        17        4         18        18        21        14        13        3         3         3         0         15        15        18        8         8         8         7         4         4         18        18        
A9<13,12> 7         16        3         6         5         23        23        16        16        3         7         7         0         6         23        16        5         6         6         6         3         3         3         20        10        10        10        10        7         7         0         6         
E1<9,10>  16        13        14        12        12        3         3         13        13        14        16        14        17        17        3         13        12        12        12        12        15        14        14        0         7         7         7         8         14        14        17        17        
E2<2,8>   9         6         7         5         5         13        13        6         6         7         9         7         10        10        13        6         5         5         5         5         8         7         7         10        0         0         0         9         7         7         10        10        
E3<4,8>   9         6         7         5         5         13        13        6         6         7         9         7         10        10        13        6         5         5         5         5         8         7         7         10        0         0         0         9         7         7         10        10        
E4<6,8>   9         6         7         5         5         13        13        6         6         7         9         7         10        10        13        6         5         5         5         5         8         7         7         10        0         0         0         9         7         7         10        10        
E5<6,7>   18        15        16        4         14        22        22        15        15        16        18        6         19        19        22        15        14        4         4         4         7         16        16        19        9         9         9         0         6         6         19        19        
E6<6,11>  16        13        14        2         12        20        20        13        13        14        16        0         17        17        20        13        12        2         2         2         4         14        14        17        7         7         7         3         0         0         17        17        
E7<5,11>  16        13        14        2         12        20        20        13        13        14        16        0         17        17        20        13        12        2         2         2         4         14        14        17        7         7         7         3         0         0         17        17        
E8<3,12>  7         16        3         6         5         23        23        16        16        3         7         7         0         6         23        16        5         6         6         6         3         3         3         20        10        10        10        10        7         7         0         6         
E9<3,13>  7         16        3         11        5         23        23        16        16        3         7         12        5         0         23        16        5         11        11        11        8         3         3         20        10        10        10        15        12        12        5         0         
E1<10,9>  13        10        11        9         9         0         0         10        10        11        13        11        14        14        0         10        9         9         9         9         12        11        11        3         4         4         4         5         11        11        14        14        
E2<8,2>   3         0         6         11        7         7         7         0         0         6         3         13        9         5         7         0         7         11        11        11        10        6         6         4         6         6         6         12        13        13        9         5         
E3<8,4>   6         11        2         6         0         18        18        11        11        2         6         7         5         5         18        11        0         6         6         6         3         2         2         15        5         5         5         10        7         7         5         5         
E4<8,6>   14        11        12        0         10        18        18        11        11        12        14        2         15        15        18        11        10        0         0         0         3         12        12        15        5         5         5         4         2         2         15        15        
E5<7,6>   14        11        12        0         10        18        18        11        11        12        14        2         15        15        18        11        10        0         0         0         3         12        12        15        5         5         5         4         2         2         15        15        
E6<11,6>  14        11        12        0         10        18        18        11        11        12        14        2         15        15        18        11        10        0         0         0         3         12        12        15        5         5         5         4         2         2         15        15        
E7<11,5>  17        14        15        3         13        21        21        14        14        15        17        4         18        18        21        14        13        3         3         3         0         15        15        18        8         8         8         7         4         4         18        18        
E8<12,3>  4         13        0         8         2         20        20        13        13        0         4         9         3         3         20        13        2         8         8         8         5         0         0         17        7         7         7         12        9         9         3         3         
E9<13,3>  4         13        0         8         2         20        20        13        13        0         4         9         3         3         20        13        2         8         8         8         5         0         0         17        7         7         7         12        9         9         3         3         
