Data =>
	instName=TWC13B
	optimalValue=-1
	vehicles=-1
	capacity=50
	depotNode=1
	nodes=13
	arcs=12
	edges=11
	requiredN=7
	requiredA=9
	requiredE=6
nodes dist:
0		-1		-1		-1		-1		-1		-1		-1		-1		-1		-1		-1		-1		-1		
-1		0		3		4		4		7		13		17		9		13		7		11		7		12		
-1		3		0		6		7		10		11		15		6		10		4		14		9		14		
-1		9		6		0		9		6		12		16		12		16		10		10		3		8		
-1		4		7		2		0		3		9		13		5		9		11		7		5		10		
-1		7		10		5		3		0		6		10		8		12		14		4		3		8		
-1		10		13		8		6		3		0		4		11		15		17		7		6		11		
-1		14		17		12		10		7		4		0		15		19		21		3		10		15		
-1		9		6		7		5		8		5		9		0		4		7		12		10		15		
-1		10		7		11		9		12		9		5		4		0		3		8		14		19		
-1		7		4		10		11		14		15		19		10		14		0		18		13		18		
-1		12		15		10		8		5		2		6		13		17		19		0		8		13		
-1		10		10		8		6		3		9		13		11		15		14		7		0		5		
-1		8		5		3		11		8		14		18		11		15		9		12		5		0		
tasks dist:
          N1<1,1>   N5<5,5>   N13<13,13>N8<8,8>   N9<9,9>   N2<2,2>   N6<6,6>   N11<11,11>A1<9,7>   A2<1,3>   A3<4,3>   A4<6,5>   A5<7,11>  A6<11,6>  A7<3,12>  A8<13,3>  A9<13,2>  E1<1,2>   E2<2,3>   E3<1,4>   E4<4,8>   E5<4,5>   E6<6,7>   E1<2,1>   E2<3,2>   E3<4,1>   E4<8,4>   E5<5,4>   E6<7,6>   
N1<1,1>   0         7         12        9         13        3         13        11        13        0         4         13        17        11        4         12        12        0         3         0         4         4         13        3         4         4         9         7         17        
N5<5,5>   7         0         8         8         12        10        6         4         12        7         3         6         10        4         5         8         8         7         10        7         3         3         6         10        5         3         8         0         10        
N13<13,13>8         8         0         11        15        5         14        12        15        8         11        14        18        12        3         0         0         8         5         8         11        11        14        5         3         11        11        8         18        
N8<8,8>   9         8         15        0         4         6         5         12        4         9         5         5         9         12        7         15        15        9         6         9         5         5         5         6         7         5         0         8         9         
N9<9,9>   10        12        19        4         0         7         9         8         0         10        9         9         5         8         11        19        19        10        7         10        9         9         9         7         11        9         4         12        5         
N2<2,2>   3         10        14        6         10        0         11        14        10        3         7         11        15        14        6         14        14        3         0         3         7         7         11        0         6         7         6         10        15        
N6<6,6>   10        3         11        11        15        13        0         7         15        10        6         0         4         7         8         11        11        10        13        10        6         6         0         13        8         6         11        3         4         
N11<11,11>12        5         13        13        17        15        2         0         17        12        8         2         6         0         10        13        13        12        15        12        8         8         2         15        10        8         13        5         6         
A1<9,7>   14        7         15        15        19        17        4         3         19        14        10        4         0         3         12        15        15        14        17        14        10        10        4         17        12        10        15        7         0         
A2<1,3>   9         6         8         12        16        6         12        10        16        9         9         12        16        10        0         8         8         9         6         9         9         9         12        6         0         9         12        6         16        
A3<4,3>   9         6         8         12        16        6         12        10        16        9         9         12        16        10        0         8         8         9         6         9         9         9         12        6         0         9         12        6         16        
A4<6,5>   7         0         8         8         12        10        6         4         12        7         3         6         10        4         5         8         8         7         10        7         3         3         6         10        5         3         8         0         10        
A5<7,11>  12        5         13        13        17        15        2         0         17        12        8         2         6         0         10        13        13        12        15        12        8         8         2         15        10        8         13        5         6         
A6<11,6>  10        3         11        11        15        13        0         7         15        10        6         0         4         7         8         11        11        10        13        10        6         6         0         13        8         6         11        3         4         
A7<3,12>  10        3         5         11        15        10        9         7         15        10        6         9         13        7         8         5         5         10        10        10        6         6         9         10        8         6         11        3         13        
A8<13,3>  9         6         8         12        16        6         12        10        16        9         9         12        16        10        0         8         8         9         6         9         9         9         12        6         0         9         12        6         16        
A9<13,2>  3         10        14        6         10        0         11        14        10        3         7         11        15        14        6         14        14        3         0         3         7         7         11        0         6         7         6         10        15        
E1<1,2>   3         10        14        6         10        0         11        14        10        3         7         11        15        14        6         14        14        3         0         3         7         7         11        0         6         7         6         10        15        
E2<2,3>   9         6         8         12        16        6         12        10        16        9         9         12        16        10        0         8         8         9         6         9         9         9         12        6         0         9         12        6         16        
E3<1,4>   4         3         10        5         9         7         9         7         9         4         0         9         13        7         2         10        10        4         7         4         0         0         9         7         2         0         5         3         13        
E4<4,8>   9         8         15        0         4         6         5         12        4         9         5         5         9         12        7         15        15        9         6         9         5         5         5         6         7         5         0         8         9         
E5<4,5>   7         0         8         8         12        10        6         4         12        7         3         6         10        4         5         8         8         7         10        7         3         3         6         10        5         3         8         0         10        
E6<6,7>   14        7         15        15        19        17        4         3         19        14        10        4         0         3         12        15        15        14        17        14        10        10        4         17        12        10        15        7         0         
E1<2,1>   0         7         12        9         13        3         13        11        13        0         4         13        17        11        4         12        12        0         3         0         4         4         13        3         4         4         9         7         17        
E2<3,2>   3         10        14        6         10        0         11        14        10        3         7         11        15        14        6         14        14        3         0         3         7         7         11        0         6         7         6         10        15        
E3<4,1>   0         7         12        9         13        3         13        11        13        0         4         13        17        11        4         12        12        0         3         0         4         4         13        3         4         4         9         7         17        
E4<8,4>   4         3         10        5         9         7         9         7         9         4         0         9         13        7         2         10        10        4         7         4         0         0         9         7         2         0         5         3         13        
E5<5,4>   4         3         10        5         9         7         9         7         9         4         0         9         13        7         2         10        10        4         7         4         0         0         9         7         2         0         5         3         13        
E6<7,6>   10        3         11        11        15        13        0         7         15        10        6         0         4         7         8         11        11        10        13        10        6         6         0         13        8         6         11        3         4         
