Data =>
	instName=TWC40C
	optimalValue=-1
	vehicles=-1
	capacity=75
	depotNode=1
	nodes=40
	arcs=38
	edges=31
	requiredN=20
	requiredA=25
	requiredE=18
nodes dist:
0		-1		-1		-1		-1		-1		-1		-1		-1		-1		-1		-1		-1		-1		-1		-1		-1		-1		-1		-1		-1		-1		-1		-1		-1		-1		-1		-1		-1		-1		-1		-1		-1		-1		-1		-1		-1		-1		-1		-1		-1		
-1		0		19		22		21		23		32		13		7		24		11		25		3		4		5		33		30		16		17		18		13		16		17		21		22		26		26		31		35		27		36		32		22		18		9		13		16		21		21		19		11		
-1		22		0		14		28		30		35		9		14		27		18		32		22		18		23		36		37		15		19		22		20		23		24		28		29		33		33		38		40		30		39		35		25		21		13		17		12		17		7		18		18		
-1		28		29		0		16		31		42		15		15		34		19		33		28		24		29		43		38		6		5		8		16		24		25		29		30		34		34		39		43		37		46		42		32		28		19		23		26		31		31		9		11		
-1		35		38		21		0		30		45		24		14		43		18		32		37		33		38		52		37		15		9		10		5		23		24		28		29		33		33		38		42		46		55		51		41		37		28		32		35		40		40		18		10		
-1		17		36		34		14		0		27		30		19		41		12		14		20		21		22		34		19		28		23		24		19		9		6		10		11		15		15		20		24		40		39		35		39		35		26		30		33		38		38		31		23		
-1		18		29		35		35		30		0		23		21		34		25		16		18		14		9		7		11		29		31		32		27		30		24		20		29		33		12		7		11		13		12		8		32		28		19		23		26		31		31		32		25		
-1		13		14		12		19		21		27		0		5		19		9		23		13		9		14		28		28		6		15		16		11		14		15		19		20		24		24		29		32		22		31		27		17		13		4		8		11		16		16		9		9		
-1		21		32		15		14		16		31		18		0		37		4		18		24		25		26		38		23		9		10		11		6		9		10		14		15		19		19		24		28		40		43		39		35		31		22		26		29		34		34		12		4		
-1		20		17		31		38		40		20		19		24		0		28		30		20		16		21		21		25		25		34		35		30		33		34		34		39		43		32		27		25		15		12		8		10		6		15		11		14		10		17		28		28		
-1		17		36		31		10		12		27		30		19		41		0		14		20		21		22		34		19		25		19		20		15		5		6		10		11		15		15		20		24		40		39		35		39		35		26		30		33		38		38		28		20		
-1		3		22		20		19		14		21		16		5		27		9		0		6		7		8		28		5		14		15		16		11		14		8		4		13		17		9		14		10		30		33		29		25		21		12		16		19		24		24		17		9		
-1		25		36		19		18		20		35		22		4		41		8		22		0		29		30		42		27		13		14		15		10		13		14		18		19		23		23		28		32		44		47		43		39		35		26		30		33		38		38		16		8		
-1		4		15		21		22		24		28		9		8		20		12		26		4		0		5		29		31		15		18		19		14		17		18		22		23		27		27		32		33		23		32		28		18		14		5		9		12		17		17		18		12		
-1		9		20		26		27		29		33		14		13		25		17		31		9		5		0		34		36		20		23		24		19		22		23		27		28		32		32		37		38		28		37		33		23		19		10		14		17		22		22		23		17		
-1		11		22		28		28		23		7		16		14		27		18		9		11		7		2		0		4		22		24		25		20		23		17		13		22		26		13		8		4		6		19		15		25		21		12		16		19		24		24		25		18		
-1		8		27		25		24		19		16		21		10		32		14		5		11		12		13		23		0		19		20		21		16		19		13		9		18		22		14		9		5		29		28		24		30		26		17		21		24		29		29		22		14		
-1		22		23		6		22		25		36		9		9		28		13		27		22		18		23		37		32		0		11		14		10		18		19		23		24		28		28		33		37		31		40		36		26		22		13		17		20		25		25		3		5		
-1		46		49		32		11		41		56		35		25		54		29		43		48		44		49		63		48		26		0		3		16		34		35		39		40		44		44		49		53		57		66		62		52		48		39		43		46		51		51		29		21		
-1		43		46		29		8		38		53		32		22		51		26		40		45		41		46		60		45		23		3		0		13		31		32		36		37		41		41		46		50		54		63		59		49		45		36		40		43		48		48		26		18		
-1		30		33		16		13		25		40		19		9		38		13		27		32		28		33		47		32		10		4		5		0		18		19		23		24		28		28		33		37		41		50		46		36		32		23		27		30		35		35		13		5		
-1		22		41		26		5		9		32		29		19		46		5		19		25		26		27		39		24		20		14		15		10		0		11		15		16		20		20		25		29		45		44		40		44		40		31		35		38		43		43		23		15		
-1		11		30		28		16		6		21		24		13		35		6		8		14		15		16		28		13		22		23		24		19		11		0		4		5		9		9		14		18		34		33		29		33		29		20		24		27		32		32		25		17		
-1		7		26		24		20		10		17		20		9		31		10		4		10		11		12		24		9		18		19		20		15		15		4		0		9		13		5		10		14		30		29		25		29		25		16		20		23		28		28		21		13		
-1		21		40		38		19		5		21		34		23		45		17		18		24		25		26		28		13		32		28		29		24		14		11		15		0		4		9		14		18		34		33		29		43		39		30		34		37		42		42		35		27		
-1		17		36		34		33		28		17		30		19		41		23		14		20		21		22		24		9		28		29		30		25		28		22		18		27		0		5		10		14		30		29		25		39		35		26		30		33		38		38		31		23		
-1		12		31		29		28		23		12		25		14		36		18		9		15		16		17		19		4		23		24		25		20		23		17		13		22		26		0		5		9		25		24		20		34		30		21		25		28		33		33		26		18		
-1		17		36		34		33		28		7		30		19		41		23		14		20		21		16		14		9		28		29		30		25		28		22		18		27		31		5		0		4		20		19		15		39		35		26		30		33		38		38		31		23		
-1		13		32		30		29		24		11		26		15		37		19		10		16		17		18		18		5		24		25		26		21		24		18		14		23		27		9		4		0		24		23		19		35		31		22		26		29		34		34		27		19		
-1		17		28		34		34		29		5		22		20		33		24		15		17		13		8		6		10		28		30		31		26		29		23		19		28		32		17		12		10		0		17		13		31		27		18		22		25		30		30		31		24		
-1		20		31		37		37		32		8		25		23		36		27		18		20		16		11		9		13		31		33		34		29		32		26		22		31		35		20		15		13		3		0		4		34		30		21		25		28		33		33		34		27		
-1		24		35		41		41		36		12		29		27		40		31		22		24		20		15		13		17		35		37		38		33		36		30		26		35		39		24		19		17		7		4		0		38		34		25		29		32		37		37		38		31		
-1		10		15		27		28		30		10		15		14		10		18		20		10		6		11		11		15		21		24		25		20		23		24		24		29		33		22		17		15		5		22		18		0		4		11		9		12		8		15		24		18		
-1		14		11		25		32		34		14		13		18		6		22		24		14		10		15		15		19		19		28		29		24		27		28		28		33		37		26		21		19		9		18		14		4		0		9		5		8		4		11		22		22		
-1		9		10		16		23		25		23		4		9		15		13		27		9		5		10		24		28		10		19		20		15		18		19		23		24		28		28		30		28		18		27		23		13		9		0		4		7		12		12		13		13		
-1		13		6		20		27		29		19		8		13		11		17		29		13		9		14		20		24		14		23		24		19		22		23		27		28		32		31		26		24		14		23		19		9		5		4		0		3		8		8		17		17		
-1		23		12		26		40		42		23		21		26		15		30		33		23		19		24		24		28		27		31		34		32		35		36		37		41		45		35		30		28		18		27		23		13		9		18		14		0		5		5		30		30		
-1		18		14		28		36		38		18		17		22		10		26		28		18		14		19		19		23		23		32		33		28		31		32		32		37		41		30		25		23		13		22		18		8		4		13		9		5		0		7		26		26		
-1		28		7		21		35		37		28		16		21		20		25		38		28		24		29		29		33		22		26		29		27		30		31		35		36		40		40		35		33		23		32		28		18		14		20		19		5		10		0		25		25		
-1		19		20		18		25		27		33		6		11		25		15		29		19		15		20		34		34		12		21		22		17		20		21		25		26		30		30		35		38		28		37		33		23		19		10		14		17		22		22		0		15		
-1		25		28		11		18		20		35		14		4		33		8		22		27		23		28		42		27		5		9		10		5		13		14		18		19		23		23		28		32		36		45		41		31		27		18		22		25		30		30		8		0		
tasks dist:
          N1<1,1>   N8<8,8>   N3<3,3>   N18<18,18>N10<10,10>N22<22,22>N5<5,5>   N25<25,25>N17<17,17>N31<31,31>N9<9,9>   N33<33,33>N29<29,29>N6<6,6>   N32<32,32>N28<28,28>N26<26,26>N16<16,16>N35<35,35>N13<13,13>N23<23,23>A1<9,31>  A2<30,29> A3<15,28> A4<1,14>  A5<35,2>  A6<2,3>   A7<2,7>   A8<13,12> A9<1,12>  A10<12,8> A11<11,1> A12<26,16>A13<23,26>A14<7,8>  A15<7,17> A16<3,18> A17<8,20> A18<20,18>A19<20,19>A20<19,4> A21<4,20> A22<24,5> A23<22,24>A24<24,25>A25<37,38>E1<30,31> E2<6,27>  E3<6,15>  E4<27,28> E5<13,14> E6<13,34> E7<7,34>  E8<11,16> E9<10,21> E10<5,22> E11<22,23>E12<8,40> E13<20,40>E14<17,40>E15<33,37>E16<36,37>E17<36,38>E18<2,38> E1<31,30> E2<27,6>  E3<15,6>  E4<28,27> E5<14,13> E6<34,13> E7<34,7>  E8<16,11> E9<21,10> E10<22,5> E11<23,22>E12<40,8> E13<40,20>E14<40,17>E15<37,33>E16<37,36>E17<38,36>E18<38,2> 
N1<1,1>   0         7         22        17        11        17        23        26        16        32        24        18        27        32        22        35        26        30        13        4         21        24        36        33        0         13        19        19        4         0         3         25        26        21        13        13        22        7         13        13        18        21        22        17        22        21        36        32        32        31        4         4         13        25        11        23        17        7         13        16        18        16        16        19        32        31        33        35        5         9         9         30        16        17        21        11        11        11        21        21        21        21        
N8<8,8>   21        0         15        10        4         10        16        19        9         39        37        31        40        31        35        28        19        23        26        25        14        37        43        38        21        26        32        32        25        21        24        18        19        14        18        18        15        0         6         6         11        14        15        10        15        34        43        31        31        24        25        25        18        18        4         16        10        0         6         9         31        29        29        32        39        24        38        28        26        22        22        23        9         10        14        4         4         4         34        34        34        34        
N3<3,3>   28        15        0         5         19        25        31        34        6         42        34        28        37        42        32        43        34        38        23        24        29        34        46        43        28        23        29        29        24        28        28        33        34        29        15        15        0         15        16        16        8         16        30        25        30        31        46        42        42        39        24        24        15        33        19        31        25        15        16        6         28        26        26        29        42        39        43        43        29        19        19        38        24        25        29        11        11        11        31        31        31        31        
N18<18,18>46        25        32        0         29        35        41        44        26        62        54        48        57        56        52        53        44        48        43        44        39        54        66        63        46        43        49        49        44        46        48        43        44        39        35        35        32        25        16        16        3         11        40        35        40        51        66        56        56        49        44        44        35        43        29        41        35        25        16        26        48        46        46        49        62        49        63        53        49        39        39        48        34        35        39        21        21        21        51        51        51        51        
N10<10,10>17        19        31        19        0         6         12        15        25        35        41        35        40        27        39        24        15        19        30        21        10        41        39        34        17        30        36        36        21        17        20        14        15        10        30        30        31        19        15        15        20        10        11        6         11        38        39        27        27        20        21        21        30        14        0         12        6         19        15        25        35        33        33        36        35        20        34        24        22        26        26        19        5         6         10        20        20        20        38        38        38        38        
N22<22,22>11        13        28        23        6         0         6         9         22        29        35        29        34        21        33        18        9         13        24        15        4         35        33        28        11        24        30        30        15        11        14        8         9         4         24        24        28        13        19        19        24        16        5         0         5         32        33        21        21        14        15        15        24        8         6         6         0         13        19        22        29        27        27        30        29        14        28        18        16        20        20        13        11        0         4         17        17        17        32        32        32        32        
N5<5,5>   17        19        34        23        12        6         0         15        28        35        41        35        40        27        39        24        15        19        30        21        10        41        39        34        17        30        36        36        21        17        20        14        15        10        30        30        34        19        19        19        24        14        11        6         11        38        39        27        27        20        21        21        30        14        12        0         6         19        19        28        35        33        33        36        35        20        34        24        22        26        26        19        9         6         10        23        23        23        38        38        38        38        
N25<25,25>17        19        34        29        23        22        28        0         28        25        41        35        30        17        39        14        5         9         30        21        18        41        29        24        17        30        36        36        21        17        20        14        5         18        30        30        34        19        25        25        30        33        27        22        27        38        29        17        17        10        21        21        30        14        23        28        22        19        25        28        35        33        33        36        25        10        24        14        22        26        26        9         28        22        18        23        23        23        38        38        38        38        
N17<17,17>22        9         6         11        13        19        25        28        0         36        28        22        31        36        26        37        28        32        17        18        23        28        40        37        22        17        23        23        18        22        22        27        28        23        9         9         6         9         10        10        14        22        24        19        24        25        40        36        36        33        18        18        9         27        13        25        19        9         10        0         22        20        20        23        36        33        37        37        23        13        13        32        18        19        23        5         5         5         25        25        25        25        
N31<31,31>24        27        41        37        31        30        36        39        35        0         40        34        7         12        38        17        24        17        29        20        26        40        4         13        24        29        35        35        20        24        24        22        24        26        29        29        41        27        33        33        38        41        35        30        35        37        4         12        12        19        20        20        29        22        31        36        30        27        33        35        34        32        32        35        0         19        13        17        15        25        25        17        36        30        26        31        31        31        37        37        37        37        
N9<9,9>   20        24        31        34        28        34        40        43        25        8         0         6         15        20        10        25        32        25        11        16        34        0         12        21        20        11        17        17        16        20        20        30        32        34        19        19        31        24        30        30        35        38        39        34        39        10        12        20        20        27        16        16        19        30        28        40        34        24        30        25        6         14        14        17        8         27        21        25        21        15        15        25        33        34        34        28        28        28        10        10        17        17        
N33<33,33>14        18        25        28        22        28        34        37        19        14        6         0         9         14        4         19        26        19        5         10        28        6         18        15        14        5         11        11        10        14        14        24        26        28        13        13        25        18        24        24        29        32        33        28        33        4         18        14        14        21        10        10        13        24        22        34        28        18        24        19        0         8         8         11        14        21        15        19        15        9         9         19        27        28        28        22        22        22        4         4         11        11        
N29<29,29>17        20        34        30        24        23        29        32        28        13        33        27        0         5         31        10        17        10        22        13        19        33        17        6         17        22        28        28        13        17        17        15        17        19        22        22        34        20        26        26        31        34        28        23        28        30        17        5         5         12        13        13        22        15        24        29        23        20        26        28        27        25        25        28        13        12        6         10        8         18        18        10        29        23        19        24        24        24        30        30        30        30        
N6<6,6>   18        21        35        31        25        24        30        33        29        8         34        28        13        0         32        11        12        11        23        14        20        34        12        7         18        23        29        29        14        18        18        16        12        20        23        23        35        21        27        27        32        35        29        24        29        31        12        0         0         7         14        14        23        16        25        30        24        21        27        29        28        26        26        29        8         7         7         11        9         19        19        11        30        24        20        25        25        25        31        31        31        31        
N32<32,32>10        14        27        24        18        24        30        33        21        18        10        4         5         10        0         15        22        15        9         6         24        10        22        11        10        9         15        15        6         10        10        20        22        24        15        15        27        14        20        20        25        28        29        24        29        8         22        10        10        17        6         6         15        20        18        30        24        14        20        21        4         12        12        15        18        17        11        15        11        11        11        15        23        24        24        18        18        18        8         8         15        15        
N28<28,28>13        15        30        25        19        18        24        27        24        19        37        31        24        11        35        0         9         5         26        17        14        37        23        18        13        26        32        32        17        13        16        10        9         14        26        26        30        15        21        21        26        29        23        18        23        34        23        11        11        4         17        17        26        10        19        24        18        15        21        24        31        29        29        32        19        4         18        0         18        22        22        5         24        18        14        19        19        19        34        34        34        34        
N26<26,26>12        14        29        24        18        17        23        26        23        20        36        30        25        12        34        9         0         4         25        16        13        36        24        19        12        25        31        31        16        12        15        9         0         13        25        25        29        14        20        20        25        28        22        17        22        33        24        12        12        5         16        16        25        9         18        23        17        14        20        23        30        28        28        31        20        5         19        9         17        21        21        4         23        17        13        18        18        18        33        33        33        33        
N16<16,16>8         10        25        20        14        13        19        22        19        24        32        26        29        16        30        5         14        0         21        12        9         32        28        23        8         21        27        27        12        8         11        5         14        9         21        21        25        10        16        16        21        24        18        13        18        29        28        16        16        9         12        12        21        5         14        19        13        10        16        19        26        24        24        27        24        9         23        5         13        17        17        0         19        13        9         14        14        14        29        29        29        29        
N35<35,35>13        13        20        23        17        23        29        32        14        19        11        5         14        19        9         24        31        24        0         9         27        11        23        20        13        0         6         6         9         13        13        29        31        27        8         8         20        13        19        19        24        27        28        23        28        8         23        19        19        26        9         9         8         29        17        29        23        13        19        14        5         3         3         6         19        26        20        24        14        4         4         24        22        23        27        17        17        17        8         8         8         8         
N13<13,13>4         8         21        18        12        18        24        27        15        28        20        14        23        28        18        33        27        31        9         0         22        20        32        29        4         9         15        15        0         4         4         26        27        22        9         9         21        8         14        14        19        22        23        18        23        17        32        28        28        32        0         0         9         26        12        24        18        8         14        15        14        12        12        15        28        32        29        33        5         5         5         31        17        18        22        12        12        12        17        17        17        17        
N23<23,23>7         9         24        19        10        4         10        13        18        25        31        25        30        17        29        14        5         9         20        11        0         31        29        24        7         20        26        26        11        7         10        4         5         0         20        20        24        9         15        15        20        20        9         4         9         28        29        17        17        10        11        11        20        4         10        10        4         9         15        18        25        23        23        26        25        10        24        14        12        16        16        9         15        4         0         13        13        13        28        28        28        28        
A1<9,31>  24        27        41        37        31        30        36        39        35        0         40        34        7         12        38        17        24        17        29        20        26        40        4         13        24        29        35        35        20        24        24        22        24        26        29        29        41        27        33        33        38        41        35        30        35        37        4         12        12        19        20        20        29        22        31        36        30        27        33        35        34        32        32        35        0         19        13        17        15        25        25        17        36        30        26        31        31        31        37        37        37        37        
A2<30,29> 17        20        34        30        24        23        29        32        28        13        33        27        0         5         31        10        17        10        22        13        19        33        17        6         17        22        28        28        13        17        17        15        17        19        22        22        34        20        26        26        31        34        28        23        28        30        17        5         5         12        13        13        22        15        24        29        23        20        26        28        27        25        25        28        13        12        6         10        8         18        18        10        29        23        19        24        24        24        30        30        30        30        
A3<15,28> 13        15        30        25        19        18        24        27        24        19        37        31        24        11        35        0         9         5         26        17        14        37        23        18        13        26        32        32        17        13        16        10        9         14        26        26        30        15        21        21        26        29        23        18        23        34        23        11        11        4         17        17        26        10        19        24        18        15        21        24        31        29        29        32        19        4         18        0         18        22        22        5         24        18        14        19        19        19        34        34        34        34        
A4<1,14>  9         13        26        23        17        23        29        32        20        33        25        19        28        33        23        38        32        36        14        5         27        25        37        34        9         14        20        20        5         9         9         31        32        27        14        14        26        13        19        19        24        27        28        23        28        22        37        33        33        37        5         5         14        31        17        29        23        13        19        20        19        17        17        20        33        37        34        38        0         10        10        36        22        23        27        17        17        17        22        22        22        22        
A5<35,2>  22        14        14        19        18        24        30        33        15        35        27        21        30        35        25        40        33        37        17        18        28        27        39        36        22        17        0         0         18        22        22        32        33        28        9         9         14        14        20        20        22        28        29        24        29        17        39        35        35        38        18        18        9         32        18        30        24        14        20        15        21        12        12        0         35        38        36        40        23        13        13        37        23        24        28        18        18        18        17        17        7         7         
A6<2,3>   28        15        0         5         19        25        31        34        6         42        34        28        37        42        32        43        34        38        23        24        29        34        46        43        28        23        29        29        24        28        28        33        34        29        15        15        0         15        16        16        8         16        30        25        30        31        46        42        42        39        24        24        15        33        19        31        25        15        16        6         28        26        26        29        42        39        43        43        29        19        19        38        24        25        29        11        11        11        31        31        31        31        
A7<2,7>   13        5         12        15        9         15        21        24        6         27        19        13        22        27        17        32        24        28        8         9         19        19        31        28        13        8         14        14        9         13        13        23        24        19        0         0         12        5         11        11        16        19        20        15        20        16        31        27        27        29        9         9         0         23        9         21        15        5         11        6         13        11        11        14        27        29        28        32        14        4         4         28        14        15        19        9         9         9         16        16        16        16        
A8<13,12> 25        4         19        14        8         14        20        23        13        43        41        35        44        35        39        32        23        27        30        29        18        41        47        42        25        30        36        36        29        25        0         22        23        18        22        22        19        4         10        10        15        18        19        14        19        38        47        35        35        28        29        29        22        22        8         20        14        4         10        13        35        33        33        36        43        28        42        32        30        26        26        27        13        14        18        8         8         8         38        38        38        38        
A9<1,12>  25        4         19        14        8         14        20        23        13        43        41        35        44        35        39        32        23        27        30        29        18        41        47        42        25        30        36        36        29        25        0         22        23        18        22        22        19        4         10        10        15        18        19        14        19        38        47        35        35        28        29        29        22        22        8         20        14        4         10        13        35        33        33        36        43        28        42        32        30        26        26        27        13        14        18        8         8         8         38        38        38        38        
A10<12,8> 21        0         15        10        4         10        16        19        9         39        37        31        40        31        35        28        19        23        26        25        14        37        43        38        21        26        32        32        25        21        24        18        19        14        18        18        15        0         6         6         11        14        15        10        15        34        43        31        31        24        25        25        18        18        4         16        10        0         6         9         31        29        29        32        39        24        38        28        26        22        22        23        9         10        14        4         4         4         34        34        34        34        
A11<11,1> 0         7         22        17        11        17        23        26        16        32        24        18        27        32        22        35        26        30        13        4         21        24        36        33        0         13        19        19        4         0         3         25        26        21        13        13        22        7         13        13        18        21        22        17        22        21        36        32        32        31        4         4         13        25        11        23        17        7         13        16        18        16        16        19        32        31        33        35        5         9         9         30        16        17        21        11        11        11        21        21        21        21        
A12<26,16>8         10        25        20        14        13        19        22        19        24        32        26        29        16        30        5         14        0         21        12        9         32        28        23        8         21        27        27        12        8         11        5         14        9         21        21        25        10        16        16        21        24        18        13        18        29        28        16        16        9         12        12        21        5         14        19        13        10        16        19        26        24        24        27        24        9         23        5         13        17        17        0         19        13        9         14        14        14        29        29        29        29        
A13<23,26>12        14        29        24        18        17        23        26        23        20        36        30        25        12        34        9         0         4         25        16        13        36        24        19        12        25        31        31        16        12        15        9         0         13        25        25        29        14        20        20        25        28        22        17        22        33        24        12        12        5         16        16        25        9         18        23        17        14        20        23        30        28        28        31        20        5         19        9         17        21        21        4         23        17        13        18        18        18        33        33        33        33        
A14<7,8>  21        0         15        10        4         10        16        19        9         39        37        31        40        31        35        28        19        23        26        25        14        37        43        38        21        26        32        32        25        21        24        18        19        14        18        18        15        0         6         6         11        14        15        10        15        34        43        31        31        24        25        25        18        18        4         16        10        0         6         9         31        29        29        32        39        24        38        28        26        22        22        23        9         10        14        4         4         4         34        34        34        34        
A15<7,17> 22        9         6         11        13        19        25        28        0         36        28        22        31        36        26        37        28        32        17        18        23        28        40        37        22        17        23        23        18        22        22        27        28        23        9         9         6         9         10        10        14        22        24        19        24        25        40        36        36        33        18        18        9         27        13        25        19        9         10        0         22        20        20        23        36        33        37        37        23        13        13        32        18        19        23        5         5         5         25        25        25        25        
A16<3,18> 46        25        32        0         29        35        41        44        26        62        54        48        57        56        52        53        44        48        43        44        39        54        66        63        46        43        49        49        44        46        48        43        44        39        35        35        32        25        16        16        3         11        40        35        40        51        66        56        56        49        44        44        35        43        29        41        35        25        16        26        48        46        46        49        62        49        63        53        49        39        39        48        34        35        39        21        21        21        51        51        51        51        
A17<8,20> 30        9         16        4         13        19        25        28        10        46        38        32        41        40        36        37        28        32        27        28        23        38        50        47        30        27        33        33        28        30        32        27        28        23        19        19        16        9         0         0         5         13        24        19        24        35        50        40        40        33        28        28        19        27        13        25        19        9         0         10        32        30        30        33        46        33        47        37        33        23        23        32        18        19        23        5         5         5         35        35        35        35        
A18<20,18>46        25        32        0         29        35        41        44        26        62        54        48        57        56        52        53        44        48        43        44        39        54        66        63        46        43        49        49        44        46        48        43        44        39        35        35        32        25        16        16        3         11        40        35        40        51        66        56        56        49        44        44        35        43        29        41        35        25        16        26        48        46        46        49        62        49        63        53        49        39        39        48        34        35        39        21        21        21        51        51        51        51        
A19<20,19>43        22        29        3         26        32        38        41        23        59        51        45        54        53        49        50        41        45        40        41        36        51        63        60        43        40        46        46        41        43        45        40        41        36        32        32        29        22        13        13        0         8         37        32        37        48        63        53        53        46        41        41        32        40        26        38        32        22        13        23        45        43        43        46        59        46        60        50        46        36        36        45        31        32        36        18        18        18        48        48        48        48        
A20<19,4> 35        14        21        9         18        24        30        33        15        51        43        37        46        45        41        42        33        37        32        33        28        43        55        52        35        32        38        38        33        35        37        32        33        28        24        24        21        14        5         5         10        0         29        24        29        40        55        45        45        38        33        33        24        32        18        30        24        14        5         15        37        35        35        38        51        38        52        42        38        28        28        37        23        24        28        10        10        10        40        40        40        40        
A21<4,20> 30        9         16        4         13        19        25        28        10        46        38        32        41        40        36        37        28        32        27        28        23        38        50        47        30        27        33        33        28        30        32        27        28        23        19        19        16        9         0         0         5         13        24        19        24        35        50        40        40        33        28        28        19        27        13        25        19        9         0         10        32        30        30        33        46        33        47        37        33        23        23        32        18        19        23        5         5         5         35        35        35        35        
A22<24,5> 17        19        34        23        12        6         0         15        28        35        41        35        40        27        39        24        15        19        30        21        10        41        39        34        17        30        36        36        21        17        20        14        15        10        30        30        34        19        19        19        24        14        11        6         11        38        39        27        27        20        21        21        30        14        12        0         6         19        19        28        35        33        33        36        35        20        34        24        22        26        26        19        9         6         10        23        23        23        38        38        38        38        
A23<22,24>21        23        38        28        17        11        5         4         32        29        45        39        34        21        43        18        9         13        34        25        15        45        33        28        21        34        40        40        25        21        24        18        9         15        34        34        38        23        24        24        29        19        0         11        0         42        33        21        21        14        25        25        34        18        17        5         11        23        24        32        39        37        37        40        29        14        28        18        26        30        30        13        14        11        15        27        27        27        42        42        42        42        
A24<24,25>17        19        34        29        23        22        28        0         28        25        41        35        30        17        39        14        5         9         30        21        18        41        29        24        17        30        36        36        21        17        20        14        5         18        30        30        34        19        25        25        30        33        27        22        27        38        29        17        17        10        21        21        30        14        23        28        22        19        25        28        35        33        33        36        25        10        24        14        22        26        26        9         28        22        18        23        23        23        38        38        38        38        
A25<37,38>28        21        21        26        25        31        37        40        22        28        20        14        23        28        18        33        40        33        19        24        35        20        32        29        28        19        7         7         24        28        28        38        40        35        16        16        21        21        27        27        29        35        36        31        36        10        32        28        28        35        24        24        16        38        25        37        31        21        27        22        14        5         5         7         28        35        29        33        29        20        20        33        30        31        35        25        25        25        10        10        0         0         
E1<30,31> 24        27        41        37        31        30        36        39        35        0         40        34        7         12        38        17        24        17        29        20        26        40        4         13        24        29        35        35        20        24        24        22        24        26        29        29        41        27        33        33        38        41        35        30        35        37        4         12        12        19        20        20        29        22        31        36        30        27        33        35        34        32        32        35        0         19        13        17        15        25        25        17        36        30        26        31        31        31        37        37        37        37        
E2<6,27>  17        19        34        29        23        22        28        31        28        15        41        35        20        7         39        4         5         9         30        21        18        41        19        14        17        30        36        36        21        17        20        14        5         18        30        30        34        19        25        25        30        33        27        22        27        38        19        7         7         0         21        21        30        14        23        28        22        19        25        28        35        33        33        36        15        0         14        4         16        26        26        9         28        22        18        23        23        23        38        38        38        38        
E3<6,15>  11        14        28        24        18        17        23        26        22        15        27        21        6         7         25        4         13        4         16        7         13        27        19        0         11        16        22        22        7         11        11        9         13        13        16        16        28        14        20        20        25        28        22        17        22        24        19        7         7         8         7         7         16        9         18        23        17        14        20        22        21        19        19        22        15        8         0         4         2         12        12        4         23        17        13        18        18        18        24        24        24        24        
E4<27,28> 13        15        30        25        19        18        24        27        24        19        37        31        24        11        35        0         9         5         26        17        14        37        23        18        13        26        32        32        17        13        16        10        9         14        26        26        30        15        21        21        26        29        23        18        23        34        23        11        11        4         17        17        26        10        19        24        18        15        21        24        31        29        29        32        19        4         18        0         18        22        22        5         24        18        14        19        19        19        34        34        34        34        
E5<13,14> 9         13        26        23        17        23        29        32        20        33        25        19        28        33        23        38        32        36        14        5         27        25        37        34        9         14        20        20        5         9         9         31        32        27        14        14        26        13        19        19        24        27        28        23        28        22        37        33        33        37        5         5         14        31        17        29        23        13        19        20        19        17        17        20        33        37        34        38        0         10        10        36        22        23        27        17        17        17        22        22        22        22        
E6<13,34> 9         9         16        19        13        19        25        28        10        23        15        9         18        23        13        28        28        28        4         5         23        15        27        24        9         4         10        10        5         9         9         27        28        23        4         4         16        9         15        15        20        23        24        19        24        12        27        23        23        30        5         5         4         27        13        25        19        9         15        10        9         7         7         10        23        30        24        28        10        0         0         28        18        19        23        13        13        13        12        12        12        12        
E7<7,34>  9         9         16        19        13        19        25        28        10        23        15        9         18        23        13        28        28        28        4         5         23        15        27        24        9         4         10        10        5         9         9         27        28        23        4         4         16        9         15        15        20        23        24        19        24        12        27        23        23        30        5         5         4         27        13        25        19        9         15        10        9         7         7         10        23        30        24        28        10        0         0         28        18        19        23        13        13        13        12        12        12        12        
E8<11,16> 8         10        25        20        14        13        19        22        19        24        32        26        29        16        30        5         14        0         21        12        9         32        28        23        8         21        27        27        12        8         11        5         14        9         21        21        25        10        16        16        21        24        18        13        18        29        28        16        16        9         12        12        21        5         14        19        13        10        16        19        26        24        24        27        24        9         23        5         13        17        17        0         19        13        9         14        14        14        29        29        29        29        
E9<10,21> 22        19        26        14        5         11        9         20        20        40        46        40        45        32        44        29        20        24        35        26        15        46        44        39        22        35        41        41        26        22        25        19        20        15        29        29        26        19        10        10        15        5         16        11        16        43        44        32        32        25        26        26        29        19        5         9         11        19        10        20        40        38        38        41        40        25        39        29        27        31        31        24        0         11        15        15        15        15        43        43        43        43        
E10<5,22> 11        13        28        23        6         0         6         9         22        29        35        29        34        21        33        18        9         13        24        15        4         35        33        28        11        24        30        30        15        11        14        8         9         4         24        24        28        13        19        19        24        16        5         0         5         32        33        21        21        14        15        15        24        8         6         6         0         13        19        22        29        27        27        30        29        14        28        18        16        20        20        13        11        0         4         17        17        17        32        32        32        32        
E11<22,23>7         9         24        19        10        4         10        13        18        25        31        25        30        17        29        14        5         9         20        11        0         31        29        24        7         20        26        26        11        7         10        4         5         0         20        20        24        9         15        15        20        20        9         4         9         28        29        17        17        10        11        11        20        4         10        10        4         9         15        18        25        23        23        26        25        10        24        14        12        16        16        9         15        4         0         13        13        13        28        28        28        28        
E12<8,40> 25        4         11        9         8         14        20        23        5         41        33        27        36        35        31        32        23        27        22        23        18        33        45        42        25        22        28        28        23        25        27        22        23        18        14        14        11        4         5         5         10        18        19        14        19        30        45        35        35        28        23        23        14        22        8         20        14        4         5         5         27        25        25        28        41        28        42        32        28        18        18        27        13        14        18        0         0         0         30        30        30        30        
E13<20,40>25        4         11        9         8         14        20        23        5         41        33        27        36        35        31        32        23        27        22        23        18        33        45        42        25        22        28        28        23        25        27        22        23        18        14        14        11        4         5         5         10        18        19        14        19        30        45        35        35        28        23        23        14        22        8         20        14        4         5         5         27        25        25        28        41        28        42        32        28        18        18        27        13        14        18        0         0         0         30        30        30        30        
E14<17,40>25        4         11        9         8         14        20        23        5         41        33        27        36        35        31        32        23        27        22        23        18        33        45        42        25        22        28        28        23        25        27        22        23        18        14        14        11        4         5         5         10        18        19        14        19        30        45        35        35        28        23        23        14        22        8         20        14        4         5         5         27        25        25        28        41        28        42        32        28        18        18        27        13        14        18        0         0         0         30        30        30        30        
E15<33,37>18        22        28        32        26        32        38        41        23        18        10        4         13        18        8         23        30        23        9         14        32        10        22        19        18        9         14        14        14        18        18        28        30        32        17        17        28        22        28        28        33        36        37        32        37        0         22        18        18        25        14        14        17        28        26        38        32        22        28        23        4         5         5         14        18        25        19        23        19        13        13        23        31        32        32        26        26        26        0         0         7         7         
E16<36,37>18        22        28        32        26        32        38        41        23        18        10        4         13        18        8         23        30        23        9         14        32        10        22        19        18        9         14        14        14        18        18        28        30        32        17        17        28        22        28        28        33        36        37        32        37        0         22        18        18        25        14        14        17        28        26        38        32        22        28        23        4         5         5         14        18        25        19        23        19        13        13        23        31        32        32        26        26        26        0         0         7         7         
E17<36,38>28        21        21        26        25        31        37        40        22        28        20        14        23        28        18        33        40        33        19        24        35        20        32        29        28        19        7         7         24        28        28        38        40        35        16        16        21        21        27        27        29        35        36        31        36        10        32        28        28        35        24        24        16        38        25        37        31        21        27        22        14        5         5         7         28        35        29        33        29        20        20        33        30        31        35        25        25        25        10        10        0         0         
E18<2,38> 28        21        21        26        25        31        37        40        22        28        20        14        23        28        18        33        40        33        19        24        35        20        32        29        28        19        7         7         24        28        28        38        40        35        16        16        21        21        27        27        29        35        36        31        36        10        32        28        28        35        24        24        16        38        25        37        31        21        27        22        14        5         5         7         28        35        29        33        29        20        20        33        30        31        35        25        25        25        10        10        0         0         
E1<31,30> 20        23        37        33        27        26        32        35        31        4         36        30        3         8         34        13        20        13        25        16        22        36        0         9         20        25        31        31        16        20        20        18        20        22        25        25        37        23        29        29        34        37        31        26        31        33        0         8         8         15        16        16        25        18        27        32        26        23        29        31        30        28        28        31        4         15        9         13        11        21        21        13        32        26        22        27        27        27        33        33        33        33        
E2<27,6>  18        21        35        31        25        24        30        33        29        8         34        28        13        0         32        11        12        11        23        14        20        34        12        7         18        23        29        29        14        18        18        16        12        20        23        23        35        21        27        27        32        35        29        24        29        31        12        0         0         7         14        14        23        16        25        30        24        21        27        29        28        26        26        29        8         7         7         11        9         19        19        11        30        24        20        25        25        25        31        31        31        31        
E3<15,6>  18        21        35        31        25        24        30        33        29        8         34        28        13        0         32        11        12        11        23        14        20        34        12        7         18        23        29        29        14        18        18        16        12        20        23        23        35        21        27        27        32        35        29        24        29        31        12        0         0         7         14        14        23        16        25        30        24        21        27        29        28        26        26        29        8         7         7         11        9         19        19        11        30        24        20        25        25        25        31        31        31        31        
E4<28,27> 17        19        34        29        23        22        28        31        28        15        41        35        20        7         39        4         5         9         30        21        18        41        19        14        17        30        36        36        21        17        20        14        5         18        30        30        34        19        25        25        30        33        27        22        27        38        19        7         7         0         21        21        30        14        23        28        22        19        25        28        35        33        33        36        15        0         14        4         16        26        26        9         28        22        18        23        23        23        38        38        38        38        
E5<14,13> 4         8         21        18        12        18        24        27        15        28        20        14        23        28        18        33        27        31        9         0         22        20        32        29        4         9         15        15        0         4         4         26        27        22        9         9         21        8         14        14        19        22        23        18        23        17        32        28        28        32        0         0         9         26        12        24        18        8         14        15        14        12        12        15        28        32        29        33        5         5         5         31        17        18        22        12        12        12        17        17        17        17        
E6<34,13> 4         8         21        18        12        18        24        27        15        28        20        14        23        28        18        33        27        31        9         0         22        20        32        29        4         9         15        15        0         4         4         26        27        22        9         9         21        8         14        14        19        22        23        18        23        17        32        28        28        32        0         0         9         26        12        24        18        8         14        15        14        12        12        15        28        32        29        33        5         5         5         31        17        18        22        12        12        12        17        17        17        17        
E7<34,7>  13        5         12        15        9         15        21        24        6         27        19        13        22        27        17        32        24        28        8         9         19        19        31        28        13        8         14        14        9         13        13        23        24        19        0         0         12        5         11        11        16        19        20        15        20        16        31        27        27        29        9         9         0         23        9         21        15        5         11        6         13        11        11        14        27        29        28        32        14        4         4         28        14        15        19        9         9         9         16        16        16        16        
E8<16,11> 3         5         20        15        9         8         14        17        14        29        27        21        30        21        25        10        9         5         16        7         4         27        33        28        3         16        22        22        7         3         6         0         9         4         16        16        20        5         11        11        16        19        13        8         13        24        33        21        21        14        7         7         16        0         9         14        8         5         11        14        21        19        19        22        29        14        28        10        8         12        12        5         14        8         4         9         9         9         24        24        24        24        
E9<21,10> 17        19        31        19        0         6         12        15        25        35        41        35        40        27        39        24        15        19        30        21        10        41        39        34        17        30        36        36        21        17        20        14        15        10        30        30        31        19        15        15        20        10        11        6         11        38        39        27        27        20        21        21        30        14        0         12        6         19        15        25        35        33        33        36        35        20        34        24        22        26        26        19        5         6         10        20        20        20        38        38        38        38        
E10<22,5> 17        19        34        23        12        6         0         15        28        35        41        35        40        27        39        24        15        19        30        21        10        41        39        34        17        30        36        36        21        17        20        14        15        10        30        30        34        19        19        19        24        14        11        6         11        38        39        27        27        20        21        21        30        14        12        0         6         19        19        28        35        33        33        36        35        20        34        24        22        26        26        19        9         6         10        23        23        23        38        38        38        38        
E11<23,22>11        13        28        23        6         0         6         9         22        29        35        29        34        21        33        18        9         13        24        15        4         35        33        28        11        24        30        30        15        11        14        8         9         4         24        24        28        13        19        19        24        16        5         0         5         32        33        21        21        14        15        15        24        8         6         6         0         13        19        22        29        27        27        30        29        14        28        18        16        20        20        13        11        0         4         17        17        17        32        32        32        32        
E12<40,8> 21        0         15        10        4         10        16        19        9         39        37        31        40        31        35        28        19        23        26        25        14        37        43        38        21        26        32        32        25        21        24        18        19        14        18        18        15        0         6         6         11        14        15        10        15        34        43        31        31        24        25        25        18        18        4         16        10        0         6         9         31        29        29        32        39        24        38        28        26        22        22        23        9         10        14        4         4         4         34        34        34        34        
E13<40,20>30        9         16        4         13        19        25        28        10        46        38        32        41        40        36        37        28        32        27        28        23        38        50        47        30        27        33        33        28        30        32        27        28        23        19        19        16        9         0         0         5         13        24        19        24        35        50        40        40        33        28        28        19        27        13        25        19        9         0         10        32        30        30        33        46        33        47        37        33        23        23        32        18        19        23        5         5         5         35        35        35        35        
E14<40,17>22        9         6         11        13        19        25        28        0         36        28        22        31        36        26        37        28        32        17        18        23        28        40        37        22        17        23        23        18        22        22        27        28        23        9         9         6         9         10        10        14        22        24        19        24        25        40        36        36        33        18        18        9         27        13        25        19        9         10        0         22        20        20        23        36        33        37        37        23        13        13        32        18        19        23        5         5         5         25        25        25        25        
E15<37,33>14        18        25        28        22        28        34        37        19        14        6         0         9         14        4         19        26        19        5         10        28        6         18        15        14        5         11        11        10        14        14        24        26        28        13        13        25        18        24        24        29        32        33        28        33        4         18        14        14        21        10        10        13        24        22        34        28        18        24        19        0         8         8         11        14        21        15        19        15        9         9         19        27        28        28        22        22        22        4         4         11        11        
E16<37,36>23        26        26        31        30        36        42        45        27        23        15        9         18        23        13        28        35        28        14        19        37        15        27        24        23        14        12        12        19        23        23        33        35        37        21        21        26        26        32        32        34        40        41        36        41        5         27        23        23        30        19        19        21        33        30        42        36        26        32        27        9         0         0         12        23        30        24        28        24        18        18        28        35        36        37        30        30        30        5         5         5         5         
E17<38,36>23        26        26        31        30        36        42        45        27        23        15        9         18        23        13        28        35        28        14        19        37        15        27        24        23        14        12        12        19        23        23        33        35        37        21        21        26        26        32        32        34        40        41        36        41        5         27        23        23        30        19        19        21        33        30        42        36        26        32        27        9         0         0         12        23        30        24        28        24        18        18        28        35        36        37        30        30        30        5         5         5         5         
E18<38,2> 22        14        14        19        18        24        30        33        15        35        27        21        30        35        25        40        33        37        17        18        28        27        39        36        22        17        0         0         18        22        22        32        33        28        9         9         14        14        20        20        22        28        29        24        29        17        39        35        35        38        18        18        9         32        18        30        24        14        20        15        21        12        12        0         35        38        36        40        23        13        13        37        23        24        28        18        18        18        17        17        7         7         
