Data =>
	instName=TWe2
	optimalValue=-1
	vehicles=-1
	capacity=220
	depotNode=1
	nodes=77
	arcs=43
	edges=55
	requiredN=13
	requiredA=12
	requiredE=26
nodes dist:
0		-1		-1		-1		-1		-1		-1		-1		-1		-1		-1		-1		-1		-1		-1		-1		-1		-1		-1		-1		-1		-1		-1		-1		-1		-1		-1		-1		-1		-1		-1		-1		-1		-1		-1		-1		-1		-1		-1		-1		-1		-1		-1		-1		-1		-1		-1		-1		-1		-1		-1		-1		-1		-1		-1		-1		-1		-1		-1		-1		-1		-1		-1		-1		-1		-1		-1		-1		-1		-1		-1		-1		-1		-1		-1		-1		-1		-1		
-1		0		32		46		49		105		113		111		129		155		175		187		766		808		814		807		795		833		760		719		751		757		774		599		659		632		649		664		667		659		573		559		501		531		544		415		558		606		614		627		632		400		382		393		752		751		739		706		716		697		689		759		687		683		691		414		408		368		290		265		498		537		475		505		514		526		491		444		536		276		914		858		852		857		882		616		759		794		
-1		32		0		14		17		73		81		79		97		123		143		155		734		776		782		775		763		801		728		687		719		725		742		567		627		600		617		632		635		627		541		527		469		499		512		383		526		574		582		595		600		368		350		361		720		719		707		674		684		665		657		727		655		651		659		382		376		336		258		233		466		505		443		473		482		494		459		412		504		244		882		826		820		825		850		584		727		762		
-1		46		14		0		31		87		95		93		111		137		157		169		748		790		796		789		777		815		742		701		733		739		756		581		641		614		631		646		649		641		555		541		483		513		526		397		540		588		596		609		614		382		364		375		734		733		721		688		698		679		671		741		669		665		673		396		390		350		272		247		480		519		457		487		496		508		473		426		518		258		896		840		834		839		864		598		741		776		
-1		49		17		31		0		56		64		62		80		106		126		138		717		759		765		758		746		784		711		670		702		708		725		550		610		583		600		615		618		610		524		510		452		482		495		366		509		557		565		578		583		351		333		344		703		702		690		657		667		648		640		710		638		634		642		365		359		319		241		216		449		488		426		456		465		477		442		395		487		227		865		809		803		808		833		567		710		745		
-1		105		73		87		56		0		8		6		24		50		70		82		661		703		709		702		690		728		655		614		646		652		669		494		554		527		544		559		562		554		468		454		396		426		439		310		453		501		509		522		527		295		277		288		647		646		634		601		611		592		584		654		582		578		586		309		303		263		185		160		393		432		370		400		409		421		386		339		431		171		809		753		747		752		777		511		654		689		
-1		113		81		95		64		8		0		14		32		58		78		90		669		711		717		710		698		736		663		622		654		660		677		502		562		535		552		567		570		562		476		462		404		434		447		318		461		509		517		530		535		303		285		296		655		654		642		609		619		600		592		662		590		586		594		317		311		271		193		168		401		440		378		408		417		429		394		347		439		179		817		761		755		760		785		519		662		697		
-1		289		257		271		240		296		304		0		18		44		64		76		655		697		703		696		684		722		649		608		640		646		663		488		548		521		538		553		556		548		462		448		390		420		433		304		447		495		503		516		521		289		271		282		641		640		628		595		605		586		578		648		576		572		580		303		297		257		179		154		387		426		364		394		403		415		380		333		425		165		803		747		741		746		771		505		648		683		
-1		271		239		253		222		278		286		284		0		26		46		58		637		679		685		678		666		704		631		590		622		628		645		470		530		503		520		535		538		530		444		430		372		402		415		286		429		477		485		498		503		271		253		264		623		622		610		577		587		568		560		630		558		554		562		285		279		239		161		136		369		408		346		376		385		397		362		315		407		147		785		729		723		728		753		487		630		665		
-1		245		213		227		196		252		260		258		276		0		20		32		611		653		659		652		640		678		605		564		596		602		619		444		504		477		494		509		512		504		418		404		346		376		389		260		403		451		459		472		477		245		227		238		597		596		584		551		561		542		534		604		532		528		536		259		253		213		135		110		343		382		320		350		359		371		336		289		381		121		759		703		697		702		727		461		604		639		
-1		225		193		207		176		232		240		238		256		282		0		12		591		633		639		632		620		658		585		544		576		582		599		424		484		457		474		489		492		484		398		384		326		356		369		240		383		431		439		452		457		225		207		218		577		576		564		531		541		522		514		584		512		508		516		239		233		193		115		90		323		362		300		330		339		351		316		269		361		101		739		683		677		682		707		441		584		619		
-1		213		181		195		164		220		228		226		244		270		290		0		579		621		627		620		608		646		573		532		564		570		587		412		472		445		462		477		480		472		386		372		314		344		357		228		371		419		427		440		445		213		195		206		565		564		552		519		529		510		502		572		500		496		504		227		221		181		103		78		311		350		288		318		327		339		304		257		349		89		727		671		665		670		695		429		572		607		
-1		245		213		227		196		252		260		258		276		302		322		32		0		42		49		67		29		93		105		129		97		167		184		225		188		224		241		256		259		251		418		404		346		376		389		260		403		451		459		472		477		245		227		238		234		233		221		188		198		179		179		169		177		173		181		259		253		213		135		110		343		382		320		350		359		371		336		289		381		121		259		203		197		202		227		208		89		54		
-1		299		267		281		250		306		314		312		330		356		376		86		54		0		7		25		83		51		63		87		55		125		142		183		146		182		199		214		217		209		472		458		400		430		443		314		457		505		513		526		531		299		281		270		192		191		179		146		156		137		137		127		135		131		139		313		307		267		189		164		397		436		374		404		413		425		390		343		435		175		217		161		155		160		185		166		47		12		
-1		306		274		288		257		313		321		319		337		363		383		93		61		7		0		32		90		58		70		94		62		132		149		190		153		189		206		221		224		216		479		465		407		437		450		321		464		512		520		533		538		306		288		277		199		198		186		153		163		144		144		134		142		138		146		320		314		274		196		171		404		443		381		411		420		432		397		350		442		182		224		168		162		167		192		173		54		19		
-1		313		281		295		264		320		328		326		344		370		390		100		68		14		7		0		97		26		38		79		69		117		134		175		138		174		191		206		209		201		464		450		392		422		435		306		449		497		505		518		523		291		273		262		184		183		171		138		148		129		129		119		127		123		131		305		299		281		203		178		389		428		366		396		405		417		382		335		427		189		192		136		130		135		160		158		61		26		
-1		274		242		256		225		281		289		287		305		331		351		61		29		13		20		38		0		64		76		100		68		138		155		196		159		195		212		227		230		222		447		433		375		405		418		289		432		480		488		501		506		274		256		267		205		204		192		159		169		150		150		140		148		144		152		288		282		242		164		139		372		411		349		379		388		400		365		318		410		150		230		174		168		173		198		179		60		25		
-1		339		307		321		290		346		354		352		370		396		416		126		94		40		33		26		123		0		64		105		95		143		160		201		164		200		217		232		235		227		490		476		418		448		461		332		475		523		531		544		549		317		299		288		210		209		197		164		174		155		155		145		153		149		157		331		325		307		229		204		415		454		392		422		431		443		408		361		453		215		218		162		156		161		186		184		87		52		
-1		309		277		291		260		316		324		322		340		366		386		120		88		130		136		129		117		155		0		41		73		79		96		137		100		136		153		168		171		163		426		412		354		384		397		268		411		459		467		480		485		253		235		224		146		145		133		100		110		91		91		81		89		85		93		267		261		249		199		174		351		390		328		358		367		379		344		297		389		185		154		98		92		97		122		120		81		116		
-1		268		236		250		219		275		283		281		299		325		345		79		47		89		95		88		76		114		41		0		32		38		55		96		59		95		112		127		130		122		385		371		313		343		356		227		370		418		426		439		444		212		194		183		105		104		92		59		69		50		50		40		48		44		52		226		220		208		158		133		310		349		287		317		326		338		303		256		348		144		195		139		133		138		163		79		40		75		
-1		260		228		242		211		267		275		273		291		317		337		47		15		57		63		56		44		82		21		32		0		70		87		128		91		127		144		159		162		154		417		403		345		375		388		259		402		450		458		471		476		244		226		215		137		136		124		91		101		82		82		72		80		76		84		258		252		228		150		125		342		381		319		349		358		370		335		288		380		136		175		119		113		118		143		111		8		43		
-1		230		198		212		181		237		245		243		261		287		307		110		85		127		133		126		114		152		79		38		70		0		17		58		21		57		74		89		92		84		347		333		275		305		318		189		332		380		388		401		406		174		156		145		67		66		54		21		31		12		12		2		10		6		14		188		182		170		120		95		272		311		249		279		288		300		265		218		310		106		233		177		171		176		201		41		78		113		
-1		247		215		229		198		254		262		260		278		304		324		127		102		144		150		143		131		169		96		55		87		17		0		41		4		40		57		72		75		67		364		350		292		322		335		206		349		397		405		418		423		191		173		162		84		83		71		38		48		29		29		19		27		23		31		205		199		187		137		112		289		328		266		296		305		317		282		235		327		123		250		194		188		193		218		24		95		130		
-1		316		284		298		267		323		331		329		347		373		393		196		167		209		215		208		196		234		161		120		152		158		175		0		60		33		50		65		68		60		433		419		361		391		404		275		418		466		474		487		492		260		242		231		153		152		140		107		117		98		90		160		88		84		92		274		268		256		206		181		358		397		335		365		374		386		351		304		396		192		315		259		253		258		283		17		160		195		
-1		256		224		238		207		263		271		269		287		313		333		136		107		149		155		148		136		174		101		60		92		98		115		156		0		155		172		187		190		182		373		359		301		331		344		215		358		406		414		427		432		200		182		171		93		92		80		47		57		38		30		100		28		24		32		214		208		196		146		121		298		337		275		305		314		326		291		244		336		132		255		199		193		198		223		139		100		135		
-1		283		251		265		234		290		298		296		314		340		360		163		134		176		182		175		163		201		128		87		119		125		142		29		27		0		17		32		35		27		400		386		328		358		371		242		385		433		441		454		459		227		209		198		120		119		107		74		84		65		57		127		55		51		59		241		235		223		173		148		325		364		302		332		341		353		318		271		363		159		282		226		220		225		250		46		127		162		
-1		300		268		282		251		307		315		313		331		357		377		180		151		193		199		192		180		218		145		104		136		142		159		12		44		17		0		15		18		44		417		403		345		375		388		259		402		450		458		471		476		244		226		215		137		136		124		91		101		82		74		144		72		68		76		258		252		240		190		165		342		381		319		349		358		370		335		288		380		176		299		243		237		242		267		29		144		179		
-1		315		283		297		266		322		330		328		346		372		392		195		166		208		214		207		195		233		160		119		151		157		174		27		59		32		15		0		33		59		432		418		360		390		403		274		417		465		473		486		491		259		241		230		152		151		139		106		116		97		89		159		87		83		91		273		267		255		205		180		357		396		334		364		373		385		350		303		395		191		314		258		252		257		282		44		159		194		
-1		318		286		300		269		325		333		331		349		375		395		198		169		211		217		210		198		236		163		122		154		160		177		30		62		35		18		33		0		62		435		421		363		393		406		277		420		468		476		489		494		262		244		233		155		154		142		109		119		100		92		162		90		86		94		276		270		258		208		183		360		399		337		367		376		388		353		306		398		194		317		261		255		260		285		47		162		197		
-1		310		278		292		261		317		325		323		341		367		387		190		161		203		209		202		190		228		155		114		146		152		169		46		54		27		34		49		16		0		427		413		355		385		398		269		412		460		468		481		486		254		236		225		147		146		134		101		111		92		84		154		82		78		86		268		262		250		200		175		352		391		329		359		368		380		345		298		390		186		309		253		247		252		277		63		154		189		
-1		370		338		352		321		377		385		383		401		427		447		250		221		263		269		262		250		288		215		174		206		212		229		54		114		87		104		119		122		114		0		14		72		102		115		205		129		177		185		198		203		212		230		241		207		206		194		161		171		152		144		214		142		138		146		262		256		244		260		235		346		385		323		353		362		374		339		292		384		246		369		313		307		312		337		71		214		249		
-1		356		324		338		307		363		371		369		387		413		433		236		207		249		255		248		236		274		201		160		192		198		215		40		100		73		90		105		108		100		14		0		58		88		101		191		115		163		171		184		189		198		216		227		193		192		180		147		157		138		130		200		128		124		132		248		242		230		246		221		332		371		309		339		348		360		325		278		370		232		355		299		293		298		323		57		200		235		
-1		406		374		388		357		413		421		419		437		463		483		294		265		307		313		306		294		332		259		218		250		256		273		98		158		131		148		163		166		158		72		58		0		30		43		133		57		105		113		126		131		140		158		169		251		250		238		205		215		196		188		258		186		182		190		190		184		172		250		279		274		313		251		281		290		302		267		220		312		282		413		357		351		356		381		115		258		293		
-1		376		344		358		327		383		391		389		407		433		453		341		454		496		502		495		483		521		448		407		439		445		462		287		347		320		337		352		355		347		261		247		189		0		232		103		27		75		83		96		101		110		128		139		440		439		427		394		404		385		377		447		375		371		379		160		154		142		220		263		244		283		221		251		260		272		237		190		282		252		602		546		540		545		570		304		447		482		
-1		449		417		431		400		456		464		462		480		506		526		337		308		350		356		349		337		375		302		261		293		299		316		141		201		174		191		206		209		201		115		101		43		73		0		176		100		148		156		169		174		183		201		212		294		293		281		248		258		239		231		301		229		225		233		233		227		215		293		322		317		356		294		324		333		345		310		263		355		325		456		400		394		399		424		158		301		336		
-1		281		249		263		232		288		296		294		312		338		358		246		351		393		399		392		380		418		345		304		336		342		359		184		244		217		234		249		252		244		158		144		86		116		129		0		143		191		199		212		217		15		33		44		337		336		324		291		301		282		274		344		272		268		276		65		59		47		125		168		149		188		126		156		165		177		142		95		187		157		499		443		437		442		467		201		344		379		
-1		403		371		385		354		410		418		416		434		460		480		368		481		523		529		522		510		548		475		434		466		472		489		314		374		347		364		379		382		374		288		274		216		27		259		130		0		102		110		123		128		137		155		166		467		466		454		421		431		412		404		474		402		398		406		187		181		169		247		290		271		310		248		278		287		299		264		217		309		279		629		573		567		572		597		331		474		509		
-1		301		269		283		252		308		316		314		332		358		378		266		379		421		427		420		408		446		373		332		364		370		387		212		272		245		262		277		280		272		186		172		114		75		157		28		102		0		8		21		26		35		53		64		365		364		352		319		329		310		302		372		300		296		304		85		79		67		145		188		169		208		146		176		185		197		162		115		207		177		527		471		465		470		495		229		372		407		
-1		309		277		291		260		316		324		322		340		366		386		274		387		429		435		428		416		454		381		340		372		378		395		220		280		253		270		285		288		280		194		180		122		83		165		36		110		8		0		29		34		43		61		72		373		372		360		327		337		318		310		380		308		304		312		93		87		75		153		196		177		216		154		184		193		205		170		123		215		185		535		479		473		478		503		237		380		415		
-1		280		248		262		231		287		295		293		311		337		357		245		358		400		406		399		387		425		352		311		343		349		366		191		251		224		241		256		259		251		165		151		93		123		136		7		150		198		206		0		5		14		32		43		344		343		331		298		308		289		281		351		279		275		283		64		58		46		124		167		148		187		125		155		164		176		141		94		186		156		506		450		444		449		474		208		351		386		
-1		275		243		257		226		282		290		288		306		332		352		240		363		405		411		404		392		430		357		316		348		354		371		196		256		229		246		261		264		256		170		156		98		128		141		12		155		203		211		5		0		9		27		38		349		348		336		303		313		294		286		356		284		280		288		59		53		41		119		162		143		182		120		150		159		171		136		89		181		151		511		455		449		454		479		213		356		391		
-1		266		234		248		217		273		281		279		297		323		343		231		366		408		414		407		395		433		360		319		351		357		374		199		259		232		249		264		267		259		173		159		101		131		144		15		158		206		214		227		232		0		18		29		352		351		339		306		316		297		289		359		287		283		291		50		44		32		110		153		134		173		111		141		150		162		127		80		172		142		514		458		452		457		482		216		359		394		
-1		248		216		230		199		255		263		261		279		305		325		213		384		426		432		425		413		451		378		337		369		375		392		217		277		250		267		282		285		277		191		177		119		149		162		33		176		224		232		245		250		18		0		11		370		369		357		324		334		315		307		377		305		301		309		32		26		14		92		135		116		155		93		123		132		144		109		62		154		124		532		476		470		475		500		234		377		412		
-1		259		227		241		210		266		274		272		290		316		336		224		395		437		443		436		424		462		389		348		380		386		403		228		288		261		278		293		296		288		202		188		130		160		173		44		187		235		243		256		261		29		11		0		381		380		368		335		345		326		318		388		316		312		320		43		37		25		103		146		127		166		104		134		143		155		120		73		165		135		543		487		481		486		511		245		388		423		
-1		163		131		145		114		170		178		176		194		220		240		106		473		515		521		514		502		540		467		426		458		464		481		306		366		339		356		371		374		366		280		266		208		238		251		122		265		313		321		334		339		107		89		78		0		12		13		413		423		404		396		466		394		390		398		121		115		103		53		28		205		244		182		212		221		233		198		151		243		39		621		565		559		564		589		323		466		501		
-1		175		143		157		126		182		190		188		206		232		252		118		485		527		533		526		514		552		479		438		470		476		493		318		378		351		368		383		386		378		292		278		220		250		263		134		277		325		333		346		351		119		101		90		12		0		12		425		435		416		408		478		406		402		410		133		127		115		65		40		217		256		194		224		233		245		210		163		255		51		633		577		571		576		601		335		478		513		
-1		176		144		158		127		183		191		189		207		233		253		119		486		528		534		527		515		553		480		439		471		477		494		319		379		352		369		384		387		379		293		279		221		251		264		135		278		326		334		347		352		120		102		91		13		12		0		426		436		417		409		479		407		403		411		134		128		116		66		41		218		257		195		225		234		246		211		164		256		52		634		578		572		577		602		336		479		514		
-1		209		177		191		160		216		224		222		240		266		286		89		519		561		567		560		548		586		513		472		504		510		527		352		412		385		402		417		420		412		326		312		254		284		297		168		311		359		367		380		385		153		135		124		46		45		33		0		10		450		442		512		440		436		444		167		161		149		99		74		251		290		228		258		267		279		244		197		289		85		667		611		605		610		635		369		512		547		
-1		292		260		274		243		299		307		305		323		349		369		79		658		700		706		699		687		725		652		611		643		649		666		491		551		524		541		556		559		551		465		451		393		423		436		307		450		498		506		519		524		292		274		285		644		643		631		598		0		589		581		651		579		575		583		306		300		260		182		157		390		429		367		397		406		418		383		336		428		168		806		750		744		749		774		508		651		686		
-1		218		186		200		169		225		233		231		249		275		295		98		85		127		133		126		114		152		79		38		70		76		93		134		97		133		150		165		168		160		335		321		263		293		306		177		320		368		376		389		394		162		144		133		55		54		42		9		19		0		8		78		86		82		90		176		170		158		108		83		260		299		237		267		276		288		253		206		298		94		233		177		171		176		201		117		78		113		
-1		226		194		208		177		233		241		239		257		283		303		106		77		119		125		118		106		144		71		30		62		68		85		126		89		125		142		157		160		152		343		329		271		301		314		185		328		376		384		397		402		170		152		141		63		62		50		17		27		8		0		70		78		74		82		184		178		166		116		91		268		307		245		275		284		296		261		214		306		102		225		169		163		168		193		109		70		105		
-1		228		196		210		179		235		243		241		259		285		305		108		87		129		135		128		116		154		81		40		72		2		19		60		23		59		76		91		94		86		345		331		273		303		316		187		330		378		386		399		404		172		154		143		65		64		52		19		29		10		10		0		8		4		12		186		180		168		118		93		270		309		247		277		286		298		263		216		308		104		235		179		173		178		203		43		80		115		
-1		228		196		210		179		235		243		241		259		285		305		108		79		121		127		120		108		146		73		32		64		70		87		128		28		127		144		159		162		154		345		331		273		303		316		187		330		378		386		399		404		172		154		143		65		64		52		19		29		10		2		72		0		4		4		186		180		168		118		93		270		309		247		277		286		298		263		216		308		104		227		171		165		170		195		111		72		107		
-1		232		200		214		183		239		247		245		263		289		309		112		83		125		131		124		112		150		77		36		68		74		91		132		24		131		148		163		166		158		349		335		277		307		320		191		334		382		390		403		408		176		158		147		69		68		56		23		33		14		6		76		4		0		8		190		184		172		122		97		274		313		251		281		290		302		267		220		312		108		231		175		169		174		199		115		76		111		
-1		232		200		214		183		239		247		245		263		289		309		112		83		125		131		124		112		150		77		36		68		74		91		132		32		131		148		163		166		158		349		335		277		307		320		191		334		382		390		403		408		176		158		147		69		68		56		23		33		14		6		76		4		8		0		190		184		172		122		97		274		313		251		281		290		302		267		220		312		108		231		175		169		174		199		115		76		111		
-1		285		253		267		236		292		300		298		316		342		362		250		605		647		653		646		634		672		599		558		590		596		613		438		498		471		488		503		506		498		412		398		340		370		383		254		397		445		453		466		471		239		221		232		591		590		578		545		555		536		528		598		526		522		530		0		6		207		129		172		96		135		73		103		112		124		89		42		134		161		753		697		691		696		721		455		598		633		
-1		279		247		261		230		286		294		292		310		336		356		244		599		641		647		640		628		666		593		552		584		590		607		432		492		465		482		497		500		492		406		392		334		364		377		248		391		439		447		460		465		233		215		226		585		584		572		539		549		530		522		592		520		516		524		6		0		201		123		166		90		129		67		97		106		118		83		36		128		155		747		691		685		690		715		449		592		627		
-1		234		202		216		185		241		249		247		265		291		311		199		398		440		446		439		427		465		392		351		383		389		406		231		291		264		281		296		299		291		205		191		133		163		176		47		190		238		246		259		264		32		14		25		384		383		371		338		348		329		321		391		319		315		323		46		40		0		78		121		130		169		107		137		146		158		123		76		168		110		546		490		484		489		514		248		391		426		
-1		156		124		138		107		163		171		169		187		213		233		121		476		518		524		517		505		543		470		429		461		467		484		309		369		342		359		374		377		369		283		269		211		241		254		125		268		316		324		337		342		110		92		103		462		461		449		416		426		407		399		469		397		393		401		124		118		78		0		43		208		247		185		215		224		236		201		154		246		32		624		568		562		567		592		326		469		504		
-1		135		103		117		86		142		150		148		166		192		212		78		501		543		549		542		530		568		495		454		486		492		509		334		394		367		384		399		402		394		308		294		236		266		279		150		293		341		349		362		367		135		117		128		487		486		474		441		451		432		424		494		422		418		426		149		143		103		25		0		233		272		210		240		249		261		226		179		271		11		649		593		587		592		617		351		494		529		
-1		189		157		171		140		196		204		202		220		246		266		154		509		551		557		550		538		576		503		462		494		500		517		342		402		375		392		407		410		402		316		302		244		274		287		158		301		349		357		370		375		143		125		136		495		494		482		449		459		440		432		502		430		426		434		157		151		111		33		76		0		39		23		53		62		74		39		29		84		65		657		601		595		600		625		359		502		537		
-1		228		196		210		179		235		243		241		259		285		305		193		548		590		596		589		577		615		542		501		533		539		556		381		441		414		431		446		449		441		355		341		283		313		326		197		340		388		396		409		414		182		164		175		534		533		521		488		498		479		471		541		469		465		473		196		190		150		72		115		39		0		62		92		101		113		78		68		123		104		696		640		634		639		664		398		541		576		
-1		212		180		194		163		219		227		225		243		269		289		177		532		574		580		573		561		599		526		485		517		523		540		365		425		398		415		430		433		425		339		325		267		297		310		181		324		372		380		393		398		166		148		159		518		517		505		472		482		463		455		525		453		449		457		180		174		134		56		99		23		62		0		30		39		51		16		52		61		88		680		624		618		623		648		382		525		560		
-1		242		210		224		193		249		257		255		273		299		319		207		562		604		610		603		591		629		556		515		547		553		570		395		455		428		445		460		463		455		369		355		297		327		340		211		354		402		410		423		428		196		178		189		548		547		535		502		512		493		485		555		483		479		487		210		204		164		86		129		53		92		30		0		9		21		46		82		91		118		710		654		648		653		678		412		555		590		
-1		251		219		233		202		258		266		264		282		308		328		216		571		613		619		612		600		638		565		524		556		562		579		404		464		437		454		469		472		464		378		364		306		336		349		220		363		411		419		432		437		205		187		198		557		556		544		511		521		502		494		564		492		488		496		219		213		173		95		138		62		101		39		9		0		30		55		91		100		127		719		663		657		662		687		421		564		599		
-1		263		231		245		214		270		278		276		294		320		340		228		583		625		631		624		612		650		577		536		568		574		591		416		476		449		466		481		484		476		390		376		318		348		361		232		375		423		431		444		449		217		199		210		569		568		556		523		533		514		506		576		504		500		508		231		225		185		107		150		74		113		51		21		30		0		67		103		112		139		731		675		669		674		699		433		576		611		
-1		228		196		210		179		235		243		241		259		285		305		193		548		590		596		589		577		615		542		501		533		539		556		381		441		414		431		446		449		441		355		341		283		313		326		197		340		388		396		409		414		182		164		175		534		533		521		488		498		479		471		541		469		465		473		196		190		150		72		115		39		78		16		46		55		67		0		68		45		104		696		640		634		639		664		398		541		576		
-1		243		211		225		194		250		258		256		274		300		320		208		563		605		611		604		592		630		557		516		548		554		571		396		456		429		446		461		464		456		370		356		298		328		341		212		355		403		411		424		429		197		179		190		549		548		536		503		513		494		486		556		484		480		488		211		205		165		87		130		54		93		31		61		70		82		47		0		92		119		711		655		649		654		679		413		556		591		
-1		273		241		255		224		280		288		286		304		330		350		238		593		635		641		634		622		660		587		546		578		584		601		426		486		459		476		491		494		486		400		386		328		358		371		242		385		433		441		454		459		227		209		220		579		578		566		533		543		524		516		586		514		510		518		241		235		195		117		160		84		123		61		91		100		112		45		113		0		149		741		685		679		684		709		443		586		621		
-1		124		92		106		75		131		139		137		155		181		201		89		508		550		556		549		537		575		502		461		493		499		516		341		401		374		391		406		409		401		315		301		243		273		286		157		300		348		356		369		374		142		124		135		494		493		481		448		458		439		431		501		429		425		433		156		150		110		32		11		240		279		217		247		256		268		233		186		278		0		656		600		594		599		624		358		501		536		
-1		467		435		449		418		474		482		480		498		524		544		278		246		288		294		287		275		313		158		199		231		237		254		295		258		294		311		326		329		321		584		570		512		542		555		426		569		617		625		638		643		411		393		382		304		303		291		258		268		249		249		239		247		243		251		425		419		407		357		332		509		548		486		516		525		537		502		455		547		343		0		56		66		61		86		278		239		274		
-1		411		379		393		362		418		426		424		442		468		488		222		190		232		238		231		219		257		102		143		175		181		198		239		202		238		255		270		273		265		528		514		456		486		499		370		513		561		569		582		587		355		337		326		248		247		235		202		212		193		193		183		191		187		195		369		363		351		301		276		453		492		430		460		469		481		446		399		491		287		56		0		10		5		30		222		183		218		
-1		401		369		383		352		408		416		414		432		458		478		212		180		222		228		221		209		247		92		133		165		171		188		229		192		228		245		260		263		255		518		504		446		476		489		360		503		551		559		572		577		345		327		316		238		237		225		192		202		183		183		173		181		177		185		359		353		341		291		266		443		482		420		450		459		471		436		389		481		277		62		6		0		5		30		212		173		208		
-1		406		374		388		357		413		421		419		437		463		483		217		185		227		233		226		214		252		97		138		170		176		193		234		197		233		250		265		268		260		523		509		451		481		494		365		508		556		564		577		582		350		332		321		243		242		230		197		207		188		188		178		186		182		190		364		358		346		296		271		448		487		425		455		464		476		441		394		486		282		61		5		5		0		25		217		178		213		
-1		431		399		413		382		438		446		444		462		488		508		242		210		252		258		251		239		277		122		163		195		201		218		259		222		258		275		290		293		285		548		534		476		506		519		390		533		581		589		602		607		375		357		346		268		267		255		222		232		213		213		203		211		207		215		389		383		371		321		296		473		512		450		480		489		501		466		419		511		307		86		30		30		25		0		242		203		238		
-1		299		267		281		250		306		314		312		330		356		376		179		150		192		198		191		179		217		144		103		135		141		158		17		43		16		33		48		51		43		416		402		344		374		387		258		401		449		457		470		475		243		225		214		136		135		123		90		100		81		73		143		71		67		75		257		251		239		189		164		341		380		318		348		357		369		334		287		379		175		298		242		236		241		266		0		143		178		
-1		252		220		234		203		259		267		265		283		309		329		39		7		49		55		48		36		74		29		40		8		78		95		136		99		135		152		167		170		162		425		411		353		383		396		267		410		458		466		479		484		252		234		223		145		144		132		99		109		90		90		80		88		84		92		266		260		220		142		117		350		389		327		357		366		378		343		296		388		128		183		127		121		126		151		119		0		35		
-1		287		255		269		238		294		302		300		318		344		364		74		42		27		20		13		71		39		51		75		43		113		130		171		134		170		187		202		205		197		460		446		388		418		431		302		445		493		501		514		519		287		269		258		180		179		167		134		144		125		125		115		123		119		127		301		295		255		177		152		385		424		362		392		401		413		378		331		423		163		205		149		143		148		173		154		35		0		
tasks dist:
          N1<1,1>   N4<4,4>   N5<5,5>   N18<18,18>N75<75,75>N23<23,23>N31<31,31>N35<35,35>N44<44,44>N51<51,51>N58<58,58>N11<11,11>N60<60,60>N66<66,66>A1<9,10>  A2<12,11> A3<16,13> A4<32,33> A5<47,46> A6<47,48> A7<49,47> A8<52,50> A9<59,58> A10<60,58>A11<69,4> A12<44,59>E1<1,2>   E2<2,3>   E3<12,16> E4<13,14> E5<15,17> E6<18,19> E7<19,20> E8<19,21> E9<21,22> E10<32,34>E11<35,41>E12<44,45>E13<44,46>E14<49,50>E15<52,54>E16<55,56>E17<42,57>E18<60,62>E19<62,63>E20<63,65>E21<66,68>E22<58,69>E23<59,69>E24<23,75>E25<20,76>E26<21,51>E1<2,1>   E2<3,2>   E3<16,12> E4<14,13> E5<17,15> E6<19,18> E7<20,19> E8<21,19> E9<22,21> E10<34,32>E11<41,35>E12<45,44>E13<46,44>E14<50,49>E15<54,52>E16<56,55>E17<57,42>E18<62,60>E19<63,62>E20<65,63>E21<68,66>E22<69,58>E23<69,59>E24<75,23>E25<76,20>E26<51,21>
N1<1,1>   0         49        105       760       616       599       559       415       752       759       290       187       498       491       155       766       795       501       706       706       697       687       265       498       276       752       0         32        766       808       807       760       719       719       757       501       415       752       752       697       687       414       382       498       475       505       491       290       265       599       751       757       32        46        795       814       833       719       751       757       774       544       400       751       739       689       691       408       368       475       505       526       536       276       276       616       759       759       
N4<4,4>   49        0         56        711       567       550       510       366       703       710       241       138       449       442       106       717       746       452       657       657       648       638       216       449       227       703       49        17        717       759       758       711       670       670       708       452       366       703       703       648       638       365       333       449       426       456       442       241       216       550       702       708       17        31        746       765       784       670       702       708       725       495       351       702       690       640       642       359       319       426       456       477       487       227       227       567       710       710       
N5<5,5>   105       56        0         655       511       494       454       310       647       654       185       82        393       386       50        661       690       396       601       601       592       582       160       393       171       647       105       73        661       703       702       655       614       614       652       396       310       647       647       592       582       309       277       393       370       400       386       185       160       494       646       652       73        87        690       709       728       614       646       652       669       439       295       646       634       584       586       303       263       370       400       421       431       171       171       511       654       654       
N18<18,18>309       260       316       0         120       137       412       268       146       81        199       120       351       344       366       88        117       354       100       100       91        89        174       351       185       146       309       277       88        130       129       0         41        41        79        354       268       146       146       91        89        267       235       351       328       358       344       199       174       137       73        79        277       291       117       136       155       41        73        79        96        397       253       145       133       91        93        261       249       328       358       379       389       185       185       120       81        81        
N75<75,75>299       250       306       144       0         17        402       258       136       143       189       179       341       334       356       150       179       344       90        90        81        71        164       341       175       136       299       267       150       192       191       144       103       103       141       344       258       136       136       81        71        257       225       341       318       348       334       189       164       17        135       141       267       281       179       198       217       103       135       141       158       387       243       135       123       73        75        251       239       318       348       369       379       175       175       0         143       143       
N23<23,23>316       267       323       161       17        0         419       275       153       160       206       196       358       351       373       167       196       361       107       107       98        88        181       358       192       153       316       284       167       209       208       161       120       120       158       361       275       153       153       98        88        274       242       358       335       365       351       206       181       0         152       158       284       298       196       215       234       120       152       158       175       404       260       152       140       90        92        268       256       335       365       386       396       192       192       17        160       160       
N31<31,31>356       307       363       201       57        40        0         191       193       200       246       236       332       325       413       207       236       58        147       147       138       128       221       332       232       193       356       324       207       249       248       201       160       160       198       58        191       193       193       138       128       248       216       332       309       339       325       246       221       40        192       198       324       338       236       255       274       160       192       198       215       101       198       192       180       130       132       242       230       309       339       360       370       232       232       57        200       200       
N35<35,35>281       232       288       345       201       184       144       0         337       344       125       246       149       142       338       351       380       86        291       291       282       272       168       149       157       337       281       249       351       393       392       345       304       304       342       86        0         337       337       282       272       65        33        149       126       156       142       125       168       184       336       342       249       263       380       399       418       304       336       342       359       129       15        336       324       274       276       59        47        126       156       177       187       157       157       201       344       344       
N44<44,44>163       114       170       467       323       306       266       122       0         466       53        106       205       198       220       473       502       208       413       413       404       394       28        205       39        0         163       131       473       515       514       467       426       426       464       208       122       0         0         404       394       121       89        205       182       212       198       53        28        306       458       464       131       145       502       521       540       426       458       464       481       251       107       12        13        396       398       115       103       182       212       233       243       39        39        323       466       466       
N51<51,51>228       179       235       81        43        60        331       187       65        0         118       108       270       263       285       87        116       273       19        19        10        8         93        270       104       65        228       196       87        129       128       81        40        40        2         273       187       65        65        10        8         186       154       270       247       277       263       118       93        60        72        2         196       210       116       135       154       40        72        2         19        316       172       64        52        10        12        180       168       247       277       298       308       104       104       43        80        0         
N58<58,58>156       107       163       470       326       309       269       125       462       469       0         121       208       201       213       476       505       211       416       416       407       397       43        208       32        462       156       124       476       518       517       470       429       429       467       211       125       462       462       407       397       124       92        208       185       215       201       0         43        309       461       467       124       138       505       524       543       429       461       467       484       254       110       461       449       399       401       118       78        185       215       236       246       32        32        326       469       469       
N11<11,11>213       164       220       573       429       412       372       228       565       572       103       0         311       304       270       579       608       314       519       519       510       500       78        311       89        565       213       181       579       621       620       573       532       532       570       314       228       565       565       510       500       227       195       311       288       318       304       103       78        412       564       570       181       195       608       627       646       532       564       570       587       357       213       564       552       502       504       221       181       288       318       339       349       89        89        429       572       572       
N60<60,60>189       140       196       503       359       342       302       158       495       502       33        154       0         39        246       509       538       244       449       449       440       430       76        0         65        495       189       157       509       551       550       503       462       462       500       244       158       495       495       440       430       157       125       0         23        53        39        33        76        342       494       500       157       171       538       557       576       462       494       500       517       287       143       494       482       432       434       151       111       23        53        74        84        65        65        359       502       502       
N66<66,66>228       179       235       542       398       381       341       197       534       541       72        193       39        0         285       548       577       283       488       488       479       469       115       39        104       534       228       196       548       590       589       542       501       501       539       283       197       534       534       479       469       196       164       39        16        46        0         72        115       381       533       539       196       210       577       596       615       501       533       539       556       326       182       533       521       471       473       190       150       16        46        67        45        104       104       398       541       541       
A1<9,10>  225       176       232       585       441       424       384       240       577       584       115       12        323       316       282       591       620       326       531       531       522       512       90        323       101       577       225       193       591       633       632       585       544       544       582       326       240       577       577       522       512       239       207       323       300       330       316       115       90        424       576       582       193       207       620       639       658       544       576       582       599       369       225       576       564       514       516       233       193       300       330       351       361       101       101       441       584       584       
A2<12,11> 213       164       220       573       429       412       372       228       565       572       103       0         311       304       270       579       608       314       519       519       510       500       78        311       89        565       213       181       579       621       620       573       532       532       570       314       228       565       565       510       500       227       195       311       288       318       304       103       78        412       564       570       181       195       608       627       646       532       564       570       587       357       213       564       552       502       504       221       181       288       318       339       349       89        89        429       572       572       
A3<16,13> 299       250       306       63        166       183       458       314       192       127       189       86        397       390       356       54        83        400       146       146       137       135       164       397       175       192       299       267       54        0         25        63        87        87        125       400       314       192       192       137       135       313       281       397       374       404       390       189       164       183       55        125       267       281       83        7         51        87        55        125       142       443       299       191       179       137       139       307       267       374       404       425       435       175       175       166       47        127       
A4<32,33> 376       327       383       448       304       287       247       103       440       447       220       341       244       237       433       454       483       189       394       394       385       375       263       244       252       440       376       344       454       496       495       448       407       407       445       189       103       440       440       385       375       160       128       244       221       251       237       220       263       287       439       445       344       358       483       502       521       407       439       445       462       232       110       439       427       377       379       154       142       221       251       272       282       252       252       304       447       447       
A5<47,46> 176       127       183       480       336       319       279       135       13        479       66        119       218       211       233       486       515       221       426       426       417       407       41        218       52        13        176       144       486       528       527       480       439       439       477       221       135       13        13        417       407       134       102       218       195       225       211       66        41        319       471       477       144       158       515       534       553       439       471       477       494       264       120       12        0         409       411       128       116       195       225       246       256       52        52        336       479       479       
A6<47,48> 292       243       299       652       508       491       451       307       644       651       182       79        390       383       349       658       687       393       598       598       589       579       157       390       168       644       292       260       658       700       699       652       611       611       649       393       307       644       644       589       579       306       274       390       367       397       383       182       157       491       643       649       260       274       687       706       725       611       643       649       666       436       292       643       631       581       583       300       260       367       397       418       428       168       168       508       651       651       
A7<49,47> 209       160       216       513       369       352       312       168       46        512       99        89        251       244       266       519       548       254       0         0         450       440       74        251       85        46        209       177       519       561       560       513       472       472       510       254       168       46        46        450       440       167       135       251       228       258       244       99        74        352       504       510       177       191       548       567       586       472       504       510       527       297       153       45        33        442       444       161       149       228       258       279       289       85        85        369       512       512       
A8<52,50> 226       177       233       71        109       126       329       185       63        70        116       106       268       261       283       77        106       271       17        17        8         78        91        268       102       63        226       194       77        119       118       71        30        30        68        271       185       63        63        8         78        184       152       268       245       275       261       116       91        126       62        68        194       208       106       125       144       30        62        68        85        314       170       62        50        0         82        178       166       245       275       296       306       102       102       109       70        70        
A9<59,58> 156       107       163       470       326       309       269       125       462       469       0         121       208       201       213       476       505       211       416       416       407       397       43        208       32        462       156       124       476       518       517       470       429       429       467       211       125       462       462       407       397       124       92        208       185       215       201       0         43        309       461       467       124       138       505       524       543       429       461       467       484       254       110       461       449       399       401       118       78        185       215       236       246       32        32        326       469       469       
A10<60,58>156       107       163       470       326       309       269       125       462       469       0         121       208       201       213       476       505       211       416       416       407       397       43        208       32        462       156       124       476       518       517       470       429       429       467       211       125       462       462       407       397       124       92        208       185       215       201       0         43        309       461       467       124       138       505       524       543       429       461       467       484       254       110       461       449       399       401       118       78        185       215       236       246       32        32        326       469       469       
A11<69,4> 49        0         56        711       567       550       510       366       703       710       241       138       449       442       106       717       746       452       657       657       648       638       216       449       227       703       49        17        717       759       758       711       670       670       708       452       366       703       703       648       638       365       333       449       426       456       442       241       216       550       702       708       17        31        746       765       784       670       702       708       725       495       351       702       690       640       642       359       319       426       456       477       487       227       227       567       710       710       
A12<44,59>135       86        142       495       351       334       294       150       487       494       25        78        233       226       192       501       530       236       441       441       432       422       0         233       11        487       135       103       501       543       542       495       454       454       492       236       150       487       487       432       422       149       117       233       210       240       226       25        0         334       486       492       103       117       530       549       568       454       486       492       509       279       135       486       474       424       426       143       103       210       240       261       271       11        11        351       494       494       
E1<1,2>   32        17        73        728       584       567       527       383       720       727       258       155       466       459       123       734       763       469       674       674       665       655       233       466       244       720       32        0         734       776       775       728       687       687       725       469       383       720       720       665       655       382       350       466       443       473       459       258       233       567       719       725       0         14        763       782       801       687       719       725       742       512       368       719       707       657       659       376       336       443       473       494       504       244       244       584       727       727       
E2<2,3>   46        31        87        742       598       581       541       397       734       741       272       169       480       473       137       748       777       483       688       688       679       669       247       480       258       734       46        14        748       790       789       742       701       701       739       483       397       734       734       679       669       396       364       480       457       487       473       272       247       581       733       739       14        0         777       796       815       701       733       739       756       526       382       733       721       671       673       390       350       457       487       508       518       258       258       598       741       741       
E3<12,16> 274       225       281       76        179       196       433       289       205       140       164       61        372       365       331       29        0         375       159       159       150       148       139       372       150       205       274       242       29        13        38        76        100       100       138       375       289       205       205       150       148       288       256       372       349       379       365       164       139       196       68        138       242       256       0         20        64        100       68        138       155       418       274       204       192       150       152       282       242       349       379       400       410       150       150       179       60        140       
E4<13,14> 306       257       313       70        173       190       465       321       199       134       196       93        404       397       363       61        90        407       153       153       144       142       171       404       182       199       306       274       61        7         32        70        94        94        132       407       321       199       199       144       142       320       288       404       381       411       397       196       171       190       62        132       274       288       90        0         58        94        62        132       149       450       306       198       186       144       146       314       274       381       411       432       442       182       182       173       54        134       
E5<15,17> 339       290       346       64        184       201       476       332       210       145       229       126       415       408       396       94        123       418       164       164       155       153       204       415       215       210       339       307       94        40        26        64        105       105       143       418       332       210       210       155       153       331       299       415       392       422       408       229       204       201       95        143       307       321       123       33        0         105       95        143       160       461       317       209       197       155       157       325       307       392       422       443       453       215       215       184       87        145       
E6<18,19> 268       219       275       41        79        96        371       227       105       40        158       79        310       303       325       47        76        313       59        59        50        48        133       310       144       105       268       236       47        89        88        41        0         0         38        313       227       105       105       50        48        226       194       310       287       317       303       158       133       96        32        38        236       250       76        95        114       0         32        38        55        356       212       104       92        50        52        220       208       287       317       338       348       144       144       79        40        40        
E7<19,20> 260       211       267       21        111       128       403       259       137       72        150       47        342       335       317       15        44        345       91        91        82        80        125       342       136       137       260       228       15        57        56        21        32        32        70        345       259       137       137       82        80        258       226       342       319       349       335       150       125       128       0         70        228       242       44        63        82        32        0         70        87        388       244       136       124       82        84        252       228       319       349       370       380       136       136       111       8         72        
E8<19,21> 230       181       237       79        41        58        333       189       67        2         120       110       272       265       287       85        114       275       21        21        12        10        95        272       106       67        230       198       85        127       126       79        38        38        0         275       189       67        67        12        10        188       156       272       249       279       265       120       95        58        70        0         198       212       114       133       152       38        70        0         17        318       174       66        54        12        14        182       170       249       279       300       310       106       106       41        78        2         
E9<21,22> 247       198       254       96        24        41        350       206       84        19        137       127       289       282       304       102       131       292       38        38        29        27        112       289       123       84        247       215       102       144       143       96        55        55        17        292       206       84        84        29        27        205       173       289       266       296       282       137       112       41        87        17        215       229       131       150       169       55        87        17        0         335       191       83        71        29        31        199       187       266       296       317       327       123       123       24        95        19        
E10<32,34>449       400       456       302       158       141       101       176       294       301       293       337       317       310       506       308       337       43        248       248       239       229       322       317       325       294       449       417       308       350       349       302       261       261       299       43        176       294       294       239       229       233       201       317       294       324       310       293       322       141       293       299       417       431       337       356       375       261       293       299       316       0         183       293       281       231       233       227       215       294       324       345       355       325       325       158       301       301       
E11<35,41>266       217       273       360       216       199       159       15        352       359       110       231       134       127       323       366       395       101       306       306       297       287       153       134       142       352       266       234       366       408       407       360       319       319       357       101       15        352       352       297       287       50        18        134       111       141       127       110       153       199       351       357       234       248       395       414       433       319       351       357       374       144       0         351       339       289       291       44        32        111       141       162       172       142       142       216       359       359       
E12<44,45>175       126       182       479       335       318       278       134       12        478       65        118       217       210       232       485       514       220       425       425       416       406       40        217       51        12        175       143       485       527       526       479       438       438       476       220       134       12        12        416       406       133       101       217       194       224       210       65        40        318       470       476       143       157       514       533       552       438       470       476       493       263       119       0         12        408       410       127       115       194       224       245       255       51        51        335       478       478       
E13<44,46>176       127       183       480       336       319       279       135       13        479       66        119       218       211       233       486       515       221       426       426       417       407       41        218       52        13        176       144       486       528       527       480       439       439       477       221       135       13        13        417       407       134       102       218       195       225       211       66        41        319       471       477       144       158       515       534       553       439       471       477       494       264       120       12        0         409       411       128       116       195       225       246       256       52        52        336       479       479       
E14<49,50>226       177       233       71        109       126       329       185       63        70        116       106       268       261       283       77        106       271       17        17        8         78        91        268       102       63        226       194       77        119       118       71        30        30        68        271       185       63        63        8         78        184       152       268       245       275       261       116       91        126       62        68        194       208       106       125       144       30        62        68        85        314       170       62        50        0         82        178       166       245       275       296       306       102       102       109       70        70        
E15<52,54>232       183       239       77        115       132       335       191       69        76        122       112       274       267       289       83        112       277       23        23        14        4         97        274       108       69        232       200       83        125       124       77        36        36        74        277       191       69        69        14        4         190       158       274       251       281       267       122       97        132       68        74        200       214       112       131       150       36        68        74        91        320       176       68        56        6         0         184       172       251       281       302       312       108       108       115       76        76        
E16<55,56>279       230       286       593       449       432       392       248       585       592       123       244       90        83        336       599       628       334       539       539       530       520       166       90        155       585       279       247       599       641       640       593       552       552       590       334       248       585       585       530       520       6         215       90        67        97        83        123       166       432       584       590       247       261       628       647       666       552       584       590       607       377       233       584       572       522       524       0         201       67        97        118       128       155       155       449       592       592       
E17<42,57>234       185       241       392       248       231       191       47        384       391       78        199       130       123       291       398       427       133       338       338       329       319       121       130       110       384       234       202       398       440       439       392       351       351       389       133       47        384       384       329       319       46        14        130       107       137       123       78        121       231       383       389       202       216       427       446       465       351       383       389       406       176       32        383       371       321       323       40        0         107       137       158       168       110       110       248       391       391       
E18<60,62>212       163       219       526       382       365       325       181       518       525       56        177       23        16        269       532       561       267       472       472       463       453       99        23        88        518       212       180       532       574       573       526       485       485       523       267       181       518       518       463       453       180       148       23        0         30        16        56        99        365       517       523       180       194       561       580       599       485       517       523       540       310       166       517       505       455       457       174       134       0         30        51        61        88        88        382       525       525       
E19<62,63>242       193       249       556       412       395       355       211       548       555       86        207       53        46        299       562       591       297       502       502       493       483       129       53        118       548       242       210       562       604       603       556       515       515       553       297       211       548       548       493       483       210       178       53        30        0         46        86        129       395       547       553       210       224       591       610       629       515       547       553       570       340       196       547       535       485       487       204       164       30        0         21        91        118       118       412       555       555       
E20<63,65>263       214       270       577       433       416       376       232       569       576       107       228       74        67        320       583       612       318       523       523       514       504       150       74        139       569       263       231       583       625       624       577       536       536       574       318       232       569       569       514       504       231       199       74        51        21        67        107       150       416       568       574       231       245       612       631       650       536       568       574       591       361       217       568       556       506       508       225       185       51        21        0         112       139       139       433       576       576       
E21<66,68>273       224       280       587       443       426       386       242       579       586       117       238       84        45        330       593       622       328       533       533       524       514       160       84        149       579       273       241       593       635       634       587       546       546       584       328       242       579       579       524       514       241       209       84        61        91        45        117       160       426       578       584       241       255       622       641       660       546       578       584       601       371       227       578       566       516       518       235       195       61        91        112       0         149       149       443       586       586       
E22<58,69>124       75        131       502       358       341       301       157       494       501       32        89        240       233       181       508       537       243       448       448       439       429       11        240       0         494       124       92        508       550       549       502       461       461       499       243       157       494       494       439       429       156       124       240       217       247       233       32        11        341       493       499       92        106       537       556       575       461       493       499       516       286       142       493       481       431       433       150       110       217       247       268       278       0         0         358       501       501       
E23<59,69>124       75        131       502       358       341       301       157       494       501       32        89        240       233       181       508       537       243       448       448       439       429       11        240       0         494       124       92        508       550       549       502       461       461       499       243       157       494       494       439       429       156       124       240       217       247       233       32        11        341       493       499       92        106       537       556       575       461       493       499       516       286       142       493       481       431       433       150       110       217       247       268       278       0         0         358       501       501       
E24<23,75>299       250       306       144       0         17        402       258       136       143       189       179       341       334       356       150       179       344       90        90        81        71        164       341       175       136       299       267       150       192       191       144       103       103       141       344       258       136       136       81        71        257       225       341       318       348       334       189       164       17        135       141       267       281       179       198       217       103       135       141       158       387       243       135       123       73        75        251       239       318       348       369       379       175       175       0         143       143       
E25<20,76>252       203       259       29        119       136       411       267       145       80        142       39        350       343       309       7         36        353       99        99        90        88        117       350       128       145       252       220       7         49        48        29        40        40        78        353       267       145       145       90        88        266       234       350       327       357       343       142       117       136       8         78        220       234       36        55        74        40        8         78        95        396       252       144       132       90        92        260       220       327       357       378       388       128       128       119       0         80        
E26<21,51>228       179       235       81        43        60        331       187       65        0         118       108       270       263       285       87        116       273       19        19        10        8         93        270       104       65        228       196       87        129       128       81        40        40        2         273       187       65        65        10        8         186       154       270       247       277       263       118       93        60        72        2         196       210       116       135       154       40        72        2         19        316       172       64        52        10        12        180       168       247       277       298       308       104       104       43        80        0         
E1<2,1>   0         49        105       760       616       599       559       415       752       759       290       187       498       491       155       766       795       501       706       706       697       687       265       498       276       752       0         32        766       808       807       760       719       719       757       501       415       752       752       697       687       414       382       498       475       505       491       290       265       599       751       757       32        46        795       814       833       719       751       757       774       544       400       751       739       689       691       408       368       475       505       526       536       276       276       616       759       759       
E2<3,2>   32        17        73        728       584       567       527       383       720       727       258       155       466       459       123       734       763       469       674       674       665       655       233       466       244       720       32        0         734       776       775       728       687       687       725       469       383       720       720       665       655       382       350       466       443       473       459       258       233       567       719       725       0         14        763       782       801       687       719       725       742       512       368       719       707       657       659       376       336       443       473       494       504       244       244       584       727       727       
E3<16,12> 245       196       252       105       208       225       404       260       234       169       135       32        343       336       302       0         29        346       188       188       179       177       110       343       121       234       245       213       0         42        67        105       129       129       167       346       260       234       234       179       177       259       227       343       320       350       336       135       110       225       97        167       213       227       29        49        93        129       97        167       184       389       245       233       221       179       181       253       213       320       350       371       381       121       121       208       89        169       
E4<14,13> 299       250       306       63        166       183       458       314       192       127       189       86        397       390       356       54        83        400       146       146       137       135       164       397       175       192       299       267       54        0         25        63        87        87        125       400       314       192       192       137       135       313       281       397       374       404       390       189       164       183       55        125       267       281       83        7         51        87        55        125       142       443       299       191       179       137       139       307       267       374       404       425       435       175       175       166       47        127       
E5<17,15> 313       264       320       38        158       175       450       306       184       119       203       100       389       382       370       68        97        392       138       138       129       127       178       389       189       184       313       281       68        14        0         38        79        79        117       392       306       184       184       129       127       305       273       389       366       396       382       203       178       175       69        117       281       295       97        7         26        79        69        117       134       435       291       183       171       129       131       299       281       366       396       417       427       189       189       158       61        119       
E6<19,18> 309       260       316       0         120       137       412       268       146       81        199       120       351       344       366       88        117       354       100       100       91        89        174       351       185       146       309       277       88        130       129       0         41        41        79        354       268       146       146       91        89        267       235       351       328       358       344       199       174       137       73        79        277       291       117       136       155       41        73        79        96        397       253       145       133       91        93        261       249       328       358       379       389       185       185       120       81        81        
E7<20,19> 268       219       275       41        79        96        371       227       105       40        158       79        310       303       325       47        76        313       59        59        50        48        133       310       144       105       268       236       47        89        88        41        0         0         38        313       227       105       105       50        48        226       194       310       287       317       303       158       133       96        32        38        236       250       76        95        114       0         32        38        55        356       212       104       92        50        52        220       208       287       317       338       348       144       144       79        40        40        
E8<21,19> 268       219       275       41        79        96        371       227       105       40        158       79        310       303       325       47        76        313       59        59        50        48        133       310       144       105       268       236       47        89        88        41        0         0         38        313       227       105       105       50        48        226       194       310       287       317       303       158       133       96        32        38        236       250       76        95        114       0         32        38        55        356       212       104       92        50        52        220       208       287       317       338       348       144       144       79        40        40        
E9<22,21> 230       181       237       79        41        58        333       189       67        2         120       110       272       265       287       85        114       275       21        21        12        10        95        272       106       67        230       198       85        127       126       79        38        38        0         275       189       67        67        12        10        188       156       272       249       279       265       120       95        58        70        0         198       212       114       133       152       38        70        0         17        318       174       66        54        12        14        182       170       249       279       300       310       106       106       41        78        2         
E10<34,32>406       357       413       259       115       98        58        133       251       258       250       294       274       267       463       265       294       0         205       205       196       186       279       274       282       251       406       374       265       307       306       259       218       218       256       0         133       251       251       196       186       190       158       274       251       281       267       250       279       98        250       256       374       388       294       313       332       218       250       256       273       43        140       250       238       188       190       184       172       251       281       302       312       282       282       115       258       258       
E11<41,35>281       232       288       345       201       184       144       0         337       344       125       246       149       142       338       351       380       86        291       291       282       272       168       149       157       337       281       249       351       393       392       345       304       304       342       86        0         337       337       282       272       65        33        149       126       156       142       125       168       184       336       342       249       263       380       399       418       304       336       342       359       129       15        336       324       274       276       59        47        126       156       177       187       157       157       201       344       344       
E12<45,44>163       114       170       467       323       306       266       122       0         466       53        106       205       198       220       473       502       208       413       413       404       394       28        205       39        0         163       131       473       515       514       467       426       426       464       208       122       0         0         404       394       121       89        205       182       212       198       53        28        306       458       464       131       145       502       521       540       426       458       464       481       251       107       12        13        396       398       115       103       182       212       233       243       39        39        323       466       466       
E13<46,44>163       114       170       467       323       306       266       122       0         466       53        106       205       198       220       473       502       208       413       413       404       394       28        205       39        0         163       131       473       515       514       467       426       426       464       208       122       0         0         404       394       121       89        205       182       212       198       53        28        306       458       464       131       145       502       521       540       426       458       464       481       251       107       12        13        396       398       115       103       182       212       233       243       39        39        323       466       466       
E14<50,49>218       169       225       79        117       134       321       177       55        78        108       98        260       253       275       85        114       263       9         9         0         86        83        260       94        55        218       186       85        127       126       79        38        38        76        263       177       55        55        0         86        176       144       260       237       267       253       108       83        134       70        76        186       200       114       133       152       38        70        76        93        306       162       54        42        8         90        170       158       237       267       288       298       94        94        117       78        78        
E15<54,52>228       179       235       73        111       128       331       187       65        72        118       108       270       263       285       79        108       273       19        19        10        0         93        270       104       65        228       196       79        121       120       73        32        32        70        273       187       65        65        10        0         186       154       270       247       277       263       118       93        128       64        70        196       210       108       127       146       32        64        70        87        316       172       64        52        2         4         180       168       247       277       298       308       104       104       111       72        72        
E16<56,55>285       236       292       599       455       438       398       254       591       598       129       250       96        89        342       605       634       340       545       545       536       526       172       96        161       591       285       253       605       647       646       599       558       558       596       340       254       591       591       536       526       0         221       96        73        103       89        129       172       438       590       596       253       267       634       653       672       558       590       596       613       383       239       590       578       528       530       6         207       73        103       124       134       161       161       455       598       598       
E17<57,42>248       199       255       378       234       217       177       33        370       377       92        213       116       109       305       384       413       119       324       324       315       305       135       116       124       370       248       216       384       426       425       378       337       337       375       119       33        370       370       315       305       32        0         116       93        123       109       92        135       217       369       375       216       230       413       432       451       337       369       375       392       162       18        369       357       307       309       26        14        93        123       144       154       124       124       234       377       377       
E18<62,60>189       140       196       503       359       342       302       158       495       502       33        154       0         39        246       509       538       244       449       449       440       430       76        0         65        495       189       157       509       551       550       503       462       462       500       244       158       495       495       440       430       157       125       0         23        53        39        33        76        342       494       500       157       171       538       557       576       462       494       500       517       287       143       494       482       432       434       151       111       23        53        74        84        65        65        359       502       502       
E19<63,62>212       163       219       526       382       365       325       181       518       525       56        177       23        16        269       532       561       267       472       472       463       453       99        23        88        518       212       180       532       574       573       526       485       485       523       267       181       518       518       463       453       180       148       23        0         30        16        56        99        365       517       523       180       194       561       580       599       485       517       523       540       310       166       517       505       455       457       174       134       0         30        51        61        88        88        382       525       525       
E20<65,63>242       193       249       556       412       395       355       211       548       555       86        207       53        46        299       562       591       297       502       502       493       483       129       53        118       548       242       210       562       604       603       556       515       515       553       297       211       548       548       493       483       210       178       53        30        0         46        86        129       395       547       553       210       224       591       610       629       515       547       553       570       340       196       547       535       485       487       204       164       30        0         21        91        118       118       412       555       555       
E21<68,66>228       179       235       542       398       381       341       197       534       541       72        193       39        0         285       548       577       283       488       488       479       469       115       39        104       534       228       196       548       590       589       542       501       501       539       283       197       534       534       479       469       196       164       39        16        46        0         72        115       381       533       539       196       210       577       596       615       501       533       539       556       326       182       533       521       471       473       190       150       16        46        67        45        104       104       398       541       541       
E22<69,58>156       107       163       470       326       309       269       125       462       469       0         121       208       201       213       476       505       211       416       416       407       397       43        208       32        462       156       124       476       518       517       470       429       429       467       211       125       462       462       407       397       124       92        208       185       215       201       0         43        309       461       467       124       138       505       524       543       429       461       467       484       254       110       461       449       399       401       118       78        185       215       236       246       32        32        326       469       469       
E23<69,59>135       86        142       495       351       334       294       150       487       494       25        78        233       226       192       501       530       236       441       441       432       422       0         233       11        487       135       103       501       543       542       495       454       454       492       236       150       487       487       432       422       149       117       233       210       240       226       25        0         334       486       492       103       117       530       549       568       454       486       492       509       279       135       486       474       424       426       143       103       210       240       261       271       11        11        351       494       494       
E24<75,23>316       267       323       161       17        0         419       275       153       160       206       196       358       351       373       167       196       361       107       107       98        88        181       358       192       153       316       284       167       209       208       161       120       120       158       361       275       153       153       98        88        274       242       358       335       365       351       206       181       0         152       158       284       298       196       215       234       120       152       158       175       404       260       152       140       90        92        268       256       335       365       386       396       192       192       17        160       160       
E25<76,20>260       211       267       21        111       128       403       259       137       72        150       47        342       335       317       15        44        345       91        91        82        80        125       342       136       137       260       228       15        57        56        21        32        32        70        345       259       137       137       82        80        258       226       342       319       349       335       150       125       128       0         70        228       242       44        63        82        32        0         70        87        388       244       136       124       82        84        252       228       319       349       370       380       136       136       111       8         72        
E26<51,21>230       181       237       79        41        58        333       189       67        2         120       110       272       265       287       85        114       275       21        21        12        10        95        272       106       67        230       198       85        127       126       79        38        38        0         275       189       67        67        12        10        188       156       272       249       279       265       120       95        58        70        0         198       212       114       133       152       38        70        0         17        318       174       66        54        12        14        182       170       249       279       300       310       106       106       41        78        2         
