Data =>
	instName=TWe6
	optimalValue=-1
	vehicles=-1
	capacity=140
	depotNode=1
	nodes=77
	arcs=32
	edges=66
	requiredN=20
	requiredA=17
	requiredE=35
0		-1		-1		-1		-1		-1		-1		-1		-1		-1		-1		-1		-1		-1		-1		-1		-1		-1		-1		-1		-1		-1		-1		-1		-1		-1		-1		-1		-1		-1		-1		-1		-1		-1		-1		-1		-1		-1		-1		-1		-1		-1		-1		-1		-1		-1		-1		-1		-1		-1		-1		-1		-1		-1		-1		-1		-1		-1		-1		-1		-1		-1		-1		-1		-1		-1		-1		-1		-1		-1		-1		-1		-1		-1		-1		-1		-1		-1		
-1		0		32		46		49		105		113		111		129		155		175		187		219		261		268		274		248		300		307		266		234		304		321		362		326		361		374		389		392		388		416		402		460		490		503		481		517		501		509		480		475		466		448		437		359		358		346		313		266		304		296		306		298		302		302		480		474		462		156		135		189		228		541		571		580		592		557		510		602		124		465		409		399		404		429		345		226		261		
-1		32		0		14		17		73		81		79		97		123		143		155		187		229		236		242		216		268		275		234		202		272		289		330		294		329		342		357		360		356		384		370		428		458		471		449		485		469		477		448		443		434		416		405		327		326		314		281		234		272		264		274		266		270		270		448		442		430		124		103		157		196		509		539		548		560		525		478		570		92		433		377		367		372		397		313		194		229		
-1		46		14		0		31		87		95		93		111		137		157		169		201		243		250		256		230		282		289		248		216		286		303		344		308		343		356		371		374		370		398		384		442		472		485		463		499		483		491		462		457		448		430		419		341		340		328		295		248		286		278		288		280		284		284		462		456		444		138		117		171		210		523		553		562		574		539		492		584		106		447		391		381		386		411		327		208		243		
-1		49		17		31		0		56		64		62		80		106		126		138		170		212		219		225		199		251		258		217		185		255		272		313		277		312		325		340		343		339		367		353		411		441		454		432		468		452		460		431		426		417		399		388		310		309		297		264		217		255		247		257		249		253		253		431		425		413		107		86		140		179		492		522		531		543		508		461		553		75		416		360		350		355		380		296		177		212		
-1		295		263		277		246		0		8		6		24		50		70		82		114		156		163		169		143		195		202		161		129		199		216		257		221		256		269		284		287		283		311		297		355		385		398		376		412		396		404		375		370		361		343		332		254		253		241		208		161		199		191		201		193		197		197		375		369		357		185		160		218		257		436		466		475		487		452		405		497		171		360		304		294		299		324		240		121		156		
-1		303		271		285		254		8		0		14		32		58		78		90		122		164		171		177		151		203		210		169		137		207		224		265		229		264		277		292		295		291		319		305		363		393		406		384		420		404		412		383		378		369		351		340		262		261		249		216		169		207		199		209		201		205		205		383		377		365		193		168		226		265		444		474		483		495		460		413		505		179		368		312		302		307		332		248		129		164		
-1		289		257		271		240		6		14		0		18		44		64		76		108		150		157		163		137		189		196		155		123		193		210		251		215		250		263		278		281		277		305		291		349		379		392		370		406		390		398		369		364		355		337		326		248		247		235		202		155		193		185		195		187		191		191		369		363		351		179		154		212		251		430		460		469		481		446		399		491		165		354		298		288		293		318		234		115		150		
-1		271		239		253		222		24		32		18		0		26		46		58		90		132		139		145		119		171		178		137		105		175		192		233		197		232		245		260		263		259		287		273		331		361		374		352		388		372		380		351		346		337		319		308		230		229		217		184		137		175		167		177		169		173		173		351		345		333		161		136		194		233		412		442		451		463		428		381		473		147		336		280		270		275		300		216		97		132		
-1		245		213		227		196		252		260		258		276		0		20		32		64		106		113		119		93		145		152		111		79		149		166		207		171		206		219		234		237		233		261		247		305		335		348		326		362		346		354		325		320		311		293		282		204		203		191		158		111		149		141		151		143		147		147		325		319		307		135		110		168		207		386		416		425		437		402		355		447		121		310		254		244		249		274		190		71		106		
-1		225		193		207		176		232		240		238		256		20		0		12		44		86		93		99		73		125		132		91		59		129		146		187		151		186		199		214		217		213		241		227		285		315		328		306		342		326		334		305		300		291		273		262		184		183		171		138		91		129		121		131		123		127		127		305		299		287		115		90		148		187		366		396		405		417		382		335		427		101		290		234		224		229		254		170		51		86		
-1		213		181		195		164		220		228		226		244		270		290		0		32		74		81		87		61		113		120		79		47		117		134		175		139		174		187		202		205		201		229		215		273		303		316		294		330		314		322		293		288		279		261		250		172		171		159		126		79		117		109		119		111		115		115		293		287		275		103		78		136		175		354		384		393		405		370		323		415		89		278		222		212		217		242		158		39		74		
-1		245		213		227		196		252		260		258		276		302		322		32		0		42		49		55		29		81		88		47		15		85		102		143		107		142		155		170		173		169		197		183		241		271		284		262		298		282		290		261		256		247		229		218		140		139		127		94		104		85		77		87		79		83		83		261		255		243		135		110		168		207		322		352		361		373		338		291		383		121		246		190		180		185		210		126		7		42		
-1		287		255		269		238		294		302		300		318		344		364		74		42		0		7		97		13		123		130		89		57		127		144		185		149		184		197		212		215		211		239		225		283		313		326		304		340		324		332		303		298		289		271		260		182		181		169		136		146		127		119		129		121		125		125		303		297		285		177		152		210		249		364		394		403		415		380		333		425		163		288		232		222		227		252		168		49		84		
-1		294		262		276		245		301		309		307		325		351		371		81		49		7		0		104		20		130		137		96		64		134		151		192		156		191		204		219		222		218		246		232		290		320		333		311		347		331		339		310		305		296		278		267		189		188		176		143		153		134		126		136		128		132		132		310		304		292		184		159		217		256		371		401		410		422		387		340		432		170		295		239		229		234		259		175		56		91		
-1		301		269		283		252		308		316		314		332		358		378		88		56		14		7		0		27		26		144		103		71		141		158		199		163		198		211		226		229		225		253		239		297		327		340		318		354		338		346		317		312		303		285		274		196		195		183		150		160		141		133		143		135		139		139		317		311		299		191		166		224		263		378		408		417		429		394		347		439		177		302		246		236		241		266		182		63		13		
-1		274		242		256		225		281		289		287		305		331		351		61		29		13		20		84		0		110		117		76		44		114		131		172		136		171		184		199		202		198		226		212		270		300		313		291		327		311		319		290		285		276		258		247		169		168		156		123		133		114		106		116		108		112		112		290		284		272		164		139		197		236		351		381		390		402		367		320		412		150		275		219		209		214		239		155		36		71		
-1		327		295		309		278		334		342		340		358		384		404		114		82		40		33		26		53		0		170		129		97		167		184		225		189		224		237		252		255		251		279		265		323		353		366		344		380		364		372		343		338		329		311		300		222		221		209		176		186		167		159		169		161		165		165		343		337		325		217		192		250		289		404		434		443		455		420		373		465		203		328		272		262		267		292		208		89		39		
-1		297		265		279		248		304		312		310		328		354		374		126		94		52		45		38		65		64		0		41		21		79		96		137		101		136		149		164		167		163		191		177		235		265		278		256		292		276		284		255		250		241		223		212		134		133		121		88		98		79		71		81		73		77		77		255		249		237		187		162		220		259		316		346		355		367		332		285		377		173		158		102		92		97		122		120		101		51		
-1		256		224		238		207		263		271		269		287		313		333		136		135		93		86		79		106		105		41		0		32		38		55		96		60		95		108		123		126		122		150		136		194		224		237		215		251		235		243		214		209		200		182		171		93		92		80		47		57		38		30		40		32		36		36		214		208		196		146		121		179		218		275		305		314		326		291		244		336		132		199		143		133		138		163		79		142		92		
-1		288		256		270		239		295		303		301		319		345		365		168		167		125		118		111		138		137		73		32		0		70		87		128		92		127		140		155		158		154		182		168		226		256		269		247		283		267		275		246		241		232		214		203		125		124		112		79		89		70		62		72		64		68		68		246		240		228		178		153		211		250		307		337		346		358		323		276		368		164		231		175		165		170		195		111		174		124		
-1		294		262		276		245		301		309		307		325		351		371		174		173		131		124		117		144		143		79		38		70		0		17		58		84		57		70		85		88		84		112		98		156		186		199		242		213		261		269		252		247		238		220		209		131		130		118		85		95		76		68		78		70		74		74		252		246		234		184		159		217		256		313		343		352		364		329		282		374		170		237		181		171		176		201		41		180		130		
-1		311		279		293		262		318		326		324		342		368		388		191		190		148		141		134		161		160		96		55		87		17		0		41		67		40		53		68		71		67		95		81		139		169		182		225		196		244		252		254		249		240		237		226		148		147		135		102		112		93		85		95		87		91		91		269		263		251		201		176		234		273		330		360		369		381		346		299		391		187		254		198		188		193		218		24		197		147		
-1		375		343		357		326		382		390		388		406		432		452		255		254		212		205		198		225		224		160		119		151		81		64		0		60		33		12		27		30		46		54		40		98		128		141		184		155		203		211		213		208		199		217		228		212		211		199		166		176		157		149		159		151		155		155		249		243		231		265		240		298		337		310		340		349		361		326		279		371		251		318		262		252		257		282		17		261		211		
-1		315		283		297		266		322		330		328		346		372		392		195		194		152		145		138		165		164		100		59		91		21		4		45		0		44		57		72		75		71		99		85		143		173		186		229		200		248		256		258		253		244		241		230		152		151		139		106		116		97		89		99		91		95		95		273		267		255		205		180		238		277		334		364		373		385		350		303		395		191		258		202		192		197		222		28		201		151		
-1		342		310		324		293		349		357		355		373		399		419		222		221		179		172		165		192		191		127		86		118		48		31		33		27		0		17		32		35		27		87		73		131		161		174		217		188		236		244		246		241		232		250		257		179		178		166		133		143		124		116		126		118		122		122		282		276		264		232		207		265		304		343		373		382		394		359		312		404		218		285		229		219		224		249		16		228		178		
-1		403		371		385		354		410		418		416		434		460		480		283		282		240		233		226		253		252		188		147		179		109		92		94		88		61		0		15		18		34		148		134		192		222		235		278		249		297		305		307		302		293		311		318		240		239		227		194		204		185		177		187		179		183		183		343		337		325		293		268		326		365		404		434		443		455		420		373		465		279		346		290		280		285		310		77		289		239		
-1		418		386		400		369		425		433		431		449		475		495		298		297		255		248		241		268		267		203		162		194		124		107		109		103		76		15		0		33		49		163		149		207		237		250		293		264		312		320		322		317		308		326		333		255		254		242		209		219		200		192		202		194		198		198		358		352		340		308		283		341		380		419		449		458		470		435		388		480		294		361		305		295		300		325		92		304		254		
-1		385		353		367		336		392		400		398		416		442		462		265		264		222		215		208		235		234		170		129		161		91		74		76		70		43		18		33		0		16		130		116		174		204		217		260		231		279		287		289		284		275		293		300		222		221		209		176		186		167		159		169		161		165		165		325		319		307		275		250		308		347		386		416		425		437		402		355		447		261		328		272		262		267		292		59		271		221		
-1		369		337		351		320		376		384		382		400		426		446		249		248		206		199		192		219		218		154		113		145		75		58		60		54		27		34		49		16		0		114		100		158		188		201		244		215		263		271		273		268		259		277		284		206		205		193		160		170		151		143		153		145		149		149		309		303		291		259		234		292		331		370		400		409		421		386		339		431		245		312		256		246		251		276		43		255		205		
-1		439		407		421		390		446		454		452		470		496		516		386		418		460		467		473		447		499		506		465		433		503		520		561		525		560		573		588		591		587		0		14		72		102		115		158		129		177		185		187		182		173		191		202		558		557		545		512		465		503		495		505		497		501		501		223		217		205		283		308		282		321		284		314		323		335		300		253		345		315		664		608		598		603		628		544		425		460		
-1		425		393		407		376		432		440		438		456		482		502		372		404		446		453		459		433		485		492		451		419		489		506		547		511		546		559		574		577		573		14		0		58		88		101		144		115		163		171		173		168		159		177		188		544		543		531		498		451		489		481		491		483		487		487		209		203		191		269		294		268		307		270		300		309		321		286		239		331		301		650		594		584		589		614		530		411		446		
-1		367		335		349		318		374		382		380		398		424		444		314		346		388		395		401		375		427		434		393		361		431		448		489		453		488		501		516		519		515		543		529		0		30		43		86		57		105		113		115		110		101		119		130		486		485		473		440		393		431		423		433		425		429		429		151		145		133		211		236		210		249		212		242		251		263		228		181		273		243		592		536		526		531		556		472		353		388		
-1		397		365		379		348		404		412		410		428		454		474		344		376		418		425		431		405		457		464		423		391		461		478		519		483		518		531		546		549		545		573		559		30		0		73		116		27		75		83		145		140		131		149		160		516		515		503		470		423		461		453		463		455		459		459		181		175		163		241		266		240		279		242		272		281		293		258		211		303		273		622		566		556		561		586		502		383		418		
-1		410		378		392		361		417		425		423		441		467		487		357		389		431		438		444		418		470		477		436		404		474		491		532		496		531		544		559		562		558		586		572		43		73		0		129		100		148		156		158		153		144		162		173		529		528		516		483		436		474		466		476		468		472		472		194		188		176		254		279		253		292		255		285		294		306		271		224		316		286		635		579		569		574		599		515		396		431		
-1		281		249		263		232		288		296		294		312		338		358		228		260		302		309		315		289		341		348		307		275		345		362		403		367		402		415		430		433		429		457		443		86		116		129		0		143		50		58		29		24		15		33		44		400		399		387		354		307		345		337		347		339		343		343		65		59		47		125		150		124		163		126		156		165		177		142		95		187		157		506		450		440		445		470		386		267		302		
-1		424		392		406		375		431		439		437		455		481		501		371		403		445		452		458		432		484		491		450		418		488		505		546		510		545		558		573		576		572		600		586		57		27		100		143		0		102		110		172		167		158		176		187		543		542		530		497		450		488		480		490		482		486		486		208		202		190		268		293		267		306		269		299		308		320		285		238		330		300		649		593		583		588		613		529		410		445		
-1		472		440		454		423		479		487		485		503		529		549		419		451		493		500		506		480		532		539		498		466		536		553		594		558		593		606		621		624		620		648		634		105		75		148		191		102		0		8		220		215		206		224		235		591		590		578		545		498		536		528		538		530		534		534		256		250		238		316		341		315		354		317		347		356		368		333		286		378		348		697		641		631		636		661		577		458		493		
-1		480		448		462		431		487		495		493		511		537		557		427		459		501		508		514		488		540		547		506		474		544		561		602		566		601		614		629		632		628		656		642		113		83		156		199		110		8		0		228		223		214		232		243		599		598		586		553		506		544		536		546		538		542		542		264		258		246		324		349		323		362		325		355		364		376		341		294		386		356		705		649		639		644		669		585		466		501		
-1		280		248		262		231		287		295		293		311		337		357		227		259		301		308		314		288		340		347		306		274		344		361		402		366		401		414		429		432		428		456		442		93		96		136		7		123		21		29		0		5		14		32		43		399		398		386		353		306		344		336		346		338		342		342		64		58		46		124		149		123		162		125		155		164		176		141		94		186		156		505		449		439		444		469		385		266		301		
-1		275		243		257		226		282		290		288		306		332		352		222		254		296		303		309		283		335		342		301		269		339		356		397		361		396		409		424		427		423		451		437		98		101		141		12		128		26		34		5		0		9		27		38		394		393		381		348		301		339		331		341		333		337		337		59		53		41		119		144		118		157		120		150		159		171		136		89		181		151		500		444		434		439		464		380		261		296		
-1		266		234		248		217		273		281		279		297		323		343		213		245		287		294		300		274		326		333		292		260		330		347		388		352		387		400		415		418		414		442		428		101		110		144		15		137		35		43		14		9		0		18		29		385		384		372		339		292		330		322		332		324		328		328		50		44		32		110		135		109		148		111		141		150		162		127		80		172		142		491		435		425		430		455		371		252		287		
-1		248		216		230		199		255		263		261		279		305		325		195		227		269		276		282		256		308		315		274		242		312		329		370		334		369		382		397		400		396		424		410		119		128		162		33		155		53		61		32		27		18		0		11		367		366		354		321		274		312		304		314		306		310		310		32		26		14		92		117		91		130		93		123		132		144		109		62		154		124		473		417		407		412		437		353		234		269		
-1		259		227		241		210		266		274		272		290		316		336		206		238		280		287		293		267		319		326		285		253		323		340		381		345		380		393		408		411		407		435		421		130		139		173		44		166		64		72		43		38		29		11		0		378		377		365		332		285		323		315		325		317		321		321		43		37		25		103		128		102		141		104		134		143		155		120		73		165		135		484		428		418		423		448		364		245		280		
-1		163		131		145		114		170		178		176		194		220		240		106		138		180		187		184		167		210		146		105		137		67		84		125		93		124		137		152		155		151		179		165		208		217		251		122		244		142		150		121		116		107		89		78		0		12		13		46		56		55		75		65		73		69		77		121		115		103		53		28		86		125		182		212		221		233		198		151		243		39		304		248		238		243		268		108		145		180		
-1		175		143		157		126		182		190		188		206		232		252		118		150		192		199		196		179		222		158		117		149		79		96		137		105		136		149		164		167		163		191		177		220		229		263		134		256		154		162		133		128		119		101		90		12		0		25		58		68		67		87		77		85		81		89		133		127		115		65		40		98		137		194		224		233		245		210		163		255		51		316		260		250		255		280		120		157		192		
-1		176		144		158		127		183		191		189		207		233		253		119		151		185		178		171		180		197		133		92		124		54		71		112		80		111		124		139		142		138		166		152		210		230		253		135		257		155		163		134		129		120		102		91		13		12		0		33		43		42		62		52		60		56		64		134		128		116		66		41		99		138		195		225		234		246		211		164		256		52		291		235		225		230		255		95		158		184		
-1		209		177		191		160		216		224		222		240		266		286		89		121		152		145		138		150		164		100		59		91		21		38		79		47		78		91		106		109		105		133		119		177		207		220		168		234		188		196		167		162		153		135		124		46		45		33		0		10		9		29		19		27		23		31		167		161		149		99		74		132		171		228		258		267		279		244		197		289		85		258		202		192		197		222		62		128		151		
-1		292		260		274		243		299		307		305		323		349		369		79		111		153		160		166		140		192		199		158		126		196		213		254		218		253		266		281		284		280		308		294		352		382		395		373		409		393		401		372		367		358		340		329		251		250		238		205		0		196		188		198		190		194		194		372		366		354		182		157		215		254		433		463		472		484		449		402		494		168		357		301		291		296		321		237		118		153		
-1		218		186		200		169		225		233		231		249		275		295		98		130		143		136		129		156		155		91		50		82		12		29		70		38		69		82		97		100		96		124		110		168		198		211		177		225		197		205		176		171		162		144		133		55		54		42		9		19		0		20		10		18		14		22		176		170		158		108		83		141		180		237		267		276		288		253		206		298		94		249		193		183		188		213		53		137		142		
-1		226		194		208		177		233		241		239		257		283		303		106		138		123		116		109		136		135		71		30		62		12		29		70		30		69		82		97		100		96		124		110		168		198		211		185		225		205		213		184		179		170		152		141		63		62		50		17		27		8		0		10		2		6		6		184		178		166		116		91		149		188		245		275		284		296		261		214		306		102		229		173		163		168		193		53		145		122		
-1		228		196		210		179		235		243		241		259		285		305		108		140		133		126		119		146		145		81		40		72		2		19		60		28		59		72		87		90		86		114		100		158		188		201		187		215		207		215		186		181		172		154		143		65		64		52		19		29		10		10		0		8		4		12		186		180		168		118		93		151		190		247		277		286		298		263		216		308		104		239		183		173		178		203		43		147		132		
-1		228		196		210		179		235		243		241		259		285		305		108		140		125		118		111		138		137		73		32		64		10		27		68		28		67		80		95		98		94		122		108		166		196		209		187		223		207		215		186		181		172		154		143		65		64		52		19		29		10		2		8		0		4		4		186		180		168		118		93		151		190		247		277		286		298		263		216		308		104		231		175		165		170		195		51		147		124		
-1		232		200		214		183		239		247		245		263		289		309		112		144		129		122		115		142		141		77		36		68		6		23		64		24		63		76		91		94		90		118		104		162		192		205		191		219		211		219		190		185		176		158		147		69		68		56		23		33		14		6		4		4		0		8		190		184		172		122		97		155		194		251		281		290		302		267		220		312		108		235		179		169		174		199		47		151		128		
-1		232		200		214		183		239		247		245		263		289		309		112		144		129		122		115		142		141		77		36		68		14		31		72		32		71		84		99		102		98		126		112		170		200		213		191		227		211		219		190		185		176		158		147		69		68		56		23		33		14		6		12		4		8		0		190		184		172		122		97		155		194		251		281		290		302		267		220		312		108		235		179		169		174		199		55		151		128		
-1		260		228		242		211		267		275		273		291		317		337		207		239		281		288		294		268		320		327		286		254		324		341		382		346		381		394		409		412		408		436		422		151		160		194		65		187		85		93		64		59		50		32		43		379		378		366		333		286		324		316		326		318		322		322		0		6		46		104		129		71		110		73		103		112		124		89		42		134		136		485		429		419		424		449		365		246		281		
-1		254		222		236		205		261		269		267		285		311		331		201		233		275		282		288		262		314		321		280		248		318		335		376		340		375		388		403		406		402		430		416		145		154		188		59		181		79		87		58		53		44		26		37		373		372		360		327		280		318		310		320		312		316		316		6		0		40		98		123		65		104		67		97		106		118		83		36		128		130		479		423		413		418		443		359		240		275		
-1		234		202		216		185		241		249		247		265		291		311		181		213		255		262		268		242		294		301		260		228		298		315		356		320		355		368		383		386		382		410		396		133		142		176		47		169		67		75		46		41		32		14		25		353		352		340		307		260		298		290		300		292		296		296		46		40		0		78		103		105		144		107		137		146		158		123		76		168		110		459		403		393		398		423		339		220		255		
-1		156		124		138		107		163		171		169		187		213		233		103		135		177		184		190		164		216		223		182		150		220		237		278		242		277		290		305		308		304		332		318		376		406		419		397		433		417		425		396		391		382		364		353		275		274		262		229		182		220		212		222		214		218		218		396		390		378		0		25		33		72		457		487		496		508		473		426		518		32		381		325		315		320		345		261		142		177		
-1		135		103		117		86		142		150		148		166		192		212		78		110		152		159		165		139		191		198		157		125		195		212		253		217		252		265		280		283		279		307		293		351		381		394		372		408		392		400		371		366		357		339		328		250		249		237		204		157		195		187		197		189		193		193		371		365		353		25		0		58		97		432		462		471		483		448		401		493		11		356		300		290		295		320		236		117		152		
-1		189		157		171		140		196		204		202		220		246		266		136		168		210		217		223		197		249		256		215		183		253		270		311		275		310		323		338		341		337		365		351		409		439		452		430		466		450		458		429		424		415		397		386		308		307		295		262		215		253		245		255		247		251		251		429		423		411		33		58		0		39		490		520		529		541		506		459		551		65		414		358		348		353		378		294		175		210		
-1		228		196		210		179		235		243		241		259		285		305		175		207		249		256		262		236		288		295		254		222		292		309		350		314		349		362		377		380		376		404		390		448		478		491		469		505		489		497		468		463		454		436		425		347		346		334		301		254		292		284		294		286		290		290		468		462		450		72		97		39		0		529		559		568		580		545		498		590		104		453		397		387		392		417		333		214		249		
-1		212		180		194		163		219		227		225		243		269		289		159		191		233		240		246		220		272		279		238		206		276		293		334		298		333		346		361		364		360		388		374		212		221		255		126		248		146		154		125		120		111		93		104		331		330		318		285		238		276		268		278		270		274		274		73		67		107		56		81		23		62		0		30		39		51		16		31		61		88		437		381		371		376		401		317		198		233		
-1		242		210		224		193		249		257		255		273		299		319		189		221		263		270		276		250		302		309		268		236		306		323		364		328		363		376		391		394		390		418		404		242		251		285		156		278		176		184		155		150		141		123		134		361		360		348		315		268		306		298		308		300		304		304		103		97		137		86		111		53		92		30		0		9		21		46		61		91		118		467		411		401		406		431		347		228		263		
-1		251		219		233		202		258		266		264		282		308		328		198		230		272		279		285		259		311		318		277		245		315		332		373		337		372		385		400		403		399		427		413		251		260		294		165		287		185		193		164		159		150		132		143		370		369		357		324		277		315		307		317		309		313		313		112		106		146		95		120		62		101		39		9		0		30		55		70		100		127		476		420		410		415		440		356		237		272		
-1		263		231		245		214		270		278		276		294		320		340		210		242		284		291		297		271		323		330		289		257		327		344		385		349		384		397		412		415		411		439		425		263		272		306		177		299		197		205		176		171		162		144		155		382		381		369		336		289		327		319		329		321		325		325		124		118		158		107		132		74		113		51		21		30		0		67		82		112		139		488		432		422		427		452		368		249		284		
-1		228		196		210		179		235		243		241		259		285		305		175		207		249		256		262		236		288		295		254		222		292		309		350		314		349		362		377		380		376		404		390		228		237		271		142		264		162		170		141		136		127		109		120		347		346		334		301		254		292		284		294		286		290		290		89		83		123		72		97		39		78		16		46		55		67		0		47		45		104		453		397		387		392		417		333		214		249		
-1		218		186		200		169		225		233		231		249		275		295		165		197		239		246		252		226		278		285		244		212		282		299		340		304		339		352		367		370		366		394		380		181		190		224		95		217		115		123		94		89		80		62		73		337		336		324		291		244		282		274		284		276		280		280		42		36		76		62		87		29		68		31		61		70		82		47		0		92		94		443		387		377		382		407		323		204		239		
-1		273		241		255		224		280		288		286		304		330		350		220		252		294		301		307		281		333		340		299		267		337		354		395		359		394		407		422		425		421		449		435		273		282		316		187		309		207		215		186		181		172		154		165		392		391		379		346		299		337		329		339		331		335		335		134		128		168		117		142		84		123		61		91		100		112		45		92		0		149		498		442		432		437		462		378		259		294		
-1		124		92		106		75		131		139		137		155		181		201		89		121		163		170		176		150		202		209		168		136		206		223		264		228		263		276		291		294		290		318		304		362		392		405		383		419		403		411		382		377		368		350		339		261		260		248		215		168		206		198		208		200		204		204		382		376		364		32		11		65		104		443		473		482		494		459		412		504		0		367		311		301		306		331		247		128		163		
-1		451		419		433		402		458		466		464		482		508		528		280		248		206		199		192		219		218		154		195		175		233		250		291		255		290		303		318		321		317		345		331		389		419		432		410		446		430		438		409		404		395		377		366		288		287		275		242		252		233		225		235		227		231		231		409		403		391		341		316		374		413		470		500		509		521		486		439		531		327		0		56		62		67		92		274		255		205		
-1		395		363		377		346		402		410		408		426		452		472		224		192		150		143		136		163		162		98		139		119		177		194		235		199		234		247		262		265		261		289		275		333		363		376		354		390		374		382		353		348		339		321		310		232		231		219		186		196		177		169		179		171		175		175		353		347		335		285		260		318		357		414		444		453		465		430		383		475		271		56		0		6		11		36		218		199		149		
-1		389		357		371		340		396		404		402		420		446		466		218		186		144		137		130		157		156		92		133		113		171		188		229		193		228		241		256		259		255		283		269		327		357		370		348		384		368		376		347		342		333		315		304		226		225		213		180		190		171		163		173		165		169		169		347		341		329		279		254		312		351		408		438		447		459		424		377		469		265		66		10		0		5		30		212		193		143		
-1		400		368		382		351		407		415		413		431		457		477		229		197		155		148		141		168		167		103		144		124		182		199		240		204		239		252		267		270		266		294		280		338		368		381		359		395		379		387		358		353		344		326		315		237		236		224		191		201		182		174		184		176		180		180		358		352		340		290		265		323		362		419		449		458		470		435		388		480		276		61		5		11		0		25		223		204		154		
-1		425		393		407		376		432		440		438		456		482		502		254		222		180		173		166		193		192		128		169		149		207		224		265		229		264		277		292		295		291		319		305		363		393		406		384		420		404		412		383		378		369		351		340		262		261		249		216		226		207		199		209		201		205		205		383		377		365		315		290		348		387		444		474		483		495		460		413		505		301		86		30		36		25		0		248		229		179		
-1		358		326		340		309		365		373		371		389		415		435		238		237		195		188		181		208		207		143		102		134		64		47		17		43		16		29		44		47		43		71		57		115		145		158		201		172		220		228		230		225		216		234		245		195		194		182		149		159		140		132		142		134		138		138		266		260		248		248		223		281		320		327		357		366		378		343		296		388		234		301		245		235		240		265		0		244		194		
-1		296		264		278		247		303		311		309		327		353		373		121		89		47		54		48		60		74		81		40		8		78		95		136		100		135		148		163		166		162		190		176		234		264		277		255		291		275		283		254		249		240		222		211		133		132		120		87		97		78		70		80		72		76		76		254		248		236		186		161		219		258		315		345		354		366		331		284		376		172		239		183		173		178		203		119		0		35		
-1		299		267		281		250		306		314		312		330		356		376		86		54		12		19		13		25		39		142		101		69		139		156		197		161		196		209		224		227		223		251		237		295		325		338		316		352		336		344		315		310		301		283		272		194		193		181		148		158		139		131		141		133		137		137		315		309		297		189		164		222		261		376		406		415		427		392		345		437		175		300		244		234		239		264		180		61		0		
