Data =>
	instName=TWA40C
	optimalValue=-1
	vehicles=-1
	capacity=75
	depotNode=1
	nodes=40
	arcs=27
	edges=42
	requiredN=15
	requiredA=21
	requiredE=27
nodes dist:
0       -1      -1      -1      -1      -1      -1      -1      -1      -1      -1      -1      -1      -1      -1      -1      -1      -1      -1      -1      -1      -1      -1      -1      -1      -1      -1      -1      -1      -1      -1      -1      -1      -1      -1      -1      -1      -1      -1      -1      -1      
-1      0       -1      -1      -1      -1      -1      -1      -1      -1      -1      3       3       4       5       -1      -1      -1      -1      -1      -1      -1      -1      -1      -1      -1      -1      -1      -1      -1      -1      -1      -1      -1      -1      -1      -1      -1      -1      -1      -1      
-1      -1      0       14      -1      -1      -1      -1      -1      -1      -1      -1      -1      -1      -1      -1      -1      -1      -1      -1      -1      -1      -1      -1      -1      -1      -1      -1      -1      -1      -1      -1      -1      -1      -1      6       -1      -1      7       -1      -1      
-1      -1      14      0       -1      -1      -1      -1      -1      -1      -1      -1      -1      -1      -1      -1      -1      6       5       -1      -1      -1      -1      -1      -1      -1      -1      -1      -1      -1      -1      -1      -1      -1      -1      -1      -1      -1      -1      -1      -1      
-1      -1      -1      -1      0       -1      -1      -1      -1      -1      -1      -1      -1      -1      -1      -1      -1      -1      -1      8       5       5       -1      -1      -1      -1      -1      -1      -1      -1      -1      -1      -1      -1      -1      -1      -1      -1      -1      -1      -1      
-1      -1      -1      -1      -1      0       -1      -1      -1      -1      -1      -1      -1      -1      -1      -1      -1      -1      -1      -1      -1      -1      -1      -1      5       -1      -1      -1      -1      -1      -1      -1      -1      -1      -1      -1      -1      -1      -1      -1      -1      
-1      -1      -1      -1      -1      -1      0       -1      -1      -1      -1      -1      -1      -1      -1      7       -1      -1      -1      -1      -1      -1      -1      -1      -1      -1      -1      -1      -1      5       -1      8       -1      -1      -1      -1      -1      -1      -1      -1      -1      
-1      -1      9       -1      -1      -1      -1      0       5       -1      -1      -1      -1      -1      -1      -1      -1      6       -1      -1      -1      -1      -1      -1      -1      -1      -1      -1      -1      -1      -1      -1      -1      -1      4       -1      -1      -1      -1      -1      -1      
-1      -1      -1      -1      -1      -1      -1      5       0       -1      -1      -1      4       -1      -1      -1      -1      -1      -1      -1      -1      -1      -1      -1      -1      -1      -1      -1      -1      -1      -1      -1      -1      -1      -1      -1      -1      -1      -1      -1      4       
-1      -1      -1      -1      -1      -1      -1      -1      -1      0       -1      -1      -1      -1      -1      -1      -1      -1      -1      -1      -1      -1      -1      -1      -1      -1      -1      -1      -1      -1      -1      -1      -1      6       -1      -1      -1      -1      -1      -1      -1      
-1      -1      -1      -1      -1      -1      -1      -1      4       -1      0       -1      -1      -1      -1      -1      -1      -1      -1      -1      -1      5       6       -1      -1      -1      -1      -1      -1      -1      -1      -1      -1      -1      -1      -1      -1      -1      -1      -1      -1      
-1      3       -1      -1      -1      -1      -1      -1      5       -1      -1      0       -1      -1      -1      -1      5       -1      -1      -1      -1      -1      -1      4       -1      -1      -1      -1      -1      -1      -1      -1      -1      -1      -1      -1      -1      -1      -1      -1      -1      
-1      3       -1      -1      -1      -1      -1      -1      4       -1      -1      -1      0       -1      -1      -1      -1      -1      -1      -1      -1      -1      -1      -1      -1      -1      -1      -1      -1      -1      -1      -1      -1      -1      -1      -1      -1      -1      -1      -1      -1      
-1      4       -1      -1      -1      -1      -1      -1      -1      -1      -1      -1      4       0       5       -1      -1      -1      -1      -1      -1      -1      -1      -1      -1      -1      -1      -1      -1      -1      -1      -1      6       -1      5       -1      -1      -1      -1      -1      -1      
-1      -1      -1      -1      -1      -1      -1      -1      -1      -1      -1      -1      -1      5       0       2       -1      -1      -1      -1      -1      -1      -1      -1      -1      -1      -1      -1      -1      -1      -1      -1      -1      -1      -1      -1      -1      -1      -1      -1      -1      
-1      -1      -1      -1      -1      -1      7       -1      -1      -1      -1      -1      -1      -1      2       0       4       -1      -1      -1      -1      -1      -1      -1      -1      -1      -1      -1      -1      -1      -1      -1      -1      -1      -1      -1      -1      -1      -1      -1      -1      
-1      -1      -1      -1      -1      -1      -1      -1      -1      -1      -1      -1      -1      -1      -1      4       0       -1      -1      -1      -1      -1      -1      -1      -1      -1      -1      -1      5       -1      -1      -1      -1      -1      -1      -1      -1      -1      -1      -1      -1      
-1      -1      -1      6       -1      -1      -1      6       -1      -1      -1      -1      -1      -1      -1      -1      -1      0       -1      -1      -1      -1      -1      -1      -1      -1      -1      -1      -1      -1      -1      -1      -1      -1      -1      -1      -1      -1      -1      3       5       
-1      -1      -1      5       -1      -1      -1      -1      -1      -1      -1      -1      -1      -1      -1      -1      -1      -1      0       3       -1      -1      -1      -1      -1      -1      -1      -1      -1      -1      -1      -1      -1      -1      -1      -1      -1      -1      -1      -1      -1      
-1      -1      -1      -1      8       -1      -1      -1      -1      -1      -1      -1      -1      -1      -1      -1      -1      -1      3       0       5       -1      -1      -1      -1      -1      -1      -1      -1      -1      -1      -1      -1      -1      -1      -1      -1      -1      -1      -1      -1      
-1      -1      -1      -1      5       -1      -1      -1      6       -1      -1      -1      -1      -1      -1      -1      -1      -1      4       5       0       -1      -1      -1      -1      -1      -1      -1      -1      -1      -1      -1      -1      -1      -1      -1      -1      -1      -1      -1      -1      
-1      -1      -1      -1      5       9       -1      -1      -1      -1      5       -1      -1      -1      -1      -1      -1      -1      -1      -1      -1      0       -1      -1      -1      -1      -1      -1      -1      -1      -1      -1      -1      -1      -1      -1      -1      -1      -1      -1      -1      
-1      -1      -1      -1      -1      6       -1      -1      -1      -1      -1      -1      -1      -1      -1      -1      -1      -1      -1      -1      -1      -1      0       -1      5       -1      -1      -1      -1      -1      -1      -1      -1      -1      -1      -1      -1      -1      -1      -1      -1      
-1      -1      -1      -1      -1      -1      -1      -1      -1      -1      -1      4       -1      -1      -1      -1      -1      -1      -1      -1      -1      -1      4       0       -1      -1      5       -1      -1      -1      -1      -1      -1      -1      -1      -1      -1      -1      -1      -1      -1      
-1      -1      -1      -1      -1      5       -1      -1      -1      -1      -1      -1      -1      -1      -1      -1      -1      -1      -1      -1      -1      -1      -1      -1      0       4       -1      -1      -1      -1      -1      -1      -1      -1      -1      -1      -1      -1      -1      -1      -1      
-1      -1      -1      -1      -1      -1      -1      -1      -1      -1      -1      -1      -1      -1      -1      -1      -1      -1      -1      -1      -1      -1      -1      -1      -1      0       5       -1      -1      -1      -1      -1      -1      -1      -1      -1      -1      -1      -1      -1      -1      
-1      -1      -1      -1      -1      -1      -1      -1      -1      -1      -1      -1      -1      -1      -1      -1      4       -1      -1      -1      -1      -1      -1      5       -1      5       0       5       -1      -1      -1      -1      -1      -1      -1      -1      -1      -1      -1      -1      -1      
-1      -1      -1      -1      -1      -1      7       -1      -1      -1      -1      -1      -1      -1      -1      -1      -1      -1      -1      -1      -1      -1      -1      -1      -1      -1      5       0       4       -1      -1      -1      -1      -1      -1      -1      -1      -1      -1      -1      -1      
-1      -1      -1      -1      -1      -1      -1      -1      -1      -1      -1      -1      -1      -1      -1      4       5       -1      -1      -1      -1      -1      -1      -1      -1      -1      -1      -1      0       -1      -1      -1      -1      -1      -1      -1      -1      -1      -1      -1      -1      
-1      -1      -1      -1      -1      -1      5       -1      -1      -1      -1      -1      -1      -1      -1      6       -1      -1      -1      -1      -1      -1      -1      -1      -1      -1      -1      -1      -1      0       -1      -1      5       -1      -1      -1      -1      -1      -1      -1      -1      
-1      -1      -1      -1      -1      -1      -1      -1      -1      -1      -1      -1      -1      -1      -1      -1      -1      -1      -1      -1      -1      -1      -1      -1      -1      -1      -1      -1      -1      3       0       4       -1      -1      -1      -1      -1      -1      -1      -1      -1      
-1      -1      -1      -1      -1      -1      8       -1      -1      8       -1      -1      -1      -1      -1      -1      -1      -1      -1      -1      -1      -1      -1      -1      -1      -1      -1      -1      -1      -1      4       0       -1      -1      -1      -1      -1      -1      -1      -1      -1      
-1      -1      -1      -1      -1      -1      -1      -1      -1      -1      -1      -1      -1      6       -1      -1      -1      -1      -1      -1      -1      -1      -1      -1      -1      -1      -1      -1      -1      5       -1      -1      0       4       -1      -1      -1      -1      -1      -1      -1      
-1      -1      -1      -1      -1      -1      -1      -1      -1      6       -1      -1      -1      -1      -1      -1      -1      -1      -1      -1      -1      -1      -1      -1      -1      -1      -1      -1      -1      -1      -1      -1      4       0       -1      -1      -1      4       -1      -1      -1      
-1      -1      -1      -1      -1      -1      -1      4       -1      -1      -1      -1      -1      5       -1      -1      -1      -1      -1      -1      -1      -1      -1      -1      -1      -1      -1      -1      -1      -1      -1      -1      -1      -1      0       4       -1      -1      -1      -1      -1      
-1      -1      6       -1      -1      -1      -1      -1      -1      -1      -1      -1      -1      -1      -1      -1      -1      -1      -1      -1      -1      -1      -1      -1      -1      -1      -1      -1      -1      -1      -1      -1      -1      5       4       0       3       -1      -1      -1      -1      
-1      -1      -1      -1      -1      -1      -1      -1      -1      -1      -1      -1      -1      -1      -1      -1      -1      -1      -1      -1      -1      -1      -1      -1      -1      -1      -1      -1      -1      -1      -1      -1      -1      -1      -1      3       0       5       5       -1      -1      
-1      -1      -1      -1      -1      -1      -1      -1      -1      -1      -1      -1      -1      -1      -1      -1      -1      -1      -1      -1      -1      -1      -1      -1      -1      -1      -1      -1      -1      -1      -1      -1      -1      4       -1      -1      -1      0       7       -1      -1      
-1      -1      -1      -1      -1      -1      -1      -1      -1      -1      -1      -1      -1      -1      -1      -1      -1      -1      -1      -1      -1      -1      -1      -1      -1      -1      -1      -1      -1      -1      -1      -1      -1      -1      -1      -1      5       7       0       -1      -1      
-1      -1      -1      -1      -1      -1      -1      6       -1      -1      -1      -1      -1      -1      -1      -1      -1      -1      -1      -1      -1      -1      -1      -1      -1      -1      -1      -1      -1      -1      -1      -1      -1      -1      -1      -1      -1      -1      -1      0       -1      
-1      -1      -1      -1      -1      -1      -1      -1      4       -1      -1      -1      -1      -1      -1      -1      -1      5       -1      -1      5       -1      -1      -1      -1      -1      -1      -1      -1      -1      -1      -1      -1      -1      -1      -1      -1      -1      -1      -1      0       
