Data =>
	instName=TWB13B
	optimalValue=-1
	vehicles=-1
	capacity=50
	depotNode=1
	nodes=13
	arcs=12
	edges=11
	requiredN=5
	requiredA=8
	requiredE=9
nodes dist:
0       -1      -1      -1      -1      -1      -1      -1      -1      -1      -1      -1      -1      -1      
-1      0       3       4       4       -1      -1      -1      -1      -1      -1      -1      -1      -1      
-1      -1      0       6       -1      -1      -1      -1      -1      -1      -1      -1      -1      -1      
-1      -1      -1      0       2       -1      -1      -1      -1      -1      -1      -1      3       3       
-1      4       -1      2       0       3       -1      -1      -1      -1      -1      -1      -1      -1      
-1      -1      -1      -1      3       0       3       -1      -1      -1      -1      4       3       -1      
-1      -1      -1      -1      -1      -1      0       -1      5       -1      -1      2       -1      -1      
-1      -1      -1      -1      -1      -1      4       0       -1      5       -1      3       -1      -1      
-1      -1      6       -1      5       -1      -1      -1      0       4       -1      -1      -1      -1      
-1      -1      -1      -1      -1      -1      -1      5       -1      0       3       -1      -1      -1      
-1      -1      4       -1      -1      -1      -1      -1      -1      3       0       -1      -1      -1      
-1      -1      -1      -1      -1      4       2       3       -1      -1      -1      0       -1      -1      
-1      -1      -1      -1      -1      3       -1      -1      -1      -1      -1      -1      0       5       
-1      -1      5       3       -1      -1      -1      -1      -1      -1      -1      -1      5       0       
