Data =>
	instName=TWC13C
	optimalValue=-1
	vehicles=-1
	capacity=50
	depotNode=1
	nodes=13
	arcs=11
	edges=12
	requiredN=4
	requiredA=9
	requiredE=9
nodes dist:
0       -1      -1      -1      -1      -1      -1      -1      -1      -1      -1      -1      -1      -1      
-1      0       3       4       -1      -1      -1      -1      -1      -1      -1      -1      -1      -1      
-1      -1      0       6       -1      -1      -1      -1      6       -1      4       -1      -1      5       
-1      4       6       0       2       -1      -1      -1      -1      -1      -1      -1      3       3       
-1      4       -1      2       0       3       -1      -1      5       -1      -1      -1      -1      -1      
-1      -1      -1      -1      3       0       3       -1      -1      -1      -1      4       3       -1      
-1      -1      -1      -1      -1      -1      0       4       5       -1      -1      2       -1      -1      
-1      -1      -1      -1      -1      -1      -1      0       -1      5       -1      3       -1      -1      
-1      -1      -1      -1      5       -1      5       -1      0       -1      -1      -1      -1      -1      
-1      -1      -1      -1      -1      -1      -1      -1      4       0       3       -1      -1      -1      
-1      -1      4       -1      -1      -1      -1      -1      -1      3       0       -1      -1      -1      
-1      -1      -1      -1      -1      4       -1      3       -1      -1      -1      0       -1      -1      
-1      -1      -1      3       -1      -1      -1      -1      -1      -1      -1      -1      0       5       
-1      -1      5       -1      -1      -1      -1      -1      -1      -1      -1      -1      -1      0       
