Name:		TWe5
Optimal value:	-1
#Vehicles:	-1
Capacity:	200
Depot Node:	1
#Nodes:	77
#Edges:	67
#Arcs:	31
#Required N:	20
#Required E:	37
#Required A:	15

ReN.	DEMAND	S. COST	S. TIME	B. TIME	E. TIME
N4	56	0	56	835	842
N11	32	0	32	1135	1142
N21	38	0	38	1112	1114
N22	17	0	17	1137	1142
N75	24	0	24	993	1002
N24	4	0	4	792	799
N27	15	0	15	569	578
N33	27	0	27	766	771
N44	13	0	13	937	946
N46	33	0	33	1430	1437
N51	10	0	10	940	948
N19	30	0	30	939	948
N59	25	0	25	1450	1459
N58	33	0	33	1141	1145
N62	30	0	30	947	949
N66	16	0	16	669	678
N73	5	0	5	1249	1252
N72	5	0	5	794	796
N74	25	0	25	1084	1086
N20	8	0	8	664	671

ReE.	From N.	To N.	T. COST	DEMAND	S. COST	T. TIME	S. TIME	B. TIME	E. TIME
E1	1	2	32	32	32	32	32	1340	1343
E2	2	3	14	14	14	14	14	1283	1290
E3	2	4	17	17	17	17	17	1411	1412
E4	5	7	6	6	6	6	6	777	782
E5	8	9	26	26	26	26	26	864	869
E6	9	10	20	20	20	20	20	1452	1461
E7	13	16	13	13	13	13	13	516	518
E8	15	17	26	26	26	26	26	656	660
E9	18	19	41	41	41	41	41	1498	1500
E10	24	25	27	27	27	27	27	1026	1033
E11	25	75	16	16	16	16	16	900	908
E12	23	26	12	12	12	12	12	1307	1316
E13	26	28	18	18	18	18	18	1025	1025
E14	25	29	27	27	27	27	27	692	698
E15	31	32	58	58	58	58	58	564	564
E16	32	34	43	43	43	43	43	738	747
E17	32	35	86	86	86	86	86	1402	1410
E18	35	41	15	15	15	15	15	875	882
E19	43	44	78	78	78	78	78	1012	1018
E20	44	45	12	12	12	12	12	1031	1031
E21	47	48	10	10	10	10	10	784	791
E22	47	49	9	9	9	9	9	1139	1142
E23	49	50	8	8	8	8	8	1187	1188
E24	52	54	4	4	4	4	4	1456	1461
E25	24	53	24	24	24	24	24	1157	1165
E26	55	56	6	6	6	6	6	898	906
E27	57	58	78	78	78	78	78	982	984
E28	60	61	39	39	39	39	39	1119	1121
E29	60	62	23	23	23	23	23	1286	1289
E30	63	64	9	9	9	9	9	687	689
E31	63	65	21	21	21	21	21	1056	1060
E32	66	68	45	45	45	45	45	603	604
E33	58	69	32	32	32	32	32	995	1002
E34	59	69	11	11	11	11	11	1484	1493
E35	4	69	75	75	75	75	75	1184	1187
E36	18	72	92	92	92	92	92	652	659
E37	21	51	2	2	2	2	2	574	583

EDGE	FROM N.	TO N.	T. COST	T. TIME
NrE1	11	12	32	32
NrE2	19	21	38	38
NrE3	26	27	15	15
NrE4	33	36	27	27
NrE5	44	46	13	13
NrE6	19	50	30	30
NrE7	58	59	25	25
NrE8	58	60	33	33
NrE9	62	63	30	30
NrE10	62	66	16	16
NrE11	73	74	25	25
NrE12	5	6	8	8
NrE13	10	11	12	12
NrE14	14	15	7	7
NrE15	13	77	12	12
NrE16	18	20	21	21
NrE17	28	29	16	16
NrE18	30	31	14	14
NrE19	37	38	8	8
NrE20	39	40	5	5
NrE21	40	41	9	9
NrE22	41	42	18	18
NrE23	42	56	26	26
NrE24	70	71	56	56
NrE25	71	72	6	6
NrE26	56	67	36	36
NrE27	15	77	13	13
NrE28	76	77	35	35
NrE29	60	67	29	29
NrE30	62	67	31	31

ReA.	From N.	To N.	T. COST	DEMAND	S. COST	T. TIME	S. TIME	B. TIME	E. TIME
A1	7	8	18	18	18	18	18	977	983
A2	16	12	29	29	29	29	29	641	647
A3	14	13	7	7	7	7	7	637	645
A4	18	15	38	38	38	38	38	629	630
A5	19	20	32	32	32	32	32	1012	1020
A6	26	25	17	17	17	17	17	783	786
A7	23	31	40	40	40	40	40	1390	1393
A8	33	32	30	30	30	30	30	957	957
A9	50	52	2	2	2	2	2	1329	1332
A10	53	51	4	4	4	4	4	728	736
A11	52	53	4	4	4	4	4	850	856
A12	57	42	14	14	14	14	14	1184	1193
A13	11	59	78	78	78	78	78	647	655
A14	75	23	17	17	17	17	17	625	632
A15	44	59	28	28	28	28	28	552	557

ARC	FROM N.	TO N.	T. COST	T. TIME
NrA1	4	5	56	56
NrA2	21	22	17	17
NrA3	75	22	24	24
NrA4	22	24	4	4
NrA5	46	47	33	33
NrA6	49	51	10	10
NrA7	71	73	5	5
NrA8	73	72	5	5
NrA9	76	20	8	8
NrA10	37	33	75	75
NrA11	39	37	21	21
NrA12	39	35	7	7
NrA13	42	43	11	11
NrA14	46	45	12	12
NrA15	11	48	79	79
NrA16	76	12	7	7
