Name:		TWe6
Optimal value:	-1
#Vehicles:	-1
Capacity:	140
Depot Node:	1
#Nodes:	77
#Edges:	66
#Arcs:	32
#Required N:	20
#Required E:	35
#Required A:	17

ReN.	DEMAND	S. COST	S. TIME	B. TIME	E. TIME
N4	17	0	17	1411	1412
N5	56	0	56	835	842
N7	6	0	6	777	782
N11	32	0	32	1135	1142
N16	29	0	29	641	647
N13	13	0	13	516	518
N19	38	0	38	1112	1114
N75	24	0	24	993	1002
N28	18	0	18	1025	1025
N31	58	0	58	564	564
N35	86	0	86	1402	1410
N33	27	0	27	766	771
N46	33	0	33	1430	1437
N50	8	0	8	1187	1188
N52	2	0	2	1329	1332
N63	21	0	21	1056	1060
N66	16	0	16	669	678
N68	45	0	45	603	604
N74	25	0	25	1084	1086
N72	92	0	92	652	659

ReE.	From N.	To N.	T. COST	DEMAND	S. COST	T. TIME	S. TIME	B. TIME	E. TIME
E1	1	2	32	32	32	32	32	1340	1343
E2	2	3	14	14	14	14	14	1283	1290
E3	7	8	18	18	18	18	18	977	983
E4	9	10	20	20	20	20	20	1452	1461
E5	13	14	7	7	7	7	7	637	645
E6	15	17	26	26	26	26	26	656	660
E7	18	19	41	41	41	41	41	1498	1500
E8	19	20	32	32	32	32	32	1012	1020
E9	21	22	17	17	17	17	17	1137	1142
E10	25	75	16	16	16	16	16	900	908
E11	26	27	15	15	15	15	15	569	578
E12	25	29	27	27	27	27	27	692	698
E13	32	33	30	30	30	30	30	957	957
E14	32	34	43	43	43	43	43	738	747
E15	35	41	15	15	15	15	15	875	882
E16	44	45	12	12	12	12	12	1031	1031
E17	44	46	13	13	13	13	13	937	946
E18	47	49	9	9	9	9	9	1139	1142
E19	49	51	10	10	10	10	10	940	948
E20	51	53	4	4	4	4	4	728	736
E21	52	53	4	4	4	4	4	850	856
E22	52	54	4	4	4	4	4	1456	1461
E23	19	50	30	30	30	30	30	939	948
E24	55	56	6	6	6	6	6	898	906
E25	42	57	14	14	14	14	14	1184	1193
E26	58	59	25	25	25	25	25	1450	1459
E27	11	59	78	78	78	78	78	647	655
E28	58	60	33	33	33	33	33	1141	1145
E29	60	61	39	39	39	39	39	1119	1121
E30	62	63	30	30	30	30	30	947	949
E31	63	64	9	9	9	9	9	687	689
E32	58	69	32	32	32	32	32	995	1002
E33	59	69	11	11	11	11	11	1484	1493
E34	4	69	75	75	75	75	75	1184	1187
E35	23	75	17	17	17	17	17	625	632

EDGE	FROM N.	TO N.	T. COST	T. TIME
NrE1	2	4	17	17
NrE2	5	7	6	6
NrE3	11	12	32	32
NrE4	12	16	29	29
NrE5	13	16	13	13
NrE6	19	21	38	38
NrE7	26	28	18	18
NrE8	32	35	86	86
NrE9	33	36	27	27
NrE10	46	47	33	33
NrE11	50	52	2	2
NrE12	63	65	21	21
NrE13	62	66	16	16
NrE14	66	68	45	45
NrE15	73	74	25	25
NrE16	18	72	92	92
NrE17	5	6	8	8
NrE18	28	29	16	16
NrE19	30	31	14	14
NrE20	33	37	75	75
NrE21	37	38	8	8
NrE22	39	40	5	5
NrE23	40	41	9	9
NrE24	41	42	18	18
NrE25	42	43	11	11
NrE26	11	48	79	79
NrE27	42	56	26	26
NrE28	70	71	56	56
NrE29	56	67	36	36
NrE30	15	77	13	13
NrE31	62	67	31	31

ReA.	From N.	To N.	T. COST	DEMAND	S. COST	T. TIME	S. TIME	B. TIME	E. TIME
A1	8	9	26	26	26	26	26	864	869
A2	18	15	38	38	38	38	38	629	630
A3	24	22	4	4	4	4	4	792	799
A4	25	24	27	27	27	27	27	1026	1033
A5	25	26	17	17	17	17	17	783	786
A6	23	26	12	12	12	12	12	1307	1316
A7	23	31	40	40	40	40	40	1390	1393
A8	44	43	78	78	78	78	78	1012	1018
A9	47	48	10	10	10	10	10	784	791
A10	53	24	24	24	24	24	24	1157	1165
A11	57	58	78	78	78	78	78	982	984
A12	62	60	23	23	23	23	23	1286	1289
A13	73	71	5	5	5	5	5	1249	1252
A14	72	73	5	5	5	5	5	794	796
A15	76	20	8	8	8	8	8	664	671
A16	51	21	2	2	2	2	2	574	583
A17	44	59	28	28	28	28	28	552	557

ARC	FROM N.	TO N.	T. COST	T. TIME
NrA1	4	5	56	56
NrA2	22	75	24	24
NrA3	31	32	58	58
NrA4	50	49	8	8
NrA5	10	11	12	12
NrA6	15	14	7	7
NrA7	77	13	12	12
NrA8	18	20	21	21
NrA9	39	37	21	21
NrA10	39	35	7	7
NrA11	46	45	12	12
NrA12	71	72	6	6
NrA13	12	76	7	7
NrA14	76	77	35	35
NrA15	67	60	29	29
