Name:		TWs7
Optimal value:	-1
#Vehicles:	-1
Capacity:	160
Depot Node:	1
#Nodes:	140
#Edges:	113
#Arcs:	77
#Required N:	68
#Required E:	67
#Required A:	55

ReN.	DEMAND	S. COST	S. TIME	B. TIME	E. TIME
N63	25	0	50	1416	1418
N94	17	0	34	1337	1341
N96	17	0	34	1310	1310
N98	3	0	6	1206	1212
N97	37	0	74	1173	1174
N103	42	0	84	1266	1266
N91	27	0	54	1130	1138
N104	21	0	42	1343	1343
N112	13	0	26	1382	1388
N113	4	0	8	1060	1066
N115	10	0	20	1396	1401
N116	18	0	36	1148	1157
N2	16	0	32	1081	1083
N118	49	0	98	1432	1436
N114	58	0	116	1090	1096
N121	17	0	34	1301	1305
N122	8	0	16	1089	1091
N123	32	0	64	1454	1460
N124	67	0	134	1248	1251
N126	11	0	22	1197	1203
N127	15	0	30	1304	1306
N128	22	0	44	1075	1075
N129	11	0	22	1165	1165
N130	35	0	70	1213	1222
N131	5	0	10	1329	1336
N134	10	0	20	1441	1447
N135	19	0	38	1258	1260
N137	29	0	58	1122	1125
N138	47	0	94	1492	1495
N125	20	0	40	1448	1449
N27	50	0	100	1146	1147
N6	10	0	20	1455	1456
N10	12	0	24	1138	1143
N12	25	0	50	1182	1187
N15	13	0	26	1070	1076
N17	13	0	26	1068	1076
N13	12	0	24	1064	1065
N20	34	0	68	1318	1323
N24	10	0	20	1403	1412
N23	20	0	40	1262	1262
N29	5	0	10	1032	1032
N26	12	0	24	1451	1459
N34	59	0	118	1218	1227
N35	17	0	34	1142	1149
N36	20	0	40	1319	1322
N39	6	0	12	1220	1228
N44	14	0	28	1241	1243
N43	5	0	10	1309	1311
N139	13	0	26	1393	1396
N52	12	0	24	1051	1052
N53	24	0	48	1492	1501
N49	24	0	48	1342	1345
N57	49	0	98	1292	1294
N61	31	0	62	1088	1090
N66	33	0	66	1286	1293
N68	9	0	18	1025	1026
N67	4	0	8	1499	1501
N70	8	0	16	1444	1445
N71	9	0	18	1498	1498
N72	9	0	18	1002	1011
N75	36	0	72	1289	1293
N76	47	0	94	1343	1343
N77	10	0	20	1152	1161
N82	10	0	20	1333	1337
N83	17	0	34	1081	1089
N84	18	0	36	1324	1326
N85	20	0	40	1350	1353
N86	4	0	8	1164	1166

ReE.	From N.	To N.	T. COST	DEMAND	S. COST	T. TIME	S. TIME	B. TIME	E. TIME
E1	5	6	26	26	26	26	52	1420	1423
E2	6	7	21	21	21	21	42	1391	1398
E3	12	13	12	12	12	12	24	1476	1485
E4	13	14	18	18	18	18	36	1317	1324
E5	15	16	8	8	8	8	16	1008	1010
E6	18	19	6	6	6	6	12	1256	1264
E7	10	19	28	28	28	28	56	1306	1308
E8	20	22	10	10	10	10	20	1146	1153
E9	21	23	55	55	55	55	110	1263	1270
E10	20	24	33	33	33	33	66	1200	1208
E11	23	24	56	56	56	56	112	1141	1144
E12	25	26	48	48	48	48	96	1034	1043
E13	27	28	6	6	6	6	12	1445	1448
E14	28	30	5	5	5	5	10	1228	1228
E15	30	32	28	28	28	28	56	1133	1138
E16	34	139	49	49	49	49	98	1265	1265
E17	36	38	25	25	25	25	50	1343	1344
E18	39	40	18	18	18	18	36	1414	1417
E19	40	41	12	12	12	12	24	1114	1122
E20	41	47	99	99	99	99	198	1478	1483
E21	37	42	17	17	17	17	34	1328	1336
E22	34	45	4	4	4	4	8	1475	1484
E23	42	47	4	4	4	4	8	1073	1081
E24	46	47	7	7	7	7	14	1320	1324
E25	48	50	8	8	8	8	16	1278	1282
E26	50	51	30	30	30	30	60	1084	1093
E27	55	56	4	4	4	4	8	1147	1149
E28	57	58	20	20	20	20	40	1076	1083
E29	58	59	40	40	40	40	80	1062	1069
E30	45	60	15	15	15	15	30	1037	1046
E31	62	63	7	7	7	7	14	1319	1326
E32	63	64	9	9	9	9	18	1046	1047
E33	72	74	15	15	15	15	30	1081	1084
E34	44	73	36	36	36	36	72	1179	1184
E35	74	76	27	27	27	27	54	1265	1272
E36	77	78	15	15	15	15	30	1373	1379
E37	78	79	12	12	12	12	24	1017	1024
E38	79	80	12	12	12	12	24	1416	1425
E39	80	82	16	16	16	16	32	1451	1460
E40	82	84	13	13	13	13	26	1444	1444
E41	86	88	33	33	33	33	66	1037	1043
E42	88	89	14	14	14	14	28	1111	1117
E43	68	90	67	67	67	67	134	1359	1360
E44	66	91	69	69	69	69	138	1235	1240
E45	89	92	10	10	10	10	20	1472	1476
E46	64	93	28	28	28	28	56	1172	1177
E47	99	100	33	33	33	33	66	1304	1310
E48	94	101	4	4	4	4	8	1370	1372
E49	66	101	28	28	28	28	56	1460	1466
E50	101	102	17	17	17	17	34	1326	1328
E51	105	106	15	15	15	15	30	1288	1293
E52	107	108	25	25	25	25	50	1387	1389
E53	108	109	103	103	103	103	206	1492	1492
E54	110	111	7	7	7	7	14	1094	1098
E55	103	113	46	46	46	46	92	1191	1198
E56	114	115	36	36	36	36	72	1430	1432
E57	115	117	20	20	20	20	40	1249	1254
E58	117	119	24	24	24	24	48	1231	1239
E59	87	122	15	15	15	15	30	1249	1250
E60	122	123	15	15	15	15	30	1069	1072
E61	123	124	29	29	29	29	58	1162	1171
E62	123	125	32	32	32	32	64	1418	1426
E63	3	128	41	41	41	41	82	1053	1059
E64	134	136	31	31	31	31	62	1414	1417
E65	136	138	5	5	5	5	10	1364	1370
E66	54	140	18	18	18	18	36	1391	1398
E67	58	70	11	11	11	11	22	1432	1439

EDGE	FROM N.	TO N.	T. COST	T. TIME
NrE1	6	8	10	10
NrE2	11	12	25	25
NrE3	10	15	13	13
NrE4	15	17	13	13
NrE5	12	20	34	34
NrE6	24	25	10	10
NrE7	23	26	20	20
NrE8	28	29	5	5
NrE9	34	35	59	59
NrE10	35	37	17	17
NrE11	38	39	6	6
NrE12	33	139	13	13
NrE13	51	52	12	12
NrE14	53	140	24	24
NrE15	49	140	24	24
NrE16	56	57	49	49
NrE17	59	61	31	31
NrE18	66	67	33	33
NrE19	69	70	8	8
NrE20	71	75	36	36
NrE21	75	76	47	47
NrE22	83	84	18	18
NrE23	85	86	20	20
NrE24	86	87	4	4
NrE25	63	93	25	25
NrE26	93	94	17	17
NrE27	96	97	17	17
NrE28	97	98	3	3
NrE29	97	99	37	37
NrE30	91	103	27	27
NrE31	102	104	21	21
NrE32	107	112	13	13
NrE33	1	116	18	18
NrE34	2	117	16	16
NrE35	117	118	49	49
NrE36	118	121	17	17
NrE37	121	122	8	8
NrE38	120	123	32	32
NrE39	4	124	67	67
NrE40	126	127	15	15
NrE41	127	129	11	11
NrE42	126	130	35	35
NrE43	133	135	19	19
NrE44	136	137	29	29
NrE45	131	138	47	47
NrE46	125	138	20	20

ReA.	From N.	To N.	T. COST	DEMAND	S. COST	T. TIME	S. TIME	B. TIME	E. TIME
A1	9	8	37	37	37	37	74	1167	1174
A2	8	11	48	48	48	48	96	1238	1244
A3	17	13	6	6	6	6	12	1078	1082
A4	18	17	8	8	8	8	16	1499	1501
A5	20	21	58	58	58	58	116	1246	1255
A6	27	25	19	19	19	19	38	1096	1102
A7	31	30	41	41	41	41	82	1119	1128
A8	33	29	52	52	52	52	104	1187	1194
A9	11	33	24	24	24	24	48	1256	1262
A10	35	36	4	4	4	4	8	1465	1472
A11	41	38	10	10	10	10	20	1175	1181
A12	42	43	5	5	5	5	10	1219	1228
A13	43	37	16	16	16	16	32	1199	1207
A14	43	44	31	31	31	31	62	1342	1351
A15	48	139	49	49	49	49	98	1223	1225
A16	49	48	10	10	10	10	20	1093	1095
A17	53	52	12	12	12	12	24	1247	1254
A18	54	55	10	10	10	10	20	1374	1377
A19	59	60	18	18	18	18	36	1082	1089
A20	60	61	35	35	35	35	70	1026	1031
A21	49	61	13	13	13	13	26	1398	1405
A22	62	57	14	14	14	14	28	1328	1337
A23	64	65	15	15	15	15	30	1260	1260
A24	65	56	30	30	30	30	60	1034	1036
A25	62	66	37	37	37	37	74	1230	1238
A26	69	71	6	6	6	6	12	1435	1435
A27	73	72	18	18	18	18	36	1296	1297
A28	73	74	5	5	5	5	10	1456	1464
A29	46	77	16	16	16	16	32	1288	1296
A30	79	81	9	9	9	9	18	1436	1444
A31	80	81	10	10	10	10	20	1489	1496
A32	85	84	10	10	10	10	20	1314	1316
A33	88	90	12	12	12	12	24	1255	1264
A34	91	90	7	7	7	7	14	1140	1145
A35	82	92	26	26	26	26	52	1168	1176
A36	84	92	29	29	29	29	58	1217	1217
A37	95	94	49	49	49	49	98	1240	1243
A38	96	95	8	8	8	8	16	1356	1357
A39	96	99	10	10	10	10	20	1336	1342
A40	94	100	17	17	17	17	34	1365	1368
A41	104	105	6	6	6	6	12	1055	1058
A42	107	106	28	28	28	28	56	1333	1335
A43	106	108	38	38	38	38	76	1164	1165
A44	107	110	8	8	8	8	16	1413	1416
A45	110	112	13	13	13	13	26	1479	1488
A46	113	114	12	12	12	12	24	1471	1480
A47	117	116	19	19	19	19	38	1454	1462
A48	120	119	14	14	14	14	28	1247	1249
A49	91	118	35	35	35	35	70	1363	1364
A50	121	120	16	16	16	16	32	1419	1426
A51	128	129	23	23	23	23	46	1181	1183
A52	126	131	26	26	26	26	52	1291	1293
A53	133	132	7	7	7	7	14	1243	1244
A54	134	135	14	14	14	14	28	1278	1282
A55	55	140	14	14	14	14	28	1205	1205

ARC	FROM N.	TO N.	T. COST	T. TIME
NrA1	10	9	12	12
NrA2	13	16	12	12
NrA3	26	31	12	12
NrA4	37	36	20	20
NrA5	45	44	14	14
NrA6	46	43	5	5
NrA7	68	67	9	9
NrA8	69	67	4	4
NrA9	71	70	9	9
NrA10	71	72	9	9
NrA11	77	76	10	10
NrA12	82	83	10	10
NrA13	81	83	17	17
NrA14	102	103	42	42
NrA15	112	113	4	4
NrA16	116	115	10	10
NrA17	118	114	58	58
NrA18	124	126	11	11
NrA19	127	128	22	22
NrA20	132	131	5	5
NrA21	133	134	10	10
NrA22	27	11	50	50
