Data =>
	instName=TWA13B
	optimalValue=-1
	vehicles=-1
	capacity=50
	depotNode=1
	nodes=13
	arcs=13
	edges=10
	requiredN=4
	requiredA=10
	requiredE=8
0		-1		-1		-1		-1		-1		-1		-1		-1		-1		-1		-1		-1		-1		
-1		0		6		8		8		14		20		28		18		20		14		22		14		14		
-1		6		0		12		14		20		26		24		22		14		8		28		18		18		
-1		18		12		0		4		10		16		24		14		26		20		18		6		6		
-1		28		22		34		0		6		12		20		10		30		30		14		12		40		
-1		34		28		40		6		0		6		14		16		24		36		8		6		46		
-1		28		22		34		12		6		0		10		10		20		30		4		12		40		
-1		36		30		42		20		14		8		0		18		10		38		6		20		48		
-1		18		12		24		22		16		10		20		0		26		20		14		22		30		
-1		26		20		32		30		24		18		10		8		0		28		16		30		38		
-1		32		26		38		36		30		24		16		14		6		0		22		36		44		
-1		32		26		38		14		8		4		6		14		16		34		0		14		44		
-1		40		34		46		12		6		12		20		22		30		42		14		0		52		
-1		16		10		22		22		16		22		30		32		24		18		24		10		0		
tasks dist:
          N1<1,1>   N3<3,3>   N8<8,8>   N5<5,5>   N11<11,11>A1<9,8>   A2<10,9>  A3<8,2>   A4<3,4>   A5<1,4>   A6<7,6>   A7<3,12>  A8<13,12> A9<3,13>  A10<13,2> E1<9,7>   E2<1,2>   E3<2,3>   E4<6,8>   E5<5,6>   E6<7,11>  E7<5,11>  E8<5,12>  E1<7,9>   E2<2,1>   E3<3,2>   E4<8,6>   E5<6,5>   E6<11,7>  E7<11,5>  E8<12,5>  
N1<1,1>   0         8         18        14        22        20        14        18        8         0         28        8         14        8         14        20        0         6         20        14        28        14        14        28        6         8         18        20        22        22        14        
N3<3,3>   18        0         14        10        18        26        20        14        0         18        24        0         6         0         6         26        18        12        16        10        24        10        10        24        12        0         14        16        18        18        6         
N8<8,8>   18        24        0         16        14        26        20        0         24        18        20        24        30        24        30        26        18        12        10        16        20        16        16        20        12        24        0         10        14        14        22        
N5<5,5>   34        40        16        0         8         24        36        16        40        34        14        40        46        40        46        24        34        28        6         0         14        0         0         14        28        40        16        6         8         8         6         
N11<11,11>32        38        14        8         0         16        34        14        38        32        6         38        44        38        44        16        32        26        4         8         6         8         8         6         26        38        14        4         0         0         14        
A1<9,8>   18        24        0         16        14        26        20        0         24        18        20        24        30        24        30        26        18        12        10        16        20        16        16        20        12        24        0         10        14        14        22        
A2<10,9>  26        32        8         24        16        0         28        8         32        26        10        32        38        32        38        0         26        20        18        24        10        24        24        10        20        32        8         18        16        16        30        
A3<8,2>   6         12        22        20        28        14        8         22        12        6         24        12        18        12        18        14        6         0         26        20        24        20        20        24        0         12        22        26        28        28        18        
A4<3,4>   28        34        10        6         14        30        30        10        34        28        20        34        40        34        40        30        28        22        12        6         20        6         6         20        22        34        10        12        14        14        12        
A5<1,4>   28        34        10        6         14        30        30        10        34        28        20        34        40        34        40        30        28        22        12        6         20        6         6         20        22        34        10        12        14        14        12        
A6<7,6>   28        34        10        6         4         20        30        10        34        28        10        34        40        34        40        20        28        22        0         6         10        6         6         10        22        34        10        0         4         4         12        
A7<3,12>  40        46        22        6         14        30        42        22        46        40        20        46        52        46        52        30        40        34        12        6         20        6         6         20        34        46        22        12        14        14        0         
A8<13,12> 40        46        22        6         14        30        42        22        46        40        20        46        52        46        52        30        40        34        12        6         20        6         6         20        34        46        22        12        14        14        0         
A9<3,13>  16        22        32        16        24        24        18        32        22        16        30        22        0         22        0         24        16        10        22        16        30        16        16        30        10        22        32        22        24        24        10        
A10<13,2> 6         12        22        20        28        14        8         22        12        6         24        12        18        12        18        14        6         0         26        20        24        20        20        24        0         12        22        26        28        28        18        
E1<9,7>   36        42        18        14        6         10        38        18        42        36        0         42        48        42        48        10        36        30        8         14        0         14        14        0         30        42        18        8         6         6         20        
E2<1,2>   6         12        22        20        28        14        8         22        12        6         24        12        18        12        18        14        6         0         26        20        24        20        20        24        0         12        22        26        28        28        18        
E3<2,3>   18        0         14        10        18        26        20        14        0         18        24        0         6         0         6         26        18        12        16        10        24        10        10        24        12        0         14        16        18        18        6         
E4<6,8>   18        24        0         16        14        26        20        0         24        18        20        24        30        24        30        26        18        12        10        16        20        16        16        20        12        24        0         10        14        14        22        
E5<5,6>   28        34        10        6         4         20        30        10        34        28        10        34        40        34        40        20        28        22        0         6         10        6         6         10        22        34        10        0         4         4         12        
E6<7,11>  32        38        14        8         0         16        34        14        38        32        6         38        44        38        44        16        32        26        4         8         6         8         8         6         26        38        14        4         0         0         14        
E7<5,11>  32        38        14        8         0         16        34        14        38        32        6         38        44        38        44        16        32        26        4         8         6         8         8         6         26        38        14        4         0         0         14        
E8<5,12>  40        46        22        6         14        30        42        22        46        40        20        46        52        46        52        30        40        34        12        6         20        6         6         20        34        46        22        12        14        14        0         
E1<7,9>   26        32        8         24        16        0         28        8         32        26        10        32        38        32        38        0         26        20        18        24        10        24        24        10        20        32        8         18        16        16        30        
E2<2,1>   0         8         18        14        22        20        14        18        8         0         28        8         14        8         14        20        0         6         20        14        28        14        14        28        6         8         18        20        22        22        14        
E3<3,2>   6         12        22        20        28        14        8         22        12        6         24        12        18        12        18        14        6         0         26        20        24        20        20        24        0         12        22        26        28        28        18        
E4<8,6>   28        34        10        6         4         20        30        10        34        28        10        34        40        34        40        20        28        22        0         6         10        6         6         10        22        34        10        0         4         4         12        
E5<6,5>   34        40        16        0         8         24        36        16        40        34        14        40        46        40        46        24        34        28        6         0         14        0         0         14        28        40        16        6         8         8         6         
E6<11,7>  36        42        18        14        6         10        38        18        42        36        0         42        48        42        48        10        36        30        8         14        0         14        14        0         30        42        18        8         6         6         20        
E7<11,5>  34        40        16        0         8         24        36        16        40        34        14        40        46        40        46        24        34        28        6         0         14        0         0         14        28        40        16        6         8         8         6         
E8<12,5>  34        40        16        0         8         24        36        16        40        34        14        40        46        40        46        24        34        28        6         0         14        0         0         14        28        40        16        6         8         8         6         
