Data =>
	instName=TWB13A
	optimalValue=-1
	vehicles=-1
	capacity=50
	depotNode=1
	nodes=13
	arcs=12
	edges=11
	requiredN=8
	requiredA=7
	requiredE=7
0		-1		-1		-1		-1		-1		-1		-1		-1		-1		-1		-1		-1		-1		
-1		0		20		8		8		14		20		28		18		26		28		22		14		24		
-1		6		0		14		14		20		22		24		12		14		8		28		20		10		
-1		8		12		0		4		10		16		24		14		22		20		18		6		16		
-1		8		22		16		0		6		12		20		10		18		30		14		22		32		
-1		34		28		42		26		0		6		14		16		24		36		8		48		38		
-1		28		22		36		20		6		0		8		10		18		30		14		42		32		
-1		38		32		46		30		14		10		0		20		10		40		6		52		42		
-1		18		12		26		10		16		10		18		0		8		20		24		32		22		
-1		48		42		56		40		24		20		10		30		0		50		16		62		52		
-1		54		48		62		46		30		26		16		36		6		0		22		68		58		
-1		32		26		40		24		8		4		12		14		22		34		0		46		36		
-1		14		18		6		10		6		12		20		20		28		26		14		0		10		
-1		14		10		6		10		16		22		30		20		24		18		24		10		0		
tasks dist:
              N1<1,1>       N12<12,12>    N3<3,3>       N13<13,13>    N9<9,9>       N10<10,10>    N2<2,2>       N6<6,6>       N11<11,11>    A1<2,1>       A2<3,4>       A3<4,5>       A4<6,7>       A5<7,11>      A6<11,6>      A7<12,5>      E1<9,7>       E2<2,8>       E3<1,3>       E4<1,4>       E5<4,8>       E6<6,8>       E7<3,12>      E1<7,9>       E2<8,2>       E3<3,1>       E4<4,1>       E5<8,4>       E6<8,6>       E7<12,3>      
N1<1,1>       0             14            8             24            26            28            20            20            22            20            8             8             20            28            22            14            26            20            0             0             8             20            8             28            18            8             8             18            18            14            
N12<12,12>    14            0             6             10            28            26            18            12            14            18            6             10            12            20            14            0             28            18            14            14            10            12            6             20            20            6             10            20            20            0             
N3<3,3>       8             6             0             16            22            20            12            16            18            12            0             4             16            24            18            6             22            12            8             8             4             16            0             24            14            0             4             14            14            6             
N13<13,13>    14            10            6             0             24            18            10            22            24            10            6             10            22            30            24            10            24            10            14            14            10            22            6             30            20            6             10            20            20            10            
N9<9,9>       48            62            56            52            0             50            42            20            16            42            56            40            20            10            16            62            0             42            48            48            40            20            56            10            30            56            40            30            30            62            
N10<10,10>    54            68            62            58            6             0             48            26            22            48            62            46            26            16            22            68            6             48            54            54            46            26            62            16            36            62            46            36            36            68            
N2<2,2>       6             20            14            10            14            8             0             22            28            0             14            14            22            24            28            20            14            0             6             6             14            22            14            24            12            14            14            12            12            20            
N6<6,6>       28            42            36            32            18            30            22            0             14            22            36            20            0             8             14            42            18            22            28            28            20            0             36            8             10            36            20            10            10            42            
N11<11,11>    32            46            40            36            22            34            26            4             0             26            40            24            4             12            0             46            22            26            32            32            24            4             40            12            14            40            24            14            14            46            
A1<2,1>       0             14            8             24            26            28            20            20            22            20            8             8             20            28            22            14            26            20            0             0             8             20            8             28            18            8             8             18            18            14            
A2<3,4>       8             22            16            32            18            30            22            12            14            22            16            0             12            20            14            22            18            22            8             8             0             12            16            20            10            16            0             10            10            22            
A3<4,5>       34            48            42            38            24            36            28            6             8             28            42            26            6             14            8             48            24            28            34            34            26            6             42            14            16            42            26            16            16            48            
A4<6,7>       38            52            46            42            10            40            32            10            6             32            46            30            10            0             6             52            10            32            38            38            30            10            46            0             20            46            30            20            20            52            
A5<7,11>      32            46            40            36            22            34            26            4             0             26            40            24            4             12            0             46            22            26            32            32            24            4             40            12            14            40            24            14            14            46            
A6<11,6>      28            42            36            32            18            30            22            0             14            22            36            20            0             8             14            42            18            22            28            28            20            0             36            8             10            36            20            10            10            42            
A7<12,5>      34            48            42            38            24            36            28            6             8             28            42            26            6             14            8             48            24            28            34            34            26            6             42            14            16            42            26            16            16            48            
E1<9,7>       38            52            46            42            10            40            32            10            6             32            46            30            10            0             6             52            10            32            38            38            30            10            46            0             20            46            30            20            20            52            
E2<2,8>       18            32            26            22            8             20            12            10            24            12            26            10            10            18            24            32            8             12            18            18            10            10            26            18            0             26            10            0             0             32            
E3<1,3>       8             6             0             16            22            20            12            16            18            12            0             4             16            24            18            6             22            12            8             8             4             16            0             24            14            0             4             14            14            6             
E4<1,4>       8             22            16            32            18            30            22            12            14            22            16            0             12            20            14            22            18            22            8             8             0             12            16            20            10            16            0             10            10            22            
E5<4,8>       18            32            26            22            8             20            12            10            24            12            26            10            10            18            24            32            8             12            18            18            10            10            26            18            0             26            10            0             0             32            
E6<6,8>       18            32            26            22            8             20            12            10            24            12            26            10            10            18            24            32            8             12            18            18            10            10            26            18            0             26            10            0             0             32            
E7<3,12>      14            0             6             10            28            26            18            12            14            18            6             10            12            20            14            0             28            18            14            14            10            12            6             20            20            6             10            20            20            0             
E1<7,9>       48            62            56            52            0             50            42            20            16            42            56            40            20            10            16            62            0             42            48            48            40            20            56            10            30            56            40            30            30            62            
E2<8,2>       6             20            14            10            14            8             0             22            28            0             14            14            22            24            28            20            14            0             6             6             14            22            14            24            12            14            14            12            12            20            
E3<3,1>       0             14            8             24            26            28            20            20            22            20            8             8             20            28            22            14            26            20            0             0             8             20            8             28            18            8             8             18            18            14            
E4<4,1>       0             14            8             24            26            28            20            20            22            20            8             8             20            28            22            14            26            20            0             0             8             20            8             28            18            8             8             18            18            14            
E5<8,4>       8             22            16            32            18            30            22            12            14            22            16            0             12            20            14            22            18            22            8             8             0             12            16            20            10            16            0             10            10            22            
E6<8,6>       28            42            36            32            18            30            22            0             14            22            36            20            0             8             14            42            18            22            28            28            20            0             36            8             10            36            20            10            10            42            
E7<12,3>      8             6             0             16            22            20            12            16            18            12            0             4             16            24            18            6             22            12            8             8             4             16            0             24            14            0             4             14            14            6             
