Data =>
	instName=TWB13B
	optimalValue=-1
	vehicles=-1
	capacity=50
	depotNode=1
	nodes=13
	arcs=12
	edges=11
	requiredN=5
	requiredA=8
	requiredE=9
0		-1		-1		-1		-1		-1		-1		-1		-1		-1		-1		-1		-1		-1		
-1		0		6		8		8		14		20		28		30		38		44		22		14		14		
-1		24		0		12		16		22		28		36		38		46		52		30		18		18		
-1		12		16		0		4		10		16		24		26		34		40		18		6		6		
-1		8		14		4		0		6		12		20		22		30		36		14		10		10		
-1		14		20		10		6		0		6		14		16		24		30		8		6		16		
-1		26		22		22		18		12		0		10		10		18		24		4		18		28		
-1		28		24		24		20		14		8		0		18		10		16		6		20		30		
-1		18		12		14		10		16		22		18		0		8		14		24		20		20		
-1		38		14		26		30		24		18		10		28		0		6		16		30		32		
-1		32		8		20		24		30		24		16		34		6		0		22		26		26		
-1		22		26		18		14		8		4		6		14		16		22		0		14		24		
-1		20		20		16		12		6		12		20		22		30		36		14		0		10		
-1		18		10		6		10		16		22		30		32		40		46		24		10		0		
tasks dist:
          N1<1,1>   N3<3,3>   N9<9,9>   N8<8,8>   N6<6,6>   N11<11,11>A1<8,9>   A2<8,2>   A3<1,2>   A4<2,3>   A5<1,3>   A6<5,6>   A7<7,6>   A8<13,2>  E1<9,7>   E2<3,4>   E3<1,4>   E4<4,5>   E5<7,11>  E6<5,11>  E7<5,12>  E8<12,13> E9<3,13>  E1<7,9>   E2<4,3>   E3<4,1>   E4<5,4>   E5<11,7>  E6<11,5>  E7<12,5>  E8<13,12> E9<13,3>  
N1<1,1>   0         8         38        30        20        22        30        30        0         6         0         14        28        14        38        8         0         8         28        14        14        14        8         28        8         8         14        22        22        14        14        14        
N3<3,3>   12        0         34        26        16        18        26        26        12        16        12        10        24        6         34        0         12        4         24        10        10        6         0         24        4         4         10        18        18        6         6         6         
N9<9,9>   38        26        0         28        18        16        28        28        38        14        38        24        10        32        0         26        38        30        10        24        24        30        26        10        30        30        24        16        16        30        32        32        
N8<8,8>   18        14        8         0         22        24        0         0         18        12        18        16        18        20        8         14        18        10        18        16        16        20        14        18        10        10        16        24        24        20        20        20        
N6<6,6>   26        22        18        10        0         4         10        10        26        22        26        12        10        28        18        22        26        18        10        12        12        18        22        10        18        18        12        4         4         18        28        28        
N11<11,11>22        18        16        14        4         0         14        14        22        26        22        8         6         24        16        18        22        14        6         8         8         14        18        6         14        14        8         0         0         14        24        24        
A1<8,9>   38        26        0         28        18        16        28        28        38        14        38        24        10        32        0         26        38        30        10        24        24        30        26        10        30        30        24        16        16        30        32        32        
A2<8,2>   24        12        46        38        28        30        38        38        24        0         24        22        36        18        46        12        24        16        36        22        22        18        12        36        16        16        22        30        30        18        18        18        
A3<1,2>   24        12        46        38        28        30        38        38        24        0         24        22        36        18        46        12        24        16        36        22        22        18        12        36        16        16        22        30        30        18        18        18        
A4<2,3>   12        0         34        26        16        18        26        26        12        16        12        10        24        6         34        0         12        4         24        10        10        6         0         24        4         4         10        18        18        6         6         6         
A5<1,3>   12        0         34        26        16        18        26        26        12        16        12        10        24        6         34        0         12        4         24        10        10        6         0         24        4         4         10        18        18        6         6         6         
A6<5,6>   26        22        18        10        0         4         10        10        26        22        26        12        10        28        18        22        26        18        10        12        12        18        22        10        18        18        12        4         4         18        28        28        
A7<7,6>   26        22        18        10        0         4         10        10        26        22        26        12        10        28        18        22        26        18        10        12        12        18        22        10        18        18        12        4         4         18        28        28        
A8<13,2>  24        12        46        38        28        30        38        38        24        0         24        22        36        18        46        12        24        16        36        22        22        18        12        36        16        16        22        30        30        18        18        18        
E1<9,7>   28        24        10        18        8         6         18        18        28        24        28        14        0         30        10        24        28        20        0         14        14        20        24        0         20        20        14        6         6         20        30        30        
E2<3,4>   8         4         30        22        12        14        22        22        8         14        8         6         20        10        30        4         8         0         20        6         6         10        4         20        0         0         6         14        14        10        10        10        
E3<1,4>   8         4         30        22        12        14        22        22        8         14        8         6         20        10        30        4         8         0         20        6         6         10        4         20        0         0         6         14        14        10        10        10        
E4<4,5>   14        10        24        16        6         8         16        16        14        20        14        0         14        16        24        10        14        6         14        0         0         6         10        14        6         6         0         8         8         6         16        16        
E5<7,11>  22        18        16        14        4         0         14        14        22        26        22        8         6         24        16        18        22        14        6         8         8         14        18        6         14        14        8         0         0         14        24        24        
E6<5,11>  22        18        16        14        4         0         14        14        22        26        22        8         6         24        16        18        22        14        6         8         8         14        18        6         14        14        8         0         0         14        24        24        
E7<5,12>  20        16        30        22        12        14        22        22        20        20        20        6         20        10        30        16        20        12        20        6         6         0         16        20        12        12        6         14        14        0         10        10        
E8<12,13> 18        6         40        32        22        24        32        32        18        10        18        16        30        0         40        6         18        10        30        16        16        10        6         30        10        10        16        24        24        10        0         0         
E9<3,13>  18        6         40        32        22        24        32        32        18        10        18        16        30        0         40        6         18        10        30        16        16        10        6         30        10        10        16        24        24        10        0         0         
E1<7,9>   38        26        0         28        18        16        28        28        38        14        38        24        10        32        0         26        38        30        10        24        24        30        26        10        30        30        24        16        16        30        32        32        
E2<4,3>   12        0         34        26        16        18        26        26        12        16        12        10        24        6         34        0         12        4         24        10        10        6         0         24        4         4         10        18        18        6         6         6         
E3<4,1>   0         8         38        30        20        22        30        30        0         6         0         14        28        14        38        8         0         8         28        14        14        14        8         28        8         8         14        22        22        14        14        14        
E4<5,4>   8         4         30        22        12        14        22        22        8         14        8         6         20        10        30        4         8         0         20        6         6         10        4         20        0         0         6         14        14        10        10        10        
E5<11,7>  28        24        10        18        8         6         18        18        28        24        28        14        0         30        10        24        28        20        0         14        14        20        24        0         20        20        14        6         6         20        30        30        
E6<11,5>  14        10        24        16        6         8         16        16        14        20        14        0         14        16        24        10        14        6         14        0         0         6         10        14        6         6         0         8         8         6         16        16        
E7<12,5>  14        10        24        16        6         8         16        16        14        20        14        0         14        16        24        10        14        6         14        0         0         6         10        14        6         6         0         8         8         6         16        16        
E8<13,12> 20        16        30        22        12        14        22        22        20        20        20        6         20        10        30        16        20        12        20        6         6         0         16        20        12        12        6         14        14        0         10        10        
E9<13,3>  12        0         34        26        16        18        26        26        12        16        12        10        24        6         34        0         12        4         24        10        10        6         0         24        4         4         10        18        18        6         6         6         
