Data =>
	instName=TWB10A
	optimalValue=-1
	vehicles=-1
	capacity=25
	depotNode=1
	nodes=10
	arcs=7
	edges=8
	requiredN=2
	requiredA=7
	requiredE=2
0		-1		-1		-1		-1		-1		-1		-1		-1		-1		-1		
-1		0		3		4		4		7		10		14		9		13		7		
-1		3		0		6		7		10		11		15		6		10		4		
-1		6		6		0		2		5		8		12		7		11		10		
-1		4		7		8		0		3		6		10		5		9		11		
-1		22		19		25		26		0		3		7		25		12		15		
-1		19		16		22		23		26		0		4		22		9		12		
-1		15		12		18		19		22		4		0		18		5		8		
-1		9		6		12		5		8		5		9		0		4		7		
-1		10		7		13		14		17		9		5		13		0		3		
-1		7		4		10		11		14		15		19		10		14		0		
tasks dist:
              N1<1,1>       N9<9,9>       N2<2,2>       A1<8,9>       A2<9,10>      A3<1,3>       A4<3,4>       A5<8,6>       A6<5,6>       A7<4,5>       E1<2,10>      E2<1,4>       E1<10,2>      E2<4,1>       
N1<1,1>       0             13            3             9             13            0             4             9             7             4             3             0             7             4             
N9<9,9>       10            0             7             13            0             10            13            13            17            14            7             10            3             14            
N2<2,2>       3             10            0             6             10            3             6             6             10            7             0             3             4             7             
A1<8,9>       10            0             7             13            0             10            13            13            17            14            7             10            3             14            
A2<9,10>      7             14            4             10            14            7             10            10            14            11            4             7             0             11            
A3<1,3>       6             11            6             7             11            6             0             7             5             2             6             6             10            2             
A4<3,4>       4             9             7             5             9             4             8             5             3             0             7             4             11            0             
A5<8,6>       19            9             16            22            9             19            22            22            26            23            16            19            12            23            
A6<5,6>       19            9             16            22            9             19            22            22            26            23            16            19            12            23            
A7<4,5>       22            12            19            25            12            22            25            25            0             26            19            22            15            26            
E1<2,10>      7             14            4             10            14            7             10            10            14            11            4             7             0             11            
E2<1,4>       4             9             7             5             9             4             8             5             3             0             7             4             11            0             
E1<10,2>      3             10            0             6             10            3             6             6             10            7             0             3             4             7             
E2<4,1>       0             13            3             9             13            0             4             9             7             4             3             0             7             4             
