Data =>
	instName=TWB20B
	optimalValue=-1
	vehicles=-1
	capacity=25
	depotNode=1
	nodes=20
	arcs=11
	edges=20
	requiredN=6
	requiredA=7
	requiredE=16
0		-1		-1		-1		-1		-1		-1		-1		-1		-1		-1		-1		-1		-1		-1		-1		-1		-1		-1		-1		-1		
-1		0		4		6		22		24		13		18		23		26		29		27		30		32		32		35		11		7		11		39		14		
-1		4		0		4		20		22		11		16		21		24		27		25		28		30		30		33		7		3		7		37		10		
-1		8		4		0		16		18		7		12		17		20		23		21		24		26		26		29		11		7		11		33		14		
-1		3		7		9		0		2		5		4		9		12		15		13		16		18		18		21		14		10		14		25		17		
-1		5		9		11		2		0		3		6		11		14		17		15		18		20		20		23		16		12		16		27		19		
-1		12		16		18		9		11		0		5		10		13		16		14		17		19		19		22		23		19		22		26		19		
-1		7		11		13		4		6		5		0		5		8		11		9		12		14		14		17		18		14		17		21		14		
-1		7		11		13		9		11		10		5		0		3		6		4		7		9		9		12		18		14		12		16		9		
-1		4		8		10		12		14		13		8		3		0		3		7		10		10		7		10		15		11		9		14		6		
-1		7		11		13		17		19		18		13		8		11		0		4		7		7		4		7		14		10		6		11		3		
-1		11		15		17		13		15		14		9		4		7		4		0		3		5		5		8		16		14		10		12		7		
-1		14		18		20		16		18		17		12		7		10		7		3		0		2		5		8		16		17		13		12		10		
-1		14		18		20		18		20		19		14		9		12		7		5		2		0		3		6		14		17		13		10		10		
-1		11		15		17		18		20		19		14		9		12		4		5		5		3		0		3		11		14		10		7		7		
-1		14		14		18		24		26		25		20		15		18		13		11		8		6		9		0		8		11		7		4		10		
-1		11		7		11		27		29		18		23		28		31		34		32		35		37		37		40		0		4		8		44		11		
-1		7		3		7		23		25		14		19		24		27		30		28		31		33		33		36		4		0		4		40		7		
-1		7		7		11		27		29		18		23		28		31		34		32		35		37		37		40		8		4		0		44		3		
-1		10		10		14		28		30		21		24		19		22		17		15		12		10		13		4		11		7		3		0		6		
-1		4		8		10		26		28		17		22		27		30		33		31		34		36		36		39		11		7		3		43		0		
tasks dist:
          N1<1,1>   N17<17,17>N19<19,19>N9<9,9>   N4<4,4>   N7<7,7>   N15<15,15>A1<15,16> A2<3,6>   A3<20,1>  A4<4,1>   A5<10,20> A6<5,6>   A7<9,10>  E1<15,19> E2<2,17>  E3<1,2>   E4<2,3>   E5<18,20> E6<6,7>   E7<7,8>   E8<8,9>   E9<8,11>  E10<10,11>E11<10,14>E12<13,15>E13<13,14>E14<12,13>E15<11,12>E16<11,14>E1<19,15> E2<17,2>  E3<2,1>   E4<3,2>   E5<20,18> E6<7,6>   E7<8,7>   E8<9,8>   E9<11,8>  E10<11,10>E11<14,10>E12<15,13>E13<14,13>E14<13,12>E15<12,11>E16<14,11>
N1<1,1>   0         7         39        26        22        18        35        35        6         14        22        29        24        26        35        4         0         4         11        13        18        23        23        29        29        32        32        30        27        27        39        7         4         6         14        18        23        26        27        27        32        35        32        32        30        32        
N17<17,17>7         0         40        27        23        19        36        36        7         7         23        30        25        27        36        3         7         3         4         14        19        24        24        30        30        33        33        31        28        28        40        0         3         7         7         19        24        27        28        28        33        36        33        33        31        33        
N19<19,19>10        7         0         22        28        24        4         4         14        6         28        17        30        22        4         10        10        10        3         21        24        19        19        17        17        10        10        12        15        15        0         7         10        14        6         24        19        22        15        15        13        4         13        10        12        13        
N9<9,9>   4         11        14        0         12        8         10        10        10        6         12        3         14        0         10        8         4         8         9         13        8         3         3         3         3         10        10        10        7         7         14        11        8         10        6         8         3         0         7         7         7         10        7         10        10        7         
N4<4,4>   3         10        25        12        0         4         21        21        9         17        0         15        2         12        21        7         3         7         14        5         4         9         9         15        15        18        18        16        13        13        25        10        7         9         17        4         9         12        13        13        18        21        18        18        16        18        
N7<7,7>   7         14        21        8         4         0         17        17        13        14        4         11        6         8         17        11        7         11        17        5         0         5         5         11        11        14        14        12        9         9         21        14        11        13        14        0         5         8         9         9         14        17        14        14        12        14        
N15<15,15>14        11        4         18        24        20        0         0         18        10        24        13        26        18        0         14        14        14        7         25        20        15        15        13        13        6         6         8         11        11        4         11        14        18        10        20        15        18        11        11        9         0         9         6         8         9         
A1<15,16> 11        4         44        31        27        23        40        40        11        11        27        34        29        31        40        7         11        7         8         18        23        28        28        34        34        37        37        35        32        32        44        4         7         11        11        23        28        31        32        32        37        40        37        37        35        37        
A2<3,6>   12        19        26        13        9         5         22        22        18        19        9         16        11        13        22        16        12        16        22        0         5         10        10        16        16        19        19        17        14        14        26        19        16        18        19        5         10        13        14        14        19        22        19        19        17        19        
A3<20,1>  0         7         39        26        22        18        35        35        6         14        22        29        24        26        35        4         0         4         11        13        18        23        23        29        29        32        32        30        27        27        39        7         4         6         14        18        23        26        27        27        32        35        32        32        30        32        
A4<4,1>   0         7         39        26        22        18        35        35        6         14        22        29        24        26        35        4         0         4         11        13        18        23        23        29        29        32        32        30        27        27        39        7         4         6         14        18        23        26        27        27        32        35        32        32        30        32        
A5<10,20> 4         7         43        30        26        22        39        39        10        0         26        33        28        30        39        8         4         8         3         17        22        27        27        33        33        36        36        34        31        31        43        7         8         10        0         22        27        30        31        31        36        39        36        36        34        36        
A6<5,6>   12        19        26        13        9         5         22        22        18        19        9         16        11        13        22        16        12        16        22        0         5         10        10        16        16        19        19        17        14        14        26        19        16        18        19        5         10        13        14        14        19        22        19        19        17        19        
A7<9,10>  7         10        11        11        17        13        7         7         13        3         17        0         19        11        7         11        7         11        6         18        13        8         8         0         0         7         7         7         4         4         11        10        11        13        3         13        8         11        4         4         4         7         4         7         7         4         
E1<15,19> 10        7         0         22        28        24        4         4         14        6         28        17        30        22        4         10        10        10        3         21        24        19        19        17        17        10        10        12        15        15        0         7         10        14        6         24        19        22        15        15        13        4         13        10        12        13        
E2<2,17>  7         0         40        27        23        19        36        36        7         7         23        30        25        27        36        3         7         3         4         14        19        24        24        30        30        33        33        31        28        28        40        0         3         7         7         19        24        27        28        28        33        36        33        33        31        33        
E3<1,2>   4         3         37        24        20        16        33        33        4         10        20        27        22        24        33        0         4         0         7         11        16        21        21        27        27        30        30        28        25        25        37        3         0         4         10        16        21        24        25        25        30        33        30        30        28        30        
E4<2,3>   8         7         33        20        16        12        29        29        0         14        16        23        18        20        29        4         8         4         11        7         12        17        17        23        23        26        26        24        21        21        33        7         4         0         14        12        17        20        21        21        26        29        26        26        24        26        
E5<18,20> 4         7         43        30        26        22        39        39        10        0         26        33        28        30        39        8         4         8         3         17        22        27        27        33        33        36        36        34        31        31        43        7         8         10        0         22        27        30        31        31        36        39        36        36        34        36        
E6<6,7>   7         14        21        8         4         0         17        17        13        14        4         11        6         8         17        11        7         11        17        5         0         5         5         11        11        14        14        12        9         9         21        14        11        13        14        0         5         8         9         9         14        17        14        14        12        14        
E7<7,8>   7         14        16        3         9         5         12        12        13        9         9         6         11        3         12        11        7         11        12        10        5         0         0         6         6         9         9         7         4         4         16        14        11        13        9         5         0         3         4         4         9         12        9         9         7         9         
E8<8,9>   4         11        14        0         12        8         10        10        10        6         12        3         14        0         10        8         4         8         9         13        8         3         3         3         3         10        10        10        7         7         14        11        8         10        6         8         3         0         7         7         7         10        7         10        10        7         
E9<8,11>  11        14        12        7         13        9         8         8         17        7         13        4         15        7         8         15        11        15        10        14        9         4         4         4         4         5         5         3         0         0         12        14        15        17        7         9         4         7         0         0         5         8         5         5         3         5         
E10<10,11>11        14        12        7         13        9         8         8         17        7         13        4         15        7         8         15        11        15        10        14        9         4         4         4         4         5         5         3         0         0         12        14        15        17        7         9         4         7         0         0         5         8         5         5         3         5         
E11<10,14>11        14        7         12        18        14        3         3         17        7         18        4         20        12        3         15        11        15        10        19        14        9         9         4         4         3         3         5         5         5         7         14        15        17        7         14        9         12        5         5         0         3         0         3         5         0         
E12<13,15>14        11        4         18        24        20        0         0         18        10        24        13        26        18        0         14        14        14        7         25        20        15        15        13        13        6         6         8         11        11        4         11        14        18        10        20        15        18        11        11        9         0         9         6         8         9         
E13<13,14>11        14        7         12        18        14        3         3         17        7         18        4         20        12        3         15        11        15        10        19        14        9         9         4         4         3         3         5         5         5         7         14        15        17        7         14        9         12        5         5         0         3         0         3         5         0         
E14<12,13>14        17        10        12        18        14        6         6         20        10        18        7         20        12        6         18        14        18        13        19        14        9         9         7         7         0         0         2         5         5         10        17        18        20        10        14        9         12        5         5         3         6         3         0         2         3         
E15<11,12>14        17        12        10        16        12        8         8         20        10        16        7         18        10        8         18        14        18        13        17        12        7         7         7         7         2         2         0         3         3         12        17        18        20        10        12        7         10        3         3         5         8         5         2         0         5         
E16<11,14>11        14        7         12        18        14        3         3         17        7         18        4         20        12        3         15        11        15        10        19        14        9         9         4         4         3         3         5         5         5         7         14        15        17        7         14        9         12        5         5         0         3         0         3         5         0         
E1<19,15> 14        11        4         18        24        20        0         0         18        10        24        13        26        18        0         14        14        14        7         25        20        15        15        13        13        6         6         8         11        11        4         11        14        18        10        20        15        18        11        11        9         0         9         6         8         9         
E2<17,2>  4         3         37        24        20        16        33        33        4         10        20        27        22        24        33        0         4         0         7         11        16        21        21        27        27        30        30        28        25        25        37        3         0         4         10        16        21        24        25        25        30        33        30        30        28        30        
E3<2,1>   0         7         39        26        22        18        35        35        6         14        22        29        24        26        35        4         0         4         11        13        18        23        23        29        29        32        32        30        27        27        39        7         4         6         14        18        23        26        27        27        32        35        32        32        30        32        
E4<3,2>   4         3         37        24        20        16        33        33        4         10        20        27        22        24        33        0         4         0         7         11        16        21        21        27        27        30        30        28        25        25        37        3         0         4         10        16        21        24        25        25        30        33        30        30        28        30        
E5<20,18> 7         4         44        31        27        23        40        40        11        3         27        34        29        31        40        7         7         7         0         18        23        28        28        34        34        37        37        35        32        32        44        4         7         11        3         23        28        31        32        32        37        40        37        37        35        37        
E6<7,6>   12        19        26        13        9         5         22        22        18        19        9         16        11        13        22        16        12        16        22        0         5         10        10        16        16        19        19        17        14        14        26        19        16        18        19        5         10        13        14        14        19        22        19        19        17        19        
E7<8,7>   7         14        21        8         4         0         17        17        13        14        4         11        6         8         17        11        7         11        17        5         0         5         5         11        11        14        14        12        9         9         21        14        11        13        14        0         5         8         9         9         14        17        14        14        12        14        
E8<9,8>   7         14        16        3         9         5         12        12        13        9         9         6         11        3         12        11        7         11        12        10        5         0         0         6         6         9         9         7         4         4         16        14        11        13        9         5         0         3         4         4         9         12        9         9         7         9         
E9<11,8>  7         14        16        3         9         5         12        12        13        9         9         6         11        3         12        11        7         11        12        10        5         0         0         6         6         9         9         7         4         4         16        14        11        13        9         5         0         3         4         4         9         12        9         9         7         9         
E10<11,10>7         10        11        11        17        13        7         7         13        3         17        0         19        11        7         11        7         11        6         18        13        8         8         0         0         7         7         7         4         4         11        10        11        13        3         13        8         11        4         4         4         7         4         7         7         4         
E11<14,10>7         10        11        11        17        13        7         7         13        3         17        0         19        11        7         11        7         11        6         18        13        8         8         0         0         7         7         7         4         4         11        10        11        13        3         13        8         11        4         4         4         7         4         7         7         4         
E12<15,13>14        17        10        12        18        14        6         6         20        10        18        7         20        12        6         18        14        18        13        19        14        9         9         7         7         0         0         2         5         5         10        17        18        20        10        14        9         12        5         5         3         6         3         0         2         3         
E13<14,13>14        17        10        12        18        14        6         6         20        10        18        7         20        12        6         18        14        18        13        19        14        9         9         7         7         0         0         2         5         5         10        17        18        20        10        14        9         12        5         5         3         6         3         0         2         3         
E14<13,12>14        17        12        10        16        12        8         8         20        10        16        7         18        10        8         18        14        18        13        17        12        7         7         7         7         2         2         0         3         3         12        17        18        20        10        12        7         10        3         3         5         8         5         2         0         5         
E15<12,11>11        14        12        7         13        9         8         8         17        7         13        4         15        7         8         15        11        15        10        14        9         4         4         4         4         5         5         3         0         0         12        14        15        17        7         9         4         7         0         0         5         8         5         5         3         5         
E16<14,11>11        14        12        7         13        9         8         8         17        7         13        4         15        7         8         15        11        15        10        14        9         4         4         4         4         5         5         3         0         0         12        14        15        17        7         9         4         7         0         0         5         8         5         5         3         5         
