Data =>
	instName=TWC40C
	optimalValue=-1
	vehicles=-1
	capacity=75
	depotNode=1
	nodes=40
	arcs=38
	edges=31
	requiredN=20
	requiredA=25
	requiredE=18
0		-1		-1		-1		-1		-1		-1		-1		-1		-1		-1		-1		-1		-1		-1		-1		-1		-1		-1		-1		-1		-1		-1		-1		-1		-1		-1		-1		-1		-1		-1		-1		-1		-1		-1		-1		-1		-1		-1		-1		-1		
-1		0		38		44		42		46		64		26		14		48		22		50		6		8		10		66		60		32		34		36		26		32		34		42		44		52		52		62		70		54		72		64		44		36		18		26		32		42		42		38		22		
-1		44		0		28		56		60		70		18		28		54		36		64		44		36		46		72		74		30		38		44		40		46		48		56		58		66		66		76		80		60		78		70		50		42		26		34		24		34		14		36		36		
-1		56		58		0		32		62		84		30		30		68		38		66		56		48		58		86		76		12		10		16		32		48		50		58		60		68		68		78		86		74		92		84		64		56		38		46		52		62		62		18		22		
-1		70		76		42		0		60		90		48		28		86		36		64		74		66		76		104		74		30		18		20		10		46		48		56		58		66		66		76		84		92		110		102		82		74		56		64		70		80		80		36		20		
-1		34		72		68		28		0		54		60		38		82		24		28		40		42		44		68		38		56		46		48		38		18		12		20		22		30		30		40		48		80		78		70		78		70		52		60		66		76		76		62		46		
-1		36		58		70		70		60		0		46		42		68		50		32		36		28		18		14		22		58		62		64		54		60		48		40		58		66		24		14		22		26		24		16		64		56		38		46		52		62		62		64		50		
-1		26		28		24		38		42		54		0		10		38		18		46		26		18		28		56		56		12		30		32		22		28		30		38		40		48		48		58		64		44		62		54		34		26		8		16		22		32		32		18		18		
-1		42		64		30		28		32		62		36		0		74		8		36		48		50		52		76		46		18		20		22		12		18		20		28		30		38		38		48		56		80		86		78		70		62		44		52		58		68		68		24		8		
-1		40		34		62		76		80		40		38		48		0		56		60		40		32		42		42		50		50		68		70		60		66		68		68		78		86		64		54		50		30		24		16		20		12		30		22		28		20		34		56		56		
-1		34		72		62		20		24		54		60		38		82		0		28		40		42		44		68		38		50		38		40		30		10		12		20		22		30		30		40		48		80		78		70		78		70		52		60		66		76		76		56		40		
-1		6		44		40		38		28		42		32		10		54		18		0		12		14		16		56		10		28		30		32		22		28		16		8		26		34		18		28		20		60		66		58		50		42		24		32		38		48		48		34		18		
-1		50		72		38		36		40		70		44		8		82		16		44		0		58		60		84		54		26		28		30		20		26		28		36		38		46		46		56		64		88		94		86		78		70		52		60		66		76		76		32		16		
-1		8		30		42		44		48		56		18		16		40		24		52		8		0		10		58		62		30		36		38		28		34		36		44		46		54		54		64		66		46		64		56		36		28		10		18		24		34		34		36		24		
-1		18		40		52		54		58		66		28		26		50		34		62		18		10		0		68		72		40		46		48		38		44		46		54		56		64		64		74		76		56		74		66		46		38		20		28		34		44		44		46		34		
-1		22		44		56		56		46		14		32		28		54		36		18		22		14		4		0		8		44		48		50		40		46		34		26		44		52		26		16		8		12		38		30		50		42		24		32		38		48		48		50		36		
-1		16		54		50		48		38		32		42		20		64		28		10		22		24		26		46		0		38		40		42		32		38		26		18		36		44		28		18		10		58		56		48		60		52		34		42		48		58		58		44		28		
-1		44		46		12		44		50		72		18		18		56		26		54		44		36		46		74		64		0		22		28		20		36		38		46		48		56		56		66		74		62		80		72		52		44		26		34		40		50		50		6		10		
-1		92		98		64		22		82		112		70		50		108		58		86		96		88		98		126		96		52		0		6		32		68		70		78		80		88		88		98		106		114		132		124		104		96		78		86		92		102		102		58		42		
-1		86		92		58		16		76		106		64		44		102		52		80		90		82		92		120		90		46		6		0		26		62		64		72		74		82		82		92		100		108		126		118		98		90		72		80		86		96		96		52		36		
-1		60		66		32		26		50		80		38		18		76		26		54		64		56		66		94		64		20		8		10		0		36		38		46		48		56		56		66		74		82		100		92		72		64		46		54		60		70		70		26		10		
-1		44		82		52		10		18		64		58		38		92		10		38		50		52		54		78		48		40		28		30		20		0		22		30		32		40		40		50		58		90		88		80		88		80		62		70		76		86		86		46		30		
-1		22		60		56		32		12		42		48		26		70		12		16		28		30		32		56		26		44		46		48		38		22		0		8		10		18		18		28		36		68		66		58		66		58		40		48		54		64		64		50		34		
-1		14		52		48		40		20		34		40		18		62		20		8		20		22		24		48		18		36		38		40		30		30		8		0		18		26		10		20		28		60		58		50		58		50		32		40		46		56		56		42		26		
-1		42		80		76		38		10		42		68		46		90		34		36		48		50		52		56		26		64		56		58		48		28		22		30		0		8		18		28		36		68		66		58		86		78		60		68		74		84		84		70		54		
-1		34		72		68		66		56		34		60		38		82		46		28		40		42		44		48		18		56		58		60		50		56		44		36		54		0		10		20		28		60		58		50		78		70		52		60		66		76		76		62		46		
-1		24		62		58		56		46		24		50		28		72		36		18		30		32		34		38		8		46		48		50		40		46		34		26		44		52		0		10		18		50		48		40		68		60		42		50		56		66		66		52		36		
-1		34		72		68		66		56		14		60		38		82		46		28		40		42		32		28		18		56		58		60		50		56		44		36		54		62		10		0		8		40		38		30		78		70		52		60		66		76		76		62		46		
-1		26		64		60		58		48		22		52		30		74		38		20		32		34		36		36		10		48		50		52		42		48		36		28		46		54		18		8		0		48		46		38		70		62		44		52		58		68		68		54		38		
-1		34		56		68		68		58		10		44		40		66		48		30		34		26		16		12		20		56		60		62		52		58		46		38		56		64		34		24		20		0		34		26		62		54		36		44		50		60		60		62		48		
-1		40		62		74		74		64		16		50		46		72		54		36		40		32		22		18		26		62		66		68		58		64		52		44		62		70		40		30		26		6		0		8		68		60		42		50		56		66		66		68		54		
-1		48		70		82		82		72		24		58		54		80		62		44		48		40		30		26		34		70		74		76		66		72		60		52		70		78		48		38		34		14		8		0		76		68		50		58		64		74		74		76		62		
-1		20		30		54		56		60		20		30		28		20		36		40		20		12		22		22		30		42		48		50		40		46		48		48		58		66		44		34		30		10		44		36		0		8		22		18		24		16		30		48		36		
-1		28		22		50		64		68		28		26		36		12		44		48		28		20		30		30		38		38		56		58		48		54		56		56		66		74		52		42		38		18		36		28		8		0		18		10		16		8		22		44		44		
-1		18		20		32		46		50		46		8		18		30		26		54		18		10		20		48		56		20		38		40		30		36		38		46		48		56		56		60		56		36		54		46		26		18		0		8		14		24		24		26		26		
-1		26		12		40		54		58		38		16		26		22		34		58		26		18		28		40		48		28		46		48		38		44		46		54		56		64		62		52		48		28		46		38		18		10		8		0		6		16		16		34		34		
-1		46		24		52		80		84		46		42		52		30		60		66		46		38		48		48		56		54		62		68		64		70		72		74		82		90		70		60		56		36		54		46		26		18		36		28		0		10		10		60		60		
-1		36		28		56		72		76		36		34		44		20		52		56		36		28		38		38		46		46		64		66		56		62		64		64		74		82		60		50		46		26		44		36		16		8		26		18		10		0		14		52		52		
-1		56		14		42		70		74		56		32		42		40		50		76		56		48		58		58		66		44		52		58		54		60		62		70		72		80		80		70		66		46		64		56		36		28		40		38		10		20		0		50		50		
-1		38		40		36		50		54		66		12		22		50		30		58		38		30		40		68		68		24		42		44		34		40		42		50		52		60		60		70		76		56		74		66		46		38		20		28		34		44		44		0		30		
-1		50		56		22		36		40		70		28		8		66		16		44		54		46		56		84		54		10		18		20		10		26		28		36		38		46		46		56		64		72		90		82		62		54		36		44		50		60		60		16		0		
tasks dist:
          N1<1,1>   N8<8,8>   N3<3,3>   N18<18,18>N10<10,10>N22<22,22>N5<5,5>   N25<25,25>N17<17,17>N31<31,31>N9<9,9>   N33<33,33>N29<29,29>N6<6,6>   N32<32,32>N28<28,28>N26<26,26>N16<16,16>N35<35,35>N13<13,13>N23<23,23>A1<9,31>  A2<30,29> A3<15,28> A4<1,14>  A5<35,2>  A6<2,3>   A7<2,7>   A8<13,12> A9<1,12>  A10<12,8> A11<11,1> A12<26,16>A13<23,26>A14<7,8>  A15<7,17> A16<3,18> A17<8,20> A18<20,18>A19<20,19>A20<19,4> A21<4,20> A22<24,5> A23<22,24>A24<24,25>A25<37,38>E1<30,31> E2<6,27>  E3<6,15>  E4<27,28> E5<13,14> E6<13,34> E7<7,34>  E8<11,16> E9<10,21> E10<5,22> E11<22,23>E12<8,40> E13<20,40>E14<17,40>E15<33,37>E16<36,37>E17<36,38>E18<2,38> E1<31,30> E2<27,6>  E3<15,6>  E4<28,27> E5<14,13> E6<34,13> E7<34,7>  E8<16,11> E9<21,10> E10<22,5> E11<23,22>E12<40,8> E13<40,20>E14<40,17>E15<37,33>E16<37,36>E17<38,36>E18<38,2> 
N1<1,1>   0         14        44        34        22        34        46        52        32        64        48        36        54        64        44        70        52        60        26        8         42        48        72        66        0         26        38        38        8         0         6         50        52        42        26        26        44        14        26        26        36        42        44        34        44        42        72        64        64        62        8         8         26        50        22        46        34        14        26        32        36        32        32        38        64        62        66        70        10        18        18        60        32        34        42        22        22        22        42        42        42        42        
N8<8,8>   42        0         30        20        8         20        32        38        18        78        74        62        80        62        70        56        38        46        52        50        28        74        86        76        42        52        64        64        50        42        48        36        38        28        36        36        30        0         12        12        22        28        30        20        30        68        86        62        62        48        50        50        36        36        8         32        20        0         12        18        62        58        58        64        78        48        76        56        52        44        44        46        18        20        28        8         8         8         68        68        68        68        
N3<3,3>   56        30        0         10        38        50        62        68        12        84        68        56        74        84        64        86        68        76        46        48        58        68        92        86        56        46        58        58        48        56        56        66        68        58        30        30        0         30        32        32        16        32        60        50        60        62        92        84        84        78        48        48        30        66        38        62        50        30        32        12        56        52        52        58        84        78        86        86        58        38        38        76        48        50        58        22        22        22        62        62        62        62        
N18<18,18>92        50        64        0         58        70        82        88        52        124       108       96        114       112       104       106       88        96        86        88        78        108       132       126       92        86        98        98        88        92        96        86        88        78        70        70        64        50        32        32        6         22        80        70        80        102       132       112       112       98        88        88        70        86        58        82        70        50        32        52        96        92        92        98        124       98        126       106       98        78        78        96        68        70        78        42        42        42        102       102       102       102       
N10<10,10>34        38        62        38        0         12        24        30        50        70        82        70        80        54        78        48        30        38        60        42        20        82        78        68        34        60        72        72        42        34        40        28        30        20        60        60        62        38        30        30        40        20        22        12        22        76        78        54        54        40        42        42        60        28        0         24        12        38        30        50        70        66        66        72        70        40        68        48        44        52        52        38        10        12        20        40        40        40        76        76        76        76        
N22<22,22>22        26        56        46        12        0         12        18        44        58        70        58        68        42        66        36        18        26        48        30        8         70        66        56        22        48        60        60        30        22        28        16        18        8         48        48        56        26        38        38        48        32        10        0         10        64        66        42        42        28        30        30        48        16        12        12        0         26        38        44        58        54        54        60        58        28        56        36        32        40        40        26        22        0         8         34        34        34        64        64        64        64        
N5<5,5>   34        38        68        46        24        12        0         30        56        70        82        70        80        54        78        48        30        38        60        42        20        82        78        68        34        60        72        72        42        34        40        28        30        20        60        60        68        38        38        38        48        28        22        12        22        76        78        54        54        40        42        42        60        28        24        0         12        38        38        56        70        66        66        72        70        40        68        48        44        52        52        38        18        12        20        46        46        46        76        76        76        76        
N25<25,25>34        38        68        58        46        44        56        0         56        50        82        70        60        34        78        28        10        18        60        42        36        82        58        48        34        60        72        72        42        34        40        28        10        36        60        60        68        38        50        50        60        66        54        44        54        76        58        34        34        20        42        42        60        28        46        56        44        38        50        56        70        66        66        72        50        20        48        28        44        52        52        18        56        44        36        46        46        46        76        76        76        76        
N17<17,17>44        18        12        22        26        38        50        56        0         72        56        44        62        72        52        74        56        64        34        36        46        56        80        74        44        34        46        46        36        44        44        54        56        46        18        18        12        18        20        20        28        44        48        38        48        50        80        72        72        66        36        36        18        54        26        50        38        18        20        0         44        40        40        46        72        66        74        74        46        26        26        64        36        38        46        10        10        10        50        50        50        50        
N31<31,31>48        54        82        74        62        60        72        78        70        0         80        68        14        24        76        34        48        34        58        40        52        80        8         26        48        58        70        70        40        48        48        44        48        52        58        58        82        54        66        66        76        82        70        60        70        74        8         24        24        38        40        40        58        44        62        72        60        54        66        70        68        64        64        70        0         38        26        34        30        50        50        34        72        60        52        62        62        62        74        74        74        74        
N9<9,9>   40        48        62        68        56        68        80        86        50        16        0         12        30        40        20        50        64        50        22        32        68        0         24        42        40        22        34        34        32        40        40        60        64        68        38        38        62        48        60        60        70        76        78        68        78        20        24        40        40        54        32        32        38        60        56        80        68        48        60        50        12        28        28        34        16        54        42        50        42        30        30        50        66        68        68        56        56        56        20        20        34        34        
N33<33,33>28        36        50        56        44        56        68        74        38        28        12        0         18        28        8         38        52        38        10        20        56        12        36        30        28        10        22        22        20        28        28        48        52        56        26        26        50        36        48        48        58        64        66        56        66        8         36        28        28        42        20        20        26        48        44        68        56        36        48        38        0         16        16        22        28        42        30        38        30        18        18        38        54        56        56        44        44        44        8         8         22        22        
N29<29,29>34        40        68        60        48        46        58        64        56        26        66        54        0         10        62        20        34        20        44        26        38        66        34        12        34        44        56        56        26        34        34        30        34        38        44        44        68        40        52        52        62        68        56        46        56        60        34        10        10        24        26        26        44        30        48        58        46        40        52        56        54        50        50        56        26        24        12        20        16        36        36        20        58        46        38        48        48        48        60        60        60        60        
N6<6,6>   36        42        70        62        50        48        60        66        58        16        68        56        26        0         64        22        24        22        46        28        40        68        24        14        36        46        58        58        28        36        36        32        24        40        46        46        70        42        54        54        64        70        58        48        58        62        24        0         0         14        28        28        46        32        50        60        48        42        54        58        56        52        52        58        16        14        14        22        18        38        38        22        60        48        40        50        50        50        62        62        62        62        
N32<32,32>20        28        54        48        36        48        60        66        42        36        20        8         10        20        0         30        44        30        18        12        48        20        44        22        20        18        30        30        12        20        20        40        44        48        30        30        54        28        40        40        50        56        58        48        58        16        44        20        20        34        12        12        30        40        36        60        48        28        40        42        8         24        24        30        36        34        22        30        22        22        22        30        46        48        48        36        36        36        16        16        30        30        
N28<28,28>26        30        60        50        38        36        48        54        48        38        74        62        48        22        70        0         18        10        52        34        28        74        46        36        26        52        64        64        34        26        32        20        18        28        52        52        60        30        42        42        52        58        46        36        46        68        46        22        22        8         34        34        52        20        38        48        36        30        42        48        62        58        58        64        38        8         36        0         36        44        44        10        48        36        28        38        38        38        68        68        68        68        
N26<26,26>24        28        58        48        36        34        46        52        46        40        72        60        50        24        68        18        0         8         50        32        26        72        48        38        24        50        62        62        32        24        30        18        0         26        50        50        58        28        40        40        50        56        44        34        44        66        48        24        24        10        32        32        50        18        36        46        34        28        40        46        60        56        56        62        40        10        38        18        34        42        42        8         46        34        26        36        36        36        66        66        66        66        
N16<16,16>16        20        50        40        28        26        38        44        38        48        64        52        58        32        60        10        28        0         42        24        18        64        56        46        16        42        54        54        24        16        22        10        28        18        42        42        50        20        32        32        42        48        36        26        36        58        56        32        32        18        24        24        42        10        28        38        26        20        32        38        52        48        48        54        48        18        46        10        26        34        34        0         38        26        18        28        28        28        58        58        58        58        
N35<35,35>26        26        40        46        34        46        58        64        28        38        22        10        28        38        18        48        62        48        0         18        54        22        46        40        26        0         12        12        18        26        26        58        62        54        16        16        40        26        38        38        48        54        56        46        56        16        46        38        38        52        18        18        16        58        34        58        46        26        38        28        10        6         6         12        38        52        40        48        28        8         8         48        44        46        54        34        34        34        16        16        16        16        
N13<13,13>8         16        42        36        24        36        48        54        30        56        40        28        46        56        36        66        54        62        18        0         44        40        64        58        8         18        30        30        0         8         8         52        54        44        18        18        42        16        28        28        38        44        46        36        46        34        64        56        56        64        0         0         18        52        24        48        36        16        28        30        28        24        24        30        56        64        58        66        10        10        10        62        34        36        44        24        24        24        34        34        34        34        
N23<23,23>14        18        48        38        20        8         20        26        36        50        62        50        60        34        58        28        10        18        40        22        0         62        58        48        14        40        52        52        22        14        20        8         10        0         40        40        48        18        30        30        40        40        18        8         18        56        58        34        34        20        22        22        40        8         20        20        8         18        30        36        50        46        46        52        50        20        48        28        24        32        32        18        30        8         0         26        26        26        56        56        56        56        
A1<9,31>  48        54        82        74        62        60        72        78        70        0         80        68        14        24        76        34        48        34        58        40        52        80        8         26        48        58        70        70        40        48        48        44        48        52        58        58        82        54        66        66        76        82        70        60        70        74        8         24        24        38        40        40        58        44        62        72        60        54        66        70        68        64        64        70        0         38        26        34        30        50        50        34        72        60        52        62        62        62        74        74        74        74        
A2<30,29> 34        40        68        60        48        46        58        64        56        26        66        54        0         10        62        20        34        20        44        26        38        66        34        12        34        44        56        56        26        34        34        30        34        38        44        44        68        40        52        52        62        68        56        46        56        60        34        10        10        24        26        26        44        30        48        58        46        40        52        56        54        50        50        56        26        24        12        20        16        36        36        20        58        46        38        48        48        48        60        60        60        60        
A3<15,28> 26        30        60        50        38        36        48        54        48        38        74        62        48        22        70        0         18        10        52        34        28        74        46        36        26        52        64        64        34        26        32        20        18        28        52        52        60        30        42        42        52        58        46        36        46        68        46        22        22        8         34        34        52        20        38        48        36        30        42        48        62        58        58        64        38        8         36        0         36        44        44        10        48        36        28        38        38        38        68        68        68        68        
A4<1,14>  18        26        52        46        34        46        58        64        40        66        50        38        56        66        46        76        64        72        28        10        54        50        74        68        18        28        40        40        10        18        18        62        64        54        28        28        52        26        38        38        48        54        56        46        56        44        74        66        66        74        10        10        28        62        34        58        46        26        38        40        38        34        34        40        66        74        68        76        0         20        20        72        44        46        54        34        34        34        44        44        44        44        
A5<35,2>  44        28        28        38        36        48        60        66        30        70        54        42        60        70        50        80        66        74        34        36        56        54        78        72        44        34        0         0         36        44        44        64        66        56        18        18        28        28        40        40        44        56        58        48        58        34        78        70        70        76        36        36        18        64        36        60        48        28        40        30        42        24        24        0         70        76        72        80        46        26        26        74        46        48        56        36        36        36        34        34        14        14        
A6<2,3>   56        30        0         10        38        50        62        68        12        84        68        56        74        84        64        86        68        76        46        48        58        68        92        86        56        46        58        58        48        56        56        66        68        58        30        30        0         30        32        32        16        32        60        50        60        62        92        84        84        78        48        48        30        66        38        62        50        30        32        12        56        52        52        58        84        78        86        86        58        38        38        76        48        50        58        22        22        22        62        62        62        62        
A7<2,7>   26        10        24        30        18        30        42        48        12        54        38        26        44        54        34        64        48        56        16        18        38        38        62        56        26        16        28        28        18        26        26        46        48        38        0         0         24        10        22        22        32        38        40        30        40        32        62        54        54        58        18        18        0         46        18        42        30        10        22        12        26        22        22        28        54        58        56        64        28        8         8         56        28        30        38        18        18        18        32        32        32        32        
A8<13,12> 50        8         38        28        16        28        40        46        26        86        82        70        88        70        78        64        46        54        60        58        36        82        94        84        50        60        72        72        58        50        0         44        46        36        44        44        38        8         20        20        30        36        38        28        38        76        94        70        70        56        58        58        44        44        16        40        28        8         20        26        70        66        66        72        86        56        84        64        60        52        52        54        26        28        36        16        16        16        76        76        76        76        
A9<1,12>  50        8         38        28        16        28        40        46        26        86        82        70        88        70        78        64        46        54        60        58        36        82        94        84        50        60        72        72        58        50        0         44        46        36        44        44        38        8         20        20        30        36        38        28        38        76        94        70        70        56        58        58        44        44        16        40        28        8         20        26        70        66        66        72        86        56        84        64        60        52        52        54        26        28        36        16        16        16        76        76        76        76        
A10<12,8> 42        0         30        20        8         20        32        38        18        78        74        62        80        62        70        56        38        46        52        50        28        74        86        76        42        52        64        64        50        42        48        36        38        28        36        36        30        0         12        12        22        28        30        20        30        68        86        62        62        48        50        50        36        36        8         32        20        0         12        18        62        58        58        64        78        48        76        56        52        44        44        46        18        20        28        8         8         8         68        68        68        68        
A11<11,1> 0         14        44        34        22        34        46        52        32        64        48        36        54        64        44        70        52        60        26        8         42        48        72        66        0         26        38        38        8         0         6         50        52        42        26        26        44        14        26        26        36        42        44        34        44        42        72        64        64        62        8         8         26        50        22        46        34        14        26        32        36        32        32        38        64        62        66        70        10        18        18        60        32        34        42        22        22        22        42        42        42        42        
A12<26,16>16        20        50        40        28        26        38        44        38        48        64        52        58        32        60        10        28        0         42        24        18        64        56        46        16        42        54        54        24        16        22        10        28        18        42        42        50        20        32        32        42        48        36        26        36        58        56        32        32        18        24        24        42        10        28        38        26        20        32        38        52        48        48        54        48        18        46        10        26        34        34        0         38        26        18        28        28        28        58        58        58        58        
A13<23,26>24        28        58        48        36        34        46        52        46        40        72        60        50        24        68        18        0         8         50        32        26        72        48        38        24        50        62        62        32        24        30        18        0         26        50        50        58        28        40        40        50        56        44        34        44        66        48        24        24        10        32        32        50        18        36        46        34        28        40        46        60        56        56        62        40        10        38        18        34        42        42        8         46        34        26        36        36        36        66        66        66        66        
A14<7,8>  42        0         30        20        8         20        32        38        18        78        74        62        80        62        70        56        38        46        52        50        28        74        86        76        42        52        64        64        50        42        48        36        38        28        36        36        30        0         12        12        22        28        30        20        30        68        86        62        62        48        50        50        36        36        8         32        20        0         12        18        62        58        58        64        78        48        76        56        52        44        44        46        18        20        28        8         8         8         68        68        68        68        
A15<7,17> 44        18        12        22        26        38        50        56        0         72        56        44        62        72        52        74        56        64        34        36        46        56        80        74        44        34        46        46        36        44        44        54        56        46        18        18        12        18        20        20        28        44        48        38        48        50        80        72        72        66        36        36        18        54        26        50        38        18        20        0         44        40        40        46        72        66        74        74        46        26        26        64        36        38        46        10        10        10        50        50        50        50        
A16<3,18> 92        50        64        0         58        70        82        88        52        124       108       96        114       112       104       106       88        96        86        88        78        108       132       126       92        86        98        98        88        92        96        86        88        78        70        70        64        50        32        32        6         22        80        70        80        102       132       112       112       98        88        88        70        86        58        82        70        50        32        52        96        92        92        98        124       98        126       106       98        78        78        96        68        70        78        42        42        42        102       102       102       102       
A17<8,20> 60        18        32        8         26        38        50        56        20        92        76        64        82        80        72        74        56        64        54        56        46        76        100       94        60        54        66        66        56        60        64        54        56        46        38        38        32        18        0         0         10        26        48        38        48        70        100       80        80        66        56        56        38        54        26        50        38        18        0         20        64        60        60        66        92        66        94        74        66        46        46        64        36        38        46        10        10        10        70        70        70        70        
A18<20,18>92        50        64        0         58        70        82        88        52        124       108       96        114       112       104       106       88        96        86        88        78        108       132       126       92        86        98        98        88        92        96        86        88        78        70        70        64        50        32        32        6         22        80        70        80        102       132       112       112       98        88        88        70        86        58        82        70        50        32        52        96        92        92        98        124       98        126       106       98        78        78        96        68        70        78        42        42        42        102       102       102       102       
A19<20,19>86        44        58        6         52        64        76        82        46        118       102       90        108       106       98        100       82        90        80        82        72        102       126       120       86        80        92        92        82        86        90        80        82        72        64        64        58        44        26        26        0         16        74        64        74        96        126       106       106       92        82        82        64        80        52        76        64        44        26        46        90        86        86        92        118       92        120       100       92        72        72        90        62        64        72        36        36        36        96        96        96        96        
A20<19,4> 70        28        42        18        36        48        60        66        30        102       86        74        92        90        82        84        66        74        64        66        56        86        110       104       70        64        76        76        66        70        74        64        66        56        48        48        42        28        10        10        20        0         58        48        58        80        110       90        90        76        66        66        48        64        36        60        48        28        10        30        74        70        70        76        102       76        104       84        76        56        56        74        46        48        56        20        20        20        80        80        80        80        
A21<4,20> 60        18        32        8         26        38        50        56        20        92        76        64        82        80        72        74        56        64        54        56        46        76        100       94        60        54        66        66        56        60        64        54        56        46        38        38        32        18        0         0         10        26        48        38        48        70        100       80        80        66        56        56        38        54        26        50        38        18        0         20        64        60        60        66        92        66        94        74        66        46        46        64        36        38        46        10        10        10        70        70        70        70        
A22<24,5> 34        38        68        46        24        12        0         30        56        70        82        70        80        54        78        48        30        38        60        42        20        82        78        68        34        60        72        72        42        34        40        28        30        20        60        60        68        38        38        38        48        28        22        12        22        76        78        54        54        40        42        42        60        28        24        0         12        38        38        56        70        66        66        72        70        40        68        48        44        52        52        38        18        12        20        46        46        46        76        76        76        76        
A23<22,24>42        46        76        56        34        22        10        8         64        58        90        78        68        42        86        36        18        26        68        50        30        90        66        56        42        68        80        80        50        42        48        36        18        30        68        68        76        46        48        48        58        38        0         22        0         84        66        42        42        28        50        50        68        36        34        10        22        46        48        64        78        74        74        80        58        28        56        36        52        60        60        26        28        22        30        54        54        54        84        84        84        84        
A24<24,25>34        38        68        58        46        44        56        0         56        50        82        70        60        34        78        28        10        18        60        42        36        82        58        48        34        60        72        72        42        34        40        28        10        36        60        60        68        38        50        50        60        66        54        44        54        76        58        34        34        20        42        42        60        28        46        56        44        38        50        56        70        66        66        72        50        20        48        28        44        52        52        18        56        44        36        46        46        46        76        76        76        76        
A25<37,38>56        42        42        52        50        62        74        80        44        56        40        28        46        56        36        66        80        66        38        48        70        40        64        58        56        38        14        14        48        56        56        76        80        70        32        32        42        42        54        54        58        70        72        62        72        20        64        56        56        70        48        48        32        76        50        74        62        42        54        44        28        10        10        14        56        70        58        66        58        40        40        66        60        62        70        50        50        50        20        20        0         0         
E1<30,31> 48        54        82        74        62        60        72        78        70        0         80        68        14        24        76        34        48        34        58        40        52        80        8         26        48        58        70        70        40        48        48        44        48        52        58        58        82        54        66        66        76        82        70        60        70        74        8         24        24        38        40        40        58        44        62        72        60        54        66        70        68        64        64        70        0         38        26        34        30        50        50        34        72        60        52        62        62        62        74        74        74        74        
E2<6,27>  34        38        68        58        46        44        56        62        56        30        82        70        40        14        78        8         10        18        60        42        36        82        38        28        34        60        72        72        42        34        40        28        10        36        60        60        68        38        50        50        60        66        54        44        54        76        38        14        14        0         42        42        60        28        46        56        44        38        50        56        70        66        66        72        30        0         28        8         32        52        52        18        56        44        36        46        46        46        76        76        76        76        
E3<6,15>  22        28        56        48        36        34        46        52        44        30        54        42        12        14        50        8         26        8         32        14        26        54        38        0         22        32        44        44        14        22        22        18        26        26        32        32        56        28        40        40        50        56        44        34        44        48        38        14        14        16        14        14        32        18        36        46        34        28        40        44        42        38        38        44        30        16        0         8         4         24        24        8         46        34        26        36        36        36        48        48        48        48        
E4<27,28> 26        30        60        50        38        36        48        54        48        38        74        62        48        22        70        0         18        10        52        34        28        74        46        36        26        52        64        64        34        26        32        20        18        28        52        52        60        30        42        42        52        58        46        36        46        68        46        22        22        8         34        34        52        20        38        48        36        30        42        48        62        58        58        64        38        8         36        0         36        44        44        10        48        36        28        38        38        38        68        68        68        68        
E5<13,14> 18        26        52        46        34        46        58        64        40        66        50        38        56        66        46        76        64        72        28        10        54        50        74        68        18        28        40        40        10        18        18        62        64        54        28        28        52        26        38        38        48        54        56        46        56        44        74        66        66        74        10        10        28        62        34        58        46        26        38        40        38        34        34        40        66        74        68        76        0         20        20        72        44        46        54        34        34        34        44        44        44        44        
E6<13,34> 18        18        32        38        26        38        50        56        20        46        30        18        36        46        26        56        56        56        8         10        46        30        54        48        18        8         20        20        10        18        18        54        56        46        8         8         32        18        30        30        40        46        48        38        48        24        54        46        46        60        10        10        8         54        26        50        38        18        30        20        18        14        14        20        46        60        48        56        20        0         0         56        36        38        46        26        26        26        24        24        24        24        
E7<7,34>  18        18        32        38        26        38        50        56        20        46        30        18        36        46        26        56        56        56        8         10        46        30        54        48        18        8         20        20        10        18        18        54        56        46        8         8         32        18        30        30        40        46        48        38        48        24        54        46        46        60        10        10        8         54        26        50        38        18        30        20        18        14        14        20        46        60        48        56        20        0         0         56        36        38        46        26        26        26        24        24        24        24        
E8<11,16> 16        20        50        40        28        26        38        44        38        48        64        52        58        32        60        10        28        0         42        24        18        64        56        46        16        42        54        54        24        16        22        10        28        18        42        42        50        20        32        32        42        48        36        26        36        58        56        32        32        18        24        24        42        10        28        38        26        20        32        38        52        48        48        54        48        18        46        10        26        34        34        0         38        26        18        28        28        28        58        58        58        58        
E9<10,21> 44        38        52        28        10        22        18        40        40        80        92        80        90        64        88        58        40        48        70        52        30        92        88        78        44        70        82        82        52        44        50        38        40        30        58        58        52        38        20        20        30        10        32        22        32        86        88        64        64        50        52        52        58        38        10        18        22        38        20        40        80        76        76        82        80        50        78        58        54        62        62        48        0         22        30        30        30        30        86        86        86        86        
E10<5,22> 22        26        56        46        12        0         12        18        44        58        70        58        68        42        66        36        18        26        48        30        8         70        66        56        22        48        60        60        30        22        28        16        18        8         48        48        56        26        38        38        48        32        10        0         10        64        66        42        42        28        30        30        48        16        12        12        0         26        38        44        58        54        54        60        58        28        56        36        32        40        40        26        22        0         8         34        34        34        64        64        64        64        
E11<22,23>14        18        48        38        20        8         20        26        36        50        62        50        60        34        58        28        10        18        40        22        0         62        58        48        14        40        52        52        22        14        20        8         10        0         40        40        48        18        30        30        40        40        18        8         18        56        58        34        34        20        22        22        40        8         20        20        8         18        30        36        50        46        46        52        50        20        48        28        24        32        32        18        30        8         0         26        26        26        56        56        56        56        
E12<8,40> 50        8         22        18        16        28        40        46        10        82        66        54        72        70        62        64        46        54        44        46        36        66        90        84        50        44        56        56        46        50        54        44        46        36        28        28        22        8         10        10        20        36        38        28        38        60        90        70        70        56        46        46        28        44        16        40        28        8         10        10        54        50        50        56        82        56        84        64        56        36        36        54        26        28        36        0         0         0         60        60        60        60        
E13<20,40>50        8         22        18        16        28        40        46        10        82        66        54        72        70        62        64        46        54        44        46        36        66        90        84        50        44        56        56        46        50        54        44        46        36        28        28        22        8         10        10        20        36        38        28        38        60        90        70        70        56        46        46        28        44        16        40        28        8         10        10        54        50        50        56        82        56        84        64        56        36        36        54        26        28        36        0         0         0         60        60        60        60        
E14<17,40>50        8         22        18        16        28        40        46        10        82        66        54        72        70        62        64        46        54        44        46        36        66        90        84        50        44        56        56        46        50        54        44        46        36        28        28        22        8         10        10        20        36        38        28        38        60        90        70        70        56        46        46        28        44        16        40        28        8         10        10        54        50        50        56        82        56        84        64        56        36        36        54        26        28        36        0         0         0         60        60        60        60        
E15<33,37>36        44        56        64        52        64        76        82        46        36        20        8         26        36        16        46        60        46        18        28        64        20        44        38        36        18        28        28        28        36        36        56        60        64        34        34        56        44        56        56        66        72        74        64        74        0         44        36        36        50        28        28        34        56        52        76        64        44        56        46        8         10        10        28        36        50        38        46        38        26        26        46        62        64        64        52        52        52        0         0         14        14        
E16<36,37>36        44        56        64        52        64        76        82        46        36        20        8         26        36        16        46        60        46        18        28        64        20        44        38        36        18        28        28        28        36        36        56        60        64        34        34        56        44        56        56        66        72        74        64        74        0         44        36        36        50        28        28        34        56        52        76        64        44        56        46        8         10        10        28        36        50        38        46        38        26        26        46        62        64        64        52        52        52        0         0         14        14        
E17<36,38>56        42        42        52        50        62        74        80        44        56        40        28        46        56        36        66        80        66        38        48        70        40        64        58        56        38        14        14        48        56        56        76        80        70        32        32        42        42        54        54        58        70        72        62        72        20        64        56        56        70        48        48        32        76        50        74        62        42        54        44        28        10        10        14        56        70        58        66        58        40        40        66        60        62        70        50        50        50        20        20        0         0         
E18<2,38> 56        42        42        52        50        62        74        80        44        56        40        28        46        56        36        66        80        66        38        48        70        40        64        58        56        38        14        14        48        56        56        76        80        70        32        32        42        42        54        54        58        70        72        62        72        20        64        56        56        70        48        48        32        76        50        74        62        42        54        44        28        10        10        14        56        70        58        66        58        40        40        66        60        62        70        50        50        50        20        20        0         0         
E1<31,30> 40        46        74        66        54        52        64        70        62        8         72        60        6         16        68        26        40        26        50        32        44        72        0         18        40        50        62        62        32        40        40        36        40        44        50        50        74        46        58        58        68        74        62        52        62        66        0         16        16        30        32        32        50        36        54        64        52        46        58        62        60        56        56        62        8         30        18        26        22        42        42        26        64        52        44        54        54        54        66        66        66        66        
E2<27,6>  36        42        70        62        50        48        60        66        58        16        68        56        26        0         64        22        24        22        46        28        40        68        24        14        36        46        58        58        28        36        36        32        24        40        46        46        70        42        54        54        64        70        58        48        58        62        24        0         0         14        28        28        46        32        50        60        48        42        54        58        56        52        52        58        16        14        14        22        18        38        38        22        60        48        40        50        50        50        62        62        62        62        
E3<15,6>  36        42        70        62        50        48        60        66        58        16        68        56        26        0         64        22        24        22        46        28        40        68        24        14        36        46        58        58        28        36        36        32        24        40        46        46        70        42        54        54        64        70        58        48        58        62        24        0         0         14        28        28        46        32        50        60        48        42        54        58        56        52        52        58        16        14        14        22        18        38        38        22        60        48        40        50        50        50        62        62        62        62        
E4<28,27> 34        38        68        58        46        44        56        62        56        30        82        70        40        14        78        8         10        18        60        42        36        82        38        28        34        60        72        72        42        34        40        28        10        36        60        60        68        38        50        50        60        66        54        44        54        76        38        14        14        0         42        42        60        28        46        56        44        38        50        56        70        66        66        72        30        0         28        8         32        52        52        18        56        44        36        46        46        46        76        76        76        76        
E5<14,13> 8         16        42        36        24        36        48        54        30        56        40        28        46        56        36        66        54        62        18        0         44        40        64        58        8         18        30        30        0         8         8         52        54        44        18        18        42        16        28        28        38        44        46        36        46        34        64        56        56        64        0         0         18        52        24        48        36        16        28        30        28        24        24        30        56        64        58        66        10        10        10        62        34        36        44        24        24        24        34        34        34        34        
E6<34,13> 8         16        42        36        24        36        48        54        30        56        40        28        46        56        36        66        54        62        18        0         44        40        64        58        8         18        30        30        0         8         8         52        54        44        18        18        42        16        28        28        38        44        46        36        46        34        64        56        56        64        0         0         18        52        24        48        36        16        28        30        28        24        24        30        56        64        58        66        10        10        10        62        34        36        44        24        24        24        34        34        34        34        
E7<34,7>  26        10        24        30        18        30        42        48        12        54        38        26        44        54        34        64        48        56        16        18        38        38        62        56        26        16        28        28        18        26        26        46        48        38        0         0         24        10        22        22        32        38        40        30        40        32        62        54        54        58        18        18        0         46        18        42        30        10        22        12        26        22        22        28        54        58        56        64        28        8         8         56        28        30        38        18        18        18        32        32        32        32        
E8<16,11> 6         10        40        30        18        16        28        34        28        58        54        42        60        42        50        20        18        10        32        14        8         54        66        56        6         32        44        44        14        6         12        0         18        8         32        32        40        10        22        22        32        38        26        16        26        48        66        42        42        28        14        14        32        0         18        28        16        10        22        28        42        38        38        44        58        28        56        20        16        24        24        10        28        16        8         18        18        18        48        48        48        48        
E9<21,10> 34        38        62        38        0         12        24        30        50        70        82        70        80        54        78        48        30        38        60        42        20        82        78        68        34        60        72        72        42        34        40        28        30        20        60        60        62        38        30        30        40        20        22        12        22        76        78        54        54        40        42        42        60        28        0         24        12        38        30        50        70        66        66        72        70        40        68        48        44        52        52        38        10        12        20        40        40        40        76        76        76        76        
E10<22,5> 34        38        68        46        24        12        0         30        56        70        82        70        80        54        78        48        30        38        60        42        20        82        78        68        34        60        72        72        42        34        40        28        30        20        60        60        68        38        38        38        48        28        22        12        22        76        78        54        54        40        42        42        60        28        24        0         12        38        38        56        70        66        66        72        70        40        68        48        44        52        52        38        18        12        20        46        46        46        76        76        76        76        
E11<23,22>22        26        56        46        12        0         12        18        44        58        70        58        68        42        66        36        18        26        48        30        8         70        66        56        22        48        60        60        30        22        28        16        18        8         48        48        56        26        38        38        48        32        10        0         10        64        66        42        42        28        30        30        48        16        12        12        0         26        38        44        58        54        54        60        58        28        56        36        32        40        40        26        22        0         8         34        34        34        64        64        64        64        
E12<40,8> 42        0         30        20        8         20        32        38        18        78        74        62        80        62        70        56        38        46        52        50        28        74        86        76        42        52        64        64        50        42        48        36        38        28        36        36        30        0         12        12        22        28        30        20        30        68        86        62        62        48        50        50        36        36        8         32        20        0         12        18        62        58        58        64        78        48        76        56        52        44        44        46        18        20        28        8         8         8         68        68        68        68        
E13<40,20>60        18        32        8         26        38        50        56        20        92        76        64        82        80        72        74        56        64        54        56        46        76        100       94        60        54        66        66        56        60        64        54        56        46        38        38        32        18        0         0         10        26        48        38        48        70        100       80        80        66        56        56        38        54        26        50        38        18        0         20        64        60        60        66        92        66        94        74        66        46        46        64        36        38        46        10        10        10        70        70        70        70        
E14<40,17>44        18        12        22        26        38        50        56        0         72        56        44        62        72        52        74        56        64        34        36        46        56        80        74        44        34        46        46        36        44        44        54        56        46        18        18        12        18        20        20        28        44        48        38        48        50        80        72        72        66        36        36        18        54        26        50        38        18        20        0         44        40        40        46        72        66        74        74        46        26        26        64        36        38        46        10        10        10        50        50        50        50        
E15<37,33>28        36        50        56        44        56        68        74        38        28        12        0         18        28        8         38        52        38        10        20        56        12        36        30        28        10        22        22        20        28        28        48        52        56        26        26        50        36        48        48        58        64        66        56        66        8         36        28        28        42        20        20        26        48        44        68        56        36        48        38        0         16        16        22        28        42        30        38        30        18        18        38        54        56        56        44        44        44        8         8         22        22        
E16<37,36>46        52        52        62        60        72        84        90        54        46        30        18        36        46        26        56        70        56        28        38        74        30        54        48        46        28        24        24        38        46        46        66        70        74        42        42        52        52        64        64        68        80        82        72        82        10        54        46        46        60        38        38        42        66        60        84        72        52        64        54        18        0         0         24        46        60        48        56        48        36        36        56        70        72        74        60        60        60        10        10        10        10        
E17<38,36>46        52        52        62        60        72        84        90        54        46        30        18        36        46        26        56        70        56        28        38        74        30        54        48        46        28        24        24        38        46        46        66        70        74        42        42        52        52        64        64        68        80        82        72        82        10        54        46        46        60        38        38        42        66        60        84        72        52        64        54        18        0         0         24        46        60        48        56        48        36        36        56        70        72        74        60        60        60        10        10        10        10        
E18<38,2> 44        28        28        38        36        48        60        66        30        70        54        42        60        70        50        80        66        74        34        36        56        54        78        72        44        34        0         0         36        44        44        64        66        56        18        18        28        28        40        40        44        56        58        48        58        34        78        70        70        76        36        36        18        64        36        60        48        28        40        30        42        24        24        0         70        76        72        80        46        26        26        74        46        48        56        36        36        36        34        34        14        14        
