Data =>
	instName=TWs6
	optimalValue=-1
	vehicles=-1
	capacity=230
	depotNode=1
	nodes=140
	arcs=78
	edges=112
	requiredN=52
	requiredA=55
	requiredE=83
0		-1		-1		-1		-1		-1		-1		-1		-1		-1		-1		-1		-1		-1		-1		-1		-1		-1		-1		-1		-1		-1		-1		-1		-1		-1		-1		-1		-1		-1		-1		-1		-1		-1		-1		-1		-1		-1		-1		-1		-1		-1		-1		-1		-1		-1		-1		-1		-1		-1		-1		-1		-1		-1		-1		-1		-1		-1		-1		-1		-1		-1		-1		-1		-1		-1		-1		-1		-1		-1		-1		-1		-1		-1		-1		-1		-1		-1		-1		-1		-1		-1		-1		-1		-1		-1		-1		-1		-1		-1		-1		-1		-1		-1		-1		-1		-1		-1		-1		-1		-1		-1		-1		-1		-1		-1		-1		-1		-1		-1		-1		-1		-1		-1		-1		-1		-1		-1		-1		-1		-1		-1		-1		-1		-1		-1		-1		-1		-1		-1		-1		-1		-1		-1		-1		-1		-1		-1		-1		-1		-1		
-1		0		53		225		203		506		480		501		470		507		519		422		447		459		477		532		540		545		553		547		481		539		491		533		490		480		513		461		455		450		460		501		488		398		336		382		385		365		467		473		469		457		354		349		318		332		354		358		362		352		454		424		412		400		400		390		337		288		268		308		326		339		302		309		382		367		212		245		253		249		257		255		264		282		279		291		338		348		363		252		240		251		224		234		237		247		141		137		174		188		186		143		198		410		427		476		484		501		504		477		444		229		212		170		282		276		261		233		258		361		233		240		220		216		64		28		18		37		108		61		75		91		122		107		136		139		147		162		184		173		182		206		235		228		195		209		164		193		159		385		376		
-1		53		0		204		182		485		459		480		449		486		498		401		426		438		456		511		519		524		532		526		460		518		470		512		469		459		492		440		434		429		439		480		467		377		315		361		364		344		446		452		448		436		333		328		297		311		333		337		341		331		433		403		391		379		379		369		316		267		247		287		305		318		281		288		361		346		191		224		232		228		236		234		243		261		258		270		317		327		342		231		219		230		203		213		216		226		120		116		153		167		165		122		177		389		406		455		463		480		483		456		423		208		191		149		261		255		240		212		237		340		212		219		199		195		72		36		35		16		87		40		54		70		101		86		115		118		126		141		163		152		161		185		214		207		174		188		143		172		138		364		355		
-1		244		223		0		156		534		508		529		498		535		547		450		475		487		505		560		568		573		581		575		509		567		519		561		518		508		541		489		483		478		488		529		516		426		364		410		413		393		495		501		497		485		382		377		346		360		382		386		390		380		482		452		440		428		428		418		365		316		296		336		354		367		330		337		410		395		262		273		264		277		285		283		292		310		307		319		366		376		391		263		251		262		235		245		248		258		152		148		185		199		197		193		209		438		455		504		512		529		532		505		472		279		262		220		332		326		311		283		308		411		283		290		270		266		263		227		226		207		158		231		150		141		133		118		89		150		78		63		41		64		113		217		246		239		206		220		175		204		170		413		404		
-1		222		201		156		0		512		486		507		476		513		525		428		453		465		483		538		546		551		559		553		487		545		497		539		496		486		519		467		461		456		466		507		494		404		342		388		391		371		473		479		475		463		360		355		324		338		360		364		368		358		460		430		418		406		406		396		343		294		274		314		332		345		308		315		388		373		240		251		242		255		263		261		270		288		285		297		344		354		369		241		229		240		213		223		226		236		130		126		163		177		175		171		187		416		433		482		490		507		510		483		450		257		240		198		310		304		289		261		286		389		261		268		248		244		241		205		204		185		136		209		128		119		111		96		67		128		78		93		115		104		113		195		224		217		184		198		153		182		148		391		382		
-1		577		556		674		652		0		26		47		36		73		85		84		109		117		135		98		106		111		119		113		143		201		153		232		176		190		223		171		165		160		170		211		198		108		170		229		266		246		376		382		378		366		263		262		293		243		267		267		170		180		282		252		240		228		228		218		222		271		264		224		228		193		283		276		267		252		320		353		467		357		365		363		347		329		334		399		446		283		298		310		322		319		338		348		351		361		381		586		388		374		400		402		364		295		312		361		369		386		389		362		329		316		333		375		487		481		466		438		463		566		438		445		425		421		433		560		559		540		491		564		524		508		571		556		585		588		596		611		633		622		631		655		684		677		644		658		613		642		608		121		204		
-1		551		530		648		626		26		0		21		10		47		59		58		83		91		109		72		80		85		93		87		117		175		127		206		150		164		197		145		139		134		144		185		172		82		144		203		240		220		350		356		352		340		237		236		267		217		241		241		144		154		256		226		214		202		202		192		196		245		238		198		202		167		257		250		241		226		294		327		441		331		339		337		321		303		308		373		420		257		272		284		296		293		312		322		325		335		355		560		362		348		374		376		338		269		286		335		343		360		363		336		303		290		307		349		461		455		440		412		437		540		412		419		399		395		407		534		533		514		465		538		498		482		545		530		559		562		570		585		607		596		605		629		658		651		618		632		587		616		582		95		178		
-1		572		551		669		647		47		21		0		31		68		80		79		104		112		130		93		101		106		114		108		138		196		148		227		171		185		218		166		160		155		165		206		193		103		165		224		261		241		371		377		373		361		258		257		288		238		262		262		165		175		277		247		235		223		223		213		217		266		259		219		223		188		278		271		262		247		315		348		462		352		360		358		342		324		329		394		441		278		293		305		317		314		333		343		346		356		376		581		383		369		395		397		359		290		307		356		364		381		384		357		324		311		328		370		482		476		461		433		458		561		433		440		420		416		428		555		554		535		486		559		519		503		566		551		580		583		591		606		628		617		626		650		679		672		639		653		608		637		603		116		199		
-1		541		520		638		616		36		10		31		0		37		49		48		73		81		99		62		70		75		83		77		107		165		117		196		140		154		187		135		129		124		134		175		162		72		134		193		230		210		340		346		342		330		227		226		257		207		231		231		134		144		246		216		204		192		192		182		186		235		228		188		192		157		247		240		231		216		284		317		431		321		329		327		311		293		298		363		410		247		262		274		286		283		302		312		315		325		345		550		352		338		364		366		328		259		276		325		333		350		353		326		293		280		297		339		451		445		430		402		427		530		402		409		389		385		397		524		523		504		455		528		488		472		535		520		549		552		560		575		597		586		595		619		648		641		608		622		577		606		572		85		168		
-1		574		553		671		649		165		139		160		129		0		12		81		56		44		62		25		33		38		46		40		90		148		100		179		123		187		199		168		162		157		167		208		195		105		167		226		263		243		373		379		375		363		260		259		290		240		264		264		167		177		279		249		237		225		225		215		219		268		261		221		225		190		280		273		264		249		317		350		464		354		362		360		344		326		331		396		443		280		295		307		319		316		335		345		348		358		378		583		385		371		397		399		361		292		309		358		366		383		386		359		326		313		330		372		484		478		463		435		460		563		435		442		422		418		430		557		556		537		488		561		521		505		568		553		582		585		593		608		630		619		628		652		681		674		641		655		610		639		605		118		201		
-1		562		541		659		637		153		127		148		117		12		0		69		44		32		50		13		21		26		34		28		78		136		88		167		111		175		187		156		150		145		155		196		183		93		155		214		251		231		361		367		363		351		248		247		278		228		252		252		155		165		267		237		225		213		213		203		207		256		249		209		213		178		268		261		252		237		305		338		452		342		350		348		332		314		319		384		431		268		283		295		307		304		323		333		336		346		366		571		373		359		385		387		349		280		297		346		354		371		374		347		314		301		318		360		472		466		451		423		448		551		423		430		410		406		418		545		544		525		476		549		509		493		556		541		570		573		581		596		618		607		616		640		669		662		629		643		598		627		593		106		189		
-1		493		472		590		568		84		58		79		48		85		97		0		25		37		55		110		118		123		131		125		59		117		69		148		92		106		139		87		81		76		86		127		114		24		86		145		182		162		292		298		294		282		179		178		209		159		183		183		86		96		198		168		156		144		144		134		138		187		180		140		144		109		199		192		183		168		236		269		383		273		281		279		263		245		250		315		362		199		214		226		238		235		254		264		267		277		297		502		304		290		316		318		280		211		228		277		285		302		305		278		245		232		249		291		403		397		382		354		379		482		354		361		341		337		349		476		475		456		407		480		440		424		487		472		501		504		512		527		549		538		547		571		600		593		560		574		529		558		524		37		120		
-1		518		497		615		593		109		83		104		73		110		122		25		0		12		30		135		143		148		156		150		34		92		44		123		67		131		143		112		106		101		111		152		139		49		111		170		207		187		317		323		319		307		204		203		234		184		208		208		111		121		223		193		181		169		169		159		163		212		205		165		169		134		224		217		208		193		261		294		408		298		306		304		288		270		275		340		387		224		239		251		263		260		279		289		292		302		322		527		329		315		341		343		305		236		253		302		310		327		330		303		270		257		274		316		428		422		407		379		404		507		379		386		366		362		374		501		500		481		432		505		465		449		512		497		526		529		537		552		574		563		572		596		625		618		585		599		554		583		549		62		145		
-1		530		509		627		605		121		95		116		85		122		134		37		12		0		18		147		155		160		168		162		46		104		56		135		79		143		155		124		118		113		123		164		151		61		123		182		219		199		329		335		331		319		216		215		246		196		220		220		123		133		235		205		193		181		181		171		175		224		217		177		181		146		236		229		220		205		273		306		420		310		318		316		300		282		287		352		399		236		251		263		275		272		291		301		304		314		334		539		341		327		353		355		317		248		265		314		322		339		342		315		282		269		286		328		440		434		419		391		416		519		391		398		378		374		386		513		512		493		444		517		477		461		524		509		538		541		549		564		586		575		584		608		637		630		597		611		566		595		561		74		157		
-1		548		527		645		623		139		113		134		103		140		152		55		30		18		0		165		173		178		186		180		64		122		74		153		97		161		173		142		136		131		141		182		169		79		141		200		237		217		347		353		349		337		234		233		264		214		238		238		141		151		253		223		211		199		199		189		193		242		235		195		199		164		254		247		238		223		291		324		438		328		336		334		318		300		305		370		417		254		269		281		293		290		309		319		322		332		352		557		359		345		371		373		335		266		283		332		340		357		360		333		300		287		304		346		458		452		437		409		434		537		409		416		396		392		404		531		530		511		462		535		495		479		542		527		556		559		567		582		604		593		602		626		655		648		615		629		584		613		579		92		175		
-1		549		528		646		624		140		114		135		104		67		55		56		31		19		37		0		8		13		21		27		65		123		75		154		98		162		174		143		137		132		142		183		170		80		142		201		238		218		348		354		350		338		235		234		265		215		239		239		142		152		254		224		212		200		200		190		194		243		236		196		200		165		255		248		239		224		292		325		439		329		337		335		319		301		306		371		418		255		270		282		294		291		310		320		323		333		353		558		360		346		372		374		336		267		284		333		341		358		361		334		301		288		305		347		459		453		438		410		435		538		410		417		397		393		405		532		531		512		463		536		496		480		543		528		557		560		568		583		605		594		603		627		656		649		616		630		585		614		580		93		176		
-1		542		521		639		617		133		107		128		97		75		63		49		24		12		30		8		0		21		29		35		58		116		68		147		91		155		167		136		130		125		135		176		163		73		135		194		231		211		341		347		343		331		228		227		258		208		232		232		135		145		247		217		205		193		193		183		187		236		229		189		193		158		248		241		232		217		285		318		432		322		330		328		312		294		299		364		411		248		263		275		287		284		303		313		316		326		346		551		353		339		365		367		329		260		277		326		334		351		354		327		294		281		298		340		452		446		431		403		428		531		403		410		390		386		398		525		524		505		456		529		489		473		536		521		550		553		561		576		598		587		596		620		649		642		609		623		578		607		573		86		169		
-1		536		515		633		611		127		101		122		91		54		42		43		18		6		24		55		63		0		8		14		52		110		62		141		85		149		161		130		124		119		129		170		157		67		129		188		225		205		335		341		337		325		222		221		252		202		226		226		129		139		241		211		199		187		187		177		181		230		223		183		187		152		242		235		226		211		279		312		426		316		324		322		306		288		293		358		405		242		257		269		281		278		297		307		310		320		340		545		347		333		359		361		323		254		271		320		328		345		348		321		288		275		292		334		446		440		425		397		422		525		397		404		384		380		392		519		518		499		450		523		483		467		530		515		544		547		555		570		592		581		590		614		643		636		603		617		572		601		567		80		163		
-1		544		523		641		619		135		109		130		99		46		34		51		26		14		32		47		55		8		0		6		60		118		70		149		93		157		169		138		132		127		137		178		165		75		137		196		233		213		343		349		345		333		230		229		260		210		234		234		137		147		249		219		207		195		195		185		189		238		231		191		195		160		250		243		234		219		287		320		434		324		332		330		314		296		301		366		413		250		265		277		289		286		305		315		318		328		348		553		355		341		367		369		331		262		279		328		336		353		356		329		296		283		300		342		454		448		433		405		430		533		405		412		392		388		400		527		526		507		458		531		491		475		538		523		552		555		563		578		600		589		598		622		651		644		611		625		580		609		575		88		171		
-1		550		529		647		625		141		115		136		105		40		28		57		32		20		38		41		49		14		6		0		66		124		76		155		99		163		175		144		138		133		143		184		171		81		143		202		239		219		349		355		351		339		236		235		266		216		240		240		143		153		255		225		213		201		201		191		195		244		237		197		201		166		256		249		240		225		293		326		440		330		338		336		320		302		307		372		419		256		271		283		295		292		311		321		324		334		354		559		361		347		373		375		337		268		285		334		342		359		362		335		302		289		306		348		460		454		439		411		436		539		411		418		398		394		406		533		532		513		464		537		497		481		544		529		558		561		569		584		606		595		604		628		657		650		617		631		586		615		581		94		177		
-1		552		531		649		627		143		117		138		107		144		156		59		34		46		64		169		177		182		190		184		0		58		10		89		33		157		109		146		140		135		145		121		173		83		145		204		241		221		351		357		353		341		238		237		268		218		242		242		145		155		257		227		215		203		203		193		197		246		239		199		203		168		258		251		242		227		295		328		442		332		340		338		322		304		309		374		421		258		273		285		297		294		313		323		326		336		356		561		363		349		375		377		339		270		287		336		344		361		364		337		304		291		308		350		462		456		441		413		438		541		413		420		400		396		408		535		534		515		466		539		499		483		546		531		560		563		571		586		608		597		606		630		659		652		619		633		588		617		583		96		179		
-1		610		589		707		685		201		175		196		165		202		214		117		92		104		122		227		235		240		248		242		58		0		68		55		91		123		75		142		198		193		128		87		156		141		203		262		299		279		409		415		411		399		296		295		326		276		300		300		203		213		315		285		273		261		261		251		255		304		297		257		261		226		316		309		300		285		353		386		500		390		398		396		380		362		367		432		479		316		331		343		355		352		371		381		384		394		414		619		421		407		433		435		397		328		345		394		402		419		422		395		362		349		366		408		520		514		499		471		496		599		471		478		458		454		466		593		592		573		524		597		557		541		604		589		618		621		629		644		666		655		664		688		717		710		677		691		646		675		641		154		237		
-1		562		541		659		637		153		127		148		117		154		166		69		44		56		74		179		187		192		200		194		10		68		0		99		43		167		119		156		150		145		155		131		183		93		155		214		251		231		361		367		363		351		248		247		278		228		252		252		155		165		267		237		225		213		213		203		207		256		249		209		213		178		268		261		252		237		305		338		452		342		350		348		332		314		319		384		431		268		283		295		307		304		323		333		336		346		366		571		373		359		385		387		349		280		297		346		354		371		374		347		314		301		318		360		472		466		451		423		448		551		423		430		410		406		418		545		544		525		476		549		509		493		556		541		570		573		581		596		618		607		616		640		669		662		629		643		598		627		593		106		189		
-1		630		609		727		705		221		195		216		185		222		234		137		145		157		175		247		255		260		268		262		111		55		121		0		78		68		20		87		218		213		73		32		101		161		223		282		319		299		429		435		431		419		316		315		346		296		320		320		223		233		335		305		293		281		281		271		275		324		317		277		281		246		336		329		320		305		373		406		520		410		418		416		400		382		387		452		499		336		351		363		375		372		391		401		404		414		434		639		441		427		453		455		417		348		365		414		422		439		442		415		382		369		386		428		540		534		519		491		516		619		491		498		478		474		486		613		612		593		544		617		577		561		624		609		638		641		649		664		686		675		684		708		737		730		697		711		666		695		661		174		257		
-1		585		564		682		660		176		150		171		140		177		189		92		67		79		97		202		210		215		223		217		33		91		43		56		0		124		76		143		173		168		129		88		157		116		178		237		274		254		384		390		386		374		271		270		301		251		275		275		178		188		290		260		248		236		236		226		230		279		272		232		236		201		291		284		275		260		328		361		475		365		373		371		355		337		342		407		454		291		306		318		330		327		346		356		359		369		389		594		396		382		408		410		372		303		320		369		377		394		397		370		337		324		341		383		495		489		474		446		471		574		446		453		433		429		441		568		567		548		499		572		532		516		579		564		593		596		604		619		641		630		639		663		692		685		652		666		621		650		616		129		212		
-1		562		541		659		637		153		127		148		117		154		166		69		77		89		107		179		187		192		200		194		43		101		53		66		10		0		48		19		150		145		101		60		129		93		155		214		251		231		361		367		363		351		248		247		278		228		252		252		155		165		267		237		225		213		213		203		207		256		249		209		213		178		268		261		252		237		305		338		452		342		350		348		332		314		319		384		431		268		283		295		307		304		323		333		336		346		366		571		373		359		385		387		349		280		297		346		354		371		374		347		314		301		318		360		472		466		451		423		448		551		423		430		410		406		418		545		544		525		476		549		509		493		556		541		570		573		581		596		618		607		616		640		669		662		629		643		598		627		593		106		189		
-1		610		589		707		685		201		175		196		165		202		214		117		125		137		155		227		235		240		248		242		91		75		101		20		58		48		0		67		198		193		53		12		81		141		203		262		299		279		409		415		411		399		296		295		326		276		300		300		203		213		315		285		273		261		261		251		255		304		297		257		261		226		316		309		300		285		353		386		500		390		398		396		380		362		367		432		479		316		331		343		355		352		371		381		384		394		414		619		421		407		433		435		397		328		345		394		402		419		422		395		362		349		366		408		520		514		499		471		496		599		471		478		458		454		466		593		592		573		524		597		557		541		604		589		618		621		629		644		666		655		664		688		717		710		677		691		646		675		641		154		237		
-1		543		522		640		618		134		108		129		98		135		147		50		75		87		105		160		168		173		181		175		62		120		72		85		29		19		67		0		131		126		120		79		148		74		136		195		232		212		342		348		344		332		229		228		259		209		233		233		136		146		248		218		206		194		194		184		188		237		230		190		194		159		249		242		233		218		286		319		433		323		331		329		313		295		300		365		412		249		264		276		288		285		304		314		317		327		347		552		354		340		366		368		330		261		278		327		335		352		355		328		295		282		299		341		453		447		432		404		429		532		404		411		391		387		399		526		525		506		457		530		490		474		537		522		551		554		562		577		599		588		597		621		650		643		610		624		579		608		574		87		170		
-1		549		528		646		624		140		114		135		104		141		153		56		81		93		111		166		174		179		187		181		68		126		78		78		35		25		58		6		0		5		5		46		33		80		142		201		238		218		348		354		350		338		235		234		265		215		239		239		142		152		254		224		212		200		200		190		194		243		236		196		200		165		255		248		239		224		292		325		439		329		337		335		319		301		306		371		418		255		270		282		294		291		310		320		323		333		353		558		360		346		372		374		336		267		284		333		341		358		361		334		301		288		305		347		459		453		438		410		435		538		410		417		397		393		405		532		531		512		463		536		496		480		543		528		557		560		568		583		605		594		603		627		656		649		616		630		585		614		580		93		176		
-1		554		533		651		629		145		119		140		109		146		158		61		86		98		116		171		179		184		192		186		73		131		83		83		40		30		63		11		5		0		10		51		38		85		147		206		243		223		353		359		355		343		240		239		270		220		244		244		147		157		259		229		217		205		205		195		199		248		241		201		205		170		260		253		244		229		297		330		444		334		342		340		324		306		311		376		423		260		275		287		299		296		315		325		328		338		358		563		365		351		377		379		341		272		289		338		346		363		366		339		306		293		310		352		464		458		443		415		440		543		415		422		402		398		410		537		536		517		468		541		501		485		548		533		562		565		573		588		610		599		608		632		661		654		621		635		590		619		585		98		181		
-1		663		642		760		738		254		228		249		218		255		267		170		178		190		208		280		288		293		301		295		144		128		154		73		111		101		53		120		251		246		0		41		28		194		256		315		352		332		462		468		464		452		349		348		379		329		353		353		256		266		368		338		326		314		314		304		308		357		350		310		314		279		369		362		353		338		406		439		553		443		451		449		433		415		420		485		532		369		384		396		408		405		424		434		437		447		467		672		474		460		486		488		450		381		398		447		455		472		475		448		415		402		419		461		573		567		552		524		549		652		524		531		511		507		519		646		645		626		577		650		610		594		657		642		671		674		682		697		719		708		717		741		770		763		730		744		699		728		694		207		290		
-1		622		601		719		697		213		187		208		177		214		226		129		137		149		167		239		247		252		260		254		103		87		113		32		70		60		12		79		210		205		41		0		69		153		215		274		311		291		421		427		423		411		308		307		338		288		312		312		215		225		327		297		285		273		273		263		267		316		309		269		273		238		328		321		312		297		365		398		512		402		410		408		392		374		379		444		491		328		343		355		367		364		383		393		396		406		426		631		433		419		445		447		409		340		357		406		414		431		434		407		374		361		378		420		532		526		511		483		508		611		483		490		470		466		478		605		604		585		536		609		569		553		616		601		630		633		641		656		678		667		676		700		729		722		689		703		658		687		653		166		249		
-1		691		670		788		766		282		256		277		246		283		295		198		206		218		236		308		316		321		329		323		172		156		182		101		139		129		81		148		279		274		28		69		0		222		284		343		380		360		490		496		492		480		377		376		407		357		381		381		284		294		396		366		354		342		342		332		336		385		378		338		342		307		397		390		381		366		434		467		581		471		479		477		461		443		448		513		560		397		412		424		436		433		452		462		465		475		495		700		502		488		514		516		478		409		426		475		483		500		503		476		443		430		447		489		601		595		580		552		577		680		552		559		539		535		547		674		673		654		605		678		638		622		685		670		699		702		710		725		747		736		745		769		798		791		758		772		727		756		722		235		318		
-1		469		448		566		544		108		82		103		72		109		121		24		49		61		79		134		142		147		155		149		83		141		93		135		92		82		115		63		57		52		62		103		90		0		62		121		158		138		268		274		270		258		155		154		185		135		159		159		62		72		174		144		132		120		120		110		114		163		156		116		120		85		175		168		159		144		212		245		359		249		257		255		239		221		226		291		338		175		190		202		214		211		230		240		243		253		273		478		280		266		292		294		256		187		204		253		261		278		281		254		221		208		225		267		379		373		358		330		355		458		330		337		317		313		325		452		451		432		383		456		416		400		463		448		477		480		488		503		525		514		523		547		576		569		536		550		505		534		500		13		96		
-1		466		445		563		541		170		144		165		134		171		183		86		111		123		141		196		204		209		217		211		145		203		155		197		154		144		177		125		119		114		124		165		152		62		0		59		96		76		206		212		208		196		93		92		123		137		97		97		98		108		210		180		168		156		156		146		150		199		192		152		152		121		211		204		195		180		248		281		297		285		293		291		177		159		164		327		374		113		128		140		152		149		168		178		181		191		211		475		218		204		230		237		194		223		240		289		297		314		317		290		257		244		261		264		376		370		355		327		352		455		327		334		314		310		322		449		448		429		380		453		413		397		460		445		474		477		485		500		522		511		520		544		573		566		533		547		502		531		497		49		132		
-1		407		386		504		482		252		226		247		216		253		265		168		193		205		223		278		286		291		299		293		227		285		237		279		236		226		259		207		201		196		206		247		234		144		82		0		37		17		147		153		149		137		34		33		64		78		38		38		151		141		243		213		201		189		189		179		183		219		199		159		93		128		233		237		228		213		247		247		238		251		259		257		118		100		105		293		340		54		69		81		93		90		109		119		122		132		152		416		159		145		171		178		135		256		273		322		330		347		350		323		290		264		247		205		317		311		296		268		293		396		268		275		255		251		263		390		389		370		321		394		354		338		401		386		415		418		426		441		463		452		461		485		514		507		474		488		443		472		438		131		165		
-1		411		390		508		486		256		230		251		220		257		269		172		197		209		227		282		290		295		303		297		231		289		241		283		240		230		263		211		205		200		210		251		238		148		86		4		0		21		151		157		153		141		38		37		68		82		42		42		155		145		247		217		205		193		193		183		187		223		203		163		97		132		237		241		232		217		251		251		242		255		263		261		122		104		109		297		344		58		73		85		97		94		113		123		126		136		156		420		163		149		175		182		139		260		277		326		334		351		354		327		294		268		251		209		321		315		300		272		297		400		272		279		259		255		267		394		393		374		325		398		358		342		405		390		419		422		430		445		467		456		465		489		518		511		478		492		447		476		442		135		169		
-1		390		369		487		465		235		209		230		199		236		248		151		176		188		206		261		269		274		282		276		210		268		220		262		219		209		242		190		184		179		189		230		217		127		65		17		20		0		130		136		132		120		17		16		47		61		21		21		134		124		226		196		184		172		172		162		166		202		182		142		76		111		216		220		211		196		230		230		221		234		242		240		101		83		88		276		323		37		52		64		76		73		92		102		105		115		135		399		142		128		154		161		118		239		256		305		313		330		333		306		273		247		230		188		300		294		279		251		276		379		251		258		238		234		246		373		372		353		304		377		337		321		384		369		398		401		409		424		446		435		444		468		497		490		457		471		426		455		421		114		148		
-1		436		415		533		511		281		255		276		245		282		294		197		222		234		252		307		315		320		328		322		256		314		266		308		265		255		288		236		230		225		235		276		263		173		111		29		25		46		0		6		22		10		63		62		93		107		67		67		180		170		272		242		230		218		218		208		212		248		228		188		122		157		262		266		257		242		276		276		267		280		288		286		147		129		134		322		369		83		98		110		122		119		138		148		151		161		181		445		188		174		200		207		164		285		302		351		359		376		379		352		319		293		276		234		346		340		325		297		322		425		297		304		284		280		292		419		418		399		350		423		383		367		430		415		444		447		455		470		492		481		490		514		543		536		503		517		472		501		467		160		194		
-1		442		421		539		517		287		261		282		251		288		300		203		228		240		258		313		321		326		334		328		262		320		272		314		271		261		294		242		236		231		241		282		269		179		117		35		31		52		6		0		18		16		69		68		99		113		73		73		186		176		278		248		236		224		224		214		218		254		234		194		128		163		268		272		263		248		282		282		273		286		294		292		153		135		140		328		375		89		104		116		128		125		144		154		157		167		187		451		194		180		206		213		170		291		308		357		365		382		385		358		325		299		282		240		352		346		331		303		328		431		303		310		290		286		298		425		424		405		356		429		389		373		436		421		450		453		461		476		498		487		496		520		549		542		509		523		478		507		473		166		200		
-1		458		437		555		533		303		277		298		267		304		316		219		244		256		274		329		337		342		350		344		278		336		288		330		287		277		310		258		252		247		257		298		285		195		133		51		47		68		22		18		0		12		85		84		115		129		89		89		202		192		294		264		252		240		240		230		234		270		250		210		144		179		284		288		279		264		298		298		289		302		310		308		169		151		156		344		391		105		120		132		144		141		160		170		173		183		203		467		210		196		222		229		186		307		324		373		381		398		401		374		341		315		298		256		368		362		347		319		344		447		319		326		306		302		314		441		440		421		372		445		405		389		452		437		466		469		477		492		514		503		512		536		565		558		525		539		494		523		489		182		216		
-1		446		425		543		521		291		265		286		255		292		304		207		232		244		262		317		325		330		338		332		266		324		276		318		275		265		298		246		240		235		245		286		273		183		121		39		35		56		10		16		12		0		73		72		103		117		77		77		190		180		282		252		240		228		228		218		222		258		238		198		132		167		272		276		267		252		286		286		277		290		298		296		157		139		144		332		379		93		108		120		132		129		148		158		161		171		191		455		198		184		210		217		174		295		312		361		369		386		389		362		329		303		286		244		356		350		335		307		332		435		307		314		294		290		302		429		428		409		360		433		393		377		440		425		454		457		465		480		502		491		500		524		553		546		513		527		482		511		477		170		204		
-1		380		359		477		455		235		209		230		199		236		248		151		176		188		206		261		269		274		282		276		210		268		220		262		219		209		242		190		184		179		189		230		217		127		65		34		37		17		113		119		115		103		0		16		47		61		11		4		134		124		226		196		184		172		172		162		166		202		182		142		76		111		216		220		211		196		220		220		211		224		232		230		101		83		88		266		313		27		42		54		66		63		82		92		95		105		125		389		132		118		144		151		108		239		256		305		313		330		333		306		273		237		220		178		290		284		269		241		266		369		241		248		228		224		236		363		362		343		294		367		327		311		374		359		388		391		399		414		436		425		434		458		487		480		447		461		416		445		411		114		148		
-1		374		353		471		449		219		193		214		183		220		232		135		160		172		190		245		253		258		266		260		194		252		204		246		203		193		226		174		168		163		173		214		201		111		49		33		36		16		118		124		120		108		5		0		31		45		5		9		118		108		210		180		168		156		156		146		150		186		166		126		60		95		200		204		195		180		214		214		205		218		226		224		85		67		72		260		307		21		36		48		60		57		76		86		89		99		119		383		126		112		138		145		102		223		240		289		297		314		317		290		257		231		214		172		284		278		263		235		260		363		235		242		222		218		230		357		356		337		288		361		321		305		368		353		382		385		393		408		430		419		428		452		481		474		441		455		410		439		405		98		132		
-1		405		384		502		480		188		162		183		152		189		201		104		129		141		159		214		222		227		235		229		163		221		173		215		172		162		195		143		137		132		142		183		170		80		18		64		67		47		149		155		151		139		36		31		0		14		36		40		87		77		179		149		137		125		125		115		119		155		135		95		29		64		169		173		164		149		206		239		236		243		251		249		54		36		41		285		332		52		67		79		91		88		107		117		120		130		150		414		157		143		169		176		133		192		209		258		266		283		286		259		226		213		230		203		315		309		294		266		291		394		266		273		253		249		261		388		387		368		319		392		352		336		399		384		413		416		424		439		461		450		459		483		512		505		472		486		441		470		436		67		101		
-1		460		439		557		535		174		148		169		138		175		187		90		115		127		145		200		208		213		221		215		149		207		159		201		158		148		181		129		123		118		128		169		156		66		4		63		100		80		210		216		212		200		97		96		127		0		101		101		73		63		165		135		123		111		111		101		105		141		121		81		15		50		155		159		150		135		192		225		301		229		237		235		181		163		168		271		318		117		132		144		156		153		172		182		185		195		215		469		222		208		234		241		198		178		195		244		252		269		272		245		212		199		216		258		370		364		349		321		346		449		321		328		308		304		316		443		442		423		374		447		407		391		454		439		468		471		479		494		516		505		514		538		567		560		527		541		496		525		491		53		87		
-1		369		348		466		444		224		198		219		188		225		237		140		165		177		195		250		258		263		271		265		199		257		209		251		208		198		231		179		173		168		178		219		206		116		54		38		41		21		116		122		118		106		10		5		36		50		0		7		123		113		215		185		173		161		161		151		155		191		171		131		65		100		205		209		200		185		209		209		200		213		221		219		90		72		77		255		302		16		31		43		55		52		71		81		84		94		114		378		121		107		133		140		97		228		245		294		302		319		322		295		262		226		209		167		279		273		258		230		255		358		230		237		217		213		225		352		351		332		283		356		316		300		363		348		377		380		388		403		425		414		423		447		476		469		436		450		405		434		400		103		137		
-1		376		355		473		451		231		205		226		195		232		244		147		172		184		202		257		265		270		278		272		206		264		216		258		215		205		238		186		180		175		185		226		213		123		61		38		41		21		109		115		111		99		4		12		43		57		7		0		130		120		222		192		180		168		168		158		162		198		178		138		72		107		212		216		207		192		216		216		207		220		228		226		97		79		84		262		309		23		38		50		62		59		78		88		91		101		121		385		128		114		140		147		104		235		252		301		309		326		329		302		269		233		216		174		286		280		265		237		262		365		237		244		224		220		232		359		358		339		290		363		323		307		370		355		384		387		395		410		432		421		430		454		483		476		443		457		412		441		407		110		144		
-1		407		386		504		482		170		144		165		134		171		183		86		111		123		141		196		204		209		217		211		145		203		155		197		154		144		177		125		119		114		124		165		152		62		77		136		173		153		283		289		285		273		170		169		200		73		174		174		0		10		112		82		70		58		58		48		52		101		94		54		58		23		113		106		97		82		150		183		374		187		195		193		202		220		217		229		276		190		205		217		229		226		245		255		258		268		288		416		295		281		307		232		271		125		142		191		199		216		219		192		159		146		163		205		317		311		296		268		293		396		268		275		255		251		263		390		389		370		321		394		354		338		401		386		415		418		426		441		463		452		461		485		514		507		474		488		443		472		438		49		34		
-1		397		376		494		472		180		154		175		144		181		193		96		121		133		151		206		214		219		227		221		155		213		165		207		164		154		187		135		129		124		134		175		162		72		67		126		163		143		273		279		275		263		160		159		190		63		164		164		10		0		102		72		60		48		48		38		42		91		84		44		48		13		103		96		87		72		140		173		364		177		185		183		192		210		207		219		266		180		195		207		219		216		235		245		248		258		278		406		285		271		297		222		261		115		132		181		189		206		209		182		149		136		153		195		307		301		286		258		283		386		258		265		245		241		253		380		379		360		311		384		344		328		391		376		405		408		416		431		453		442		451		475		504		497		464		478		433		462		428		59		24		
-1		415		394		512		490		178		152		173		142		179		191		94		119		131		149		204		212		217		225		219		153		211		163		205		162		152		185		133		127		122		132		173		160		70		85		144		181		161		291		297		293		281		178		177		208		81		182		182		8		18		0		30		42		54		66		56		60		109		102		62		66		31		121		114		105		90		158		191		382		195		203		201		210		228		225		237		284		198		213		225		237		234		253		263		266		276		296		424		303		289		315		240		279		133		150		199		207		224		227		200		167		154		171		213		325		319		304		276		301		404		276		283		263		259		271		398		397		378		329		402		362		346		409		394		423		426		434		449		471		460		469		493		522		515		482		496		451		480		446		57		42		
-1		421		400		518		496		208		182		203		172		209		221		124		149		161		179		234		242		247		255		249		183		241		193		235		192		182		215		163		157		152		162		203		190		100		115		174		211		191		321		327		323		311		208		207		238		111		212		212		38		48		30		0		12		24		72		62		66		115		132		92		96		61		127		120		111		96		164		197		412		201		209		207		216		234		231		243		290		228		243		255		267		264		283		293		296		306		326		430		333		319		345		246		309		139		156		205		213		230		233		206		173		160		177		219		331		325		310		282		307		410		282		289		269		265		277		404		403		384		335		408		368		352		415		400		429		432		440		455		477		466		475		499		528		521		488		502		457		486		452		87		48		
-1		409		388		506		484		220		194		215		184		221		233		136		161		173		191		246		254		259		267		261		195		253		205		247		204		194		227		175		169		164		174		215		202		112		127		186		223		203		333		339		335		323		220		219		250		123		224		224		50		60		42		12		0		12		60		50		54		103		123		104		108		73		115		108		99		84		152		185		424		189		197		195		204		222		219		231		278		240		255		267		279		276		295		305		308		318		338		418		345		331		357		234		321		127		144		193		201		218		221		194		161		148		165		207		319		313		298		270		295		398		270		277		257		253		265		392		391		372		323		396		356		340		403		388		417		420		428		443		465		454		463		487		516		509		476		490		445		474		440		99		36		
-1		397		376		494		472		228		202		223		192		229		241		144		169		181		199		254		262		267		275		269		203		261		213		255		212		202		235		183		177		172		182		223		210		120		115		174		211		191		321		327		323		311		208		207		238		111		212		212		58		48		54		24		12		0		48		38		42		91		111		92		96		61		103		96		87		72		140		173		412		177		185		183		192		210		207		219		266		228		243		255		267		264		283		293		296		306		326		406		333		319		345		222		309		115		132		181		189		206		209		182		149		136		153		195		307		301		286		258		283		386		258		265		245		241		253		380		379		360		311		384		344		328		391		376		405		408		416		431		453		442		451		475		504		497		464		478		433		462		428		107		24		
-1		369		348		466		444		222		196		217		186		223		235		138		163		175		193		248		256		261		269		263		197		255		207		249		206		196		229		177		171		166		176		217		204		114		109		168		205		185		315		321		317		305		202		201		218		105		206		206		52		42		96		66		54		42		0		10		14		63		83		86		90		55		75		68		59		44		112		145		406		149		157		155		164		182		179		191		238		222		237		249		261		258		277		287		290		300		320		378		327		313		339		194		303		87		104		153		161		178		181		154		121		108		125		167		279		273		258		230		255		358		230		237		217		213		225		352		351		332		283		356		316		300		363		348		377		380		388		403		425		414		423		447		476		469		436		450		405		434		400		101		18		
-1		359		338		456		434		218		192		213		182		219		231		134		159		171		189		244		252		257		265		259		193		251		203		245		202		192		225		173		167		162		172		213		200		110		105		164		201		181		311		317		313		301		198		197		208		101		202		202		48		38		92		62		50		38		10		0		4		53		73		82		86		51		65		58		49		34		102		135		402		139		147		145		154		172		169		181		228		218		233		245		257		254		273		283		286		296		316		368		323		309		335		184		299		77		94		143		151		168		171		144		111		98		115		157		269		263		248		220		245		348		220		227		207		203		215		342		341		322		273		346		306		290		353		338		367		370		378		393		415		404		413		437		466		459		426		440		395		424		390		97		14		
-1		355		334		452		430		316		290		311		280		317		329		232		257		269		287		342		350		355		363		357		291		349		301		343		300		290		323		271		265		260		270		311		298		208		146		205		242		222		352		358		354		342		239		235		204		142		240		243		163		153		255		225		213		201		201		191		0		49		69		109		127		140		61		54		45		30		98		131		418		135		143		141		150		168		165		177		224		234		249		261		273		270		289		299		302		312		332		364		339		325		351		180		315		73		90		139		147		164		167		140		107		94		111		153		265		259		244		216		241		344		216		223		203		199		211		338		337		318		269		342		302		286		349		334		363		366		374		389		411		400		409		433		462		455		422		436		391		420		386		195		177		
-1		340		319		437		415		267		241		262		231		268		280		183		208		220		238		293		301		306		314		308		242		300		252		294		251		241		274		222		216		211		221		262		249		159		97		156		193		173		303		309		305		293		190		188		157		93		193		194		114		104		206		176		164		152		152		142		49		0		20		60		78		91		14		21		94		79		51		84		371		88		96		94		103		121		118		130		177		187		202		214		226		223		242		252		255		265		285		349		292		278		304		165		268		122		139		188		196		213		216		189		156		79		96		138		250		244		229		201		226		329		201		208		188		184		196		323		322		303		254		327		287		271		334		319		348		351		359		374		396		385		394		418		447		440		407		421		376		405		371		146		128		
-1		360		339		457		435		247		221		242		211		248		260		163		188		200		218		273		281		286		294		288		222		280		232		274		231		221		254		202		196		191		201		242		229		139		77		136		173		153		283		289		285		273		170		169		177		73		174		174		94		84		186		156		144		132		132		122		69		20		0		40		58		71		34		41		114		99		71		104		374		108		116		114		123		141		138		150		197		190		205		217		229		226		245		255		258		268		288		369		295		281		307		185		271		142		159		208		216		233		236		209		176		99		116		158		270		264		249		221		246		349		221		228		208		204		216		343		342		323		274		347		307		291		354		339		368		371		379		394		416		405		414		438		467		460		427		441		396		425		391		126		108		
-1		400		379		497		475		207		181		202		171		208		220		123		148		160		178		233		241		246		254		248		182		240		192		234		191		181		214		162		156		151		161		202		189		99		37		96		133		113		243		249		245		233		130		129		160		33		134		134		54		44		146		116		104		92		92		82		86		60		40		0		18		31		74		81		131		116		111		144		334		148		156		154		163		181		178		190		237		150		165		177		189		186		205		215		218		228		248		409		255		241		267		225		231		159		176		225		233		250		253		226		193		139		156		198		310		304		289		261		286		389		261		268		248		244		256		383		382		363		314		387		347		331		394		379		408		411		419		434		456		445		454		478		507		500		467		481		436		465		431		86		68		
-1		445		424		542		520		189		163		184		153		190		202		105		130		142		160		215		223		228		236		230		164		222		174		216		173		163		196		144		138		133		143		184		171		81		19		78		115		95		225		231		227		215		112		111		142		15		116		116		58		48		150		120		108		96		96		86		90		126		106		66		0		35		140		144		135		120		177		210		316		214		222		220		196		178		183		256		303		132		147		159		171		168		187		197		200		210		230		454		237		223		249		256		213		163		180		229		237		254		257		230		197		184		201		243		355		349		334		306		331		434		306		313		293		289		301		428		427		408		359		432		392		376		439		424		453		456		464		479		501		490		499		523		552		545		512		526		481		510		476		68		72		
-1		410		389		507		485		193		167		188		157		194		206		109		134		146		164		219		227		232		240		234		168		226		178		220		177		167		200		148		142		137		147		188		175		85		54		113		150		130		260		266		262		250		147		146		177		50		151		151		23		13		115		85		73		61		61		51		55		91		71		31		35		0		105		109		100		85		142		175		351		179		187		185		194		212		209		221		268		167		182		194		206		203		222		232		235		245		265		419		272		258		284		235		248		128		145		194		202		219		222		195		162		149		166		208		320		314		299		271		296		399		271		278		258		254		266		393		392		373		324		397		357		341		404		389		418		421		429		444		466		455		464		488		517		510		477		491		446		475		441		72		37		
-1		326		305		423		401		331		305		326		295		332		344		247		272		284		302		357		365		370		378		372		306		364		316		358		315		305		338		286		280		275		285		326		313		223		161		207		210		190		292		298		294		282		179		174		143		157		179		183		187		177		279		249		237		225		225		215		162		113		93		133		151		164		0		7		207		192		37		70		357		74		82		80		89		107		104		116		163		173		188		200		212		209		228		238		241		251		271		335		278		264		290		151		254		235		252		301		309		326		329		302		269		65		82		124		236		230		215		187		212		315		187		194		174		170		182		309		308		289		240		313		273		257		320		305		334		337		345		360		382		371		380		404		433		426		393		407		362		391		357		210		201		
-1		333		312		430		408		338		312		333		302		339		351		254		279		291		309		364		372		377		385		379		313		371		323		365		322		312		345		293		287		282		292		333		320		230		168		214		217		197		299		305		301		289		186		181		150		164		186		190		194		184		286		256		244		232		232		222		169		120		100		140		158		171		7		0		214		199		44		77		364		81		89		87		96		114		111		123		170		180		195		207		219		216		235		245		248		258		278		342		285		271		297		158		261		242		259		308		316		333		336		309		276		72		89		131		243		237		222		194		219		322		194		201		181		177		189		316		315		296		247		320		280		264		327		312		341		344		352		367		389		378		387		411		440		433		400		414		369		398		364		217		208		
-1		310		289		407		385		347		321		342		311		348		360		263		288		300		318		373		381		386		394		388		322		380		332		374		331		321		354		302		296		291		301		342		329		239		177		223		226		206		308		314		310		298		195		190		159		173		195		199		203		193		295		265		253		241		241		231		45		94		109		149		167		180		16		9		0		15		53		86		373		90		98		96		105		123		120		132		179		189		204		216		228		225		244		254		257		267		287		319		294		280		306		135		270		28		45		94		102		119		122		95		62		49		66		108		220		214		199		171		196		299		171		178		158		154		166		293		292		273		224		297		257		241		304		289		318		321		329		344		366		355		364		388		417		410		377		391		346		375		341		226		217		
-1		325		304		422		400		346		320		341		310		347		359		262		287		299		317		372		380		385		393		387		321		379		331		373		330		320		353		301		295		290		300		341		328		238		176		235		241		221		323		329		325		313		210		205		174		172		210		214		193		183		285		255		243		231		231		221		30		79		99		139		157		170		31		24		15		0		68		101		388		105		113		111		120		138		135		147		194		204		219		231		243		240		259		269		272		282		302		334		309		295		321		150		285		43		60		109		117		134		137		110		77		64		81		123		235		229		214		186		211		314		186		193		173		169		181		308		307		288		239		312		272		256		319		304		333		336		344		359		381		370		379		403		432		425		392		406		361		390		356		225		207		
-1		289		268		386		364		294		268		289		258		295		307		210		235		247		265		320		328		333		341		335		269		327		279		321		278		268		301		249		243		238		248		289		276		186		124		170		173		153		255		261		257		245		142		137		106		120		142		146		150		140		242		212		200		188		188		178		125		76		56		96		114		127		90		97		170		155		0		33		320		37		45		43		52		70		67		79		126		136		151		163		175		172		191		201		204		214		234		298		241		227		253		114		217		198		215		264		272		289		292		265		232		28		45		87		199		193		178		150		175		278		150		157		137		133		145		272		271		252		203		276		236		220		283		268		297		300		308		323		345		334		343		367		396		389		356		370		325		354		320		173		164		
-1		322		301		419		397		261		235		256		225		262		274		177		202		214		232		287		295		300		308		302		236		294		246		288		245		235		268		216		210		205		215		256		243		153		91		137		140		120		222		228		224		212		109		104		73		87		109		113		117		107		209		179		167		155		155		145		92		43		23		63		81		94		57		64		137		122		33		0		287		4		12		10		19		37		34		46		93		103		118		130		142		139		158		168		171		181		201		331		208		194		220		147		184		165		182		231		239		256		259		232		199		61		78		120		232		226		211		183		208		311		183		190		170		166		178		305		304		285		236		309		269		253		316		301		330		333		341		356		378		367		376		400		429		422		389		403		358		387		353		140		131		
-1		331		310		428		406		270		244		265		234		271		283		186		211		223		241		296		304		309		317		311		245		303		255		297		254		244		277		225		219		214		224		265		252		162		100		146		149		129		231		237		233		221		118		113		82		96		118		122		126		116		218		188		176		164		164		154		101		52		32		72		90		103		66		73		146		131		42		9		0		13		21		19		28		46		43		55		102		112		127		139		151		148		167		177		180		190		210		340		217		203		229		156		193		174		191		240		248		265		268		241		208		70		87		129		241		235		220		192		217		320		192		199		179		175		187		314		313		294		245		318		278		262		325		310		339		342		350		365		387		376		385		409		438		431		398		412		367		396		362		149		140		
-1		326		305		423		401		257		231		252		221		258		270		173		198		210		228		283		291		296		304		298		232		290		242		284		241		231		264		212		206		201		211		252		239		149		87		133		136		116		218		224		220		208		105		100		69		83		105		109		113		103		205		175		163		151		151		141		88		39		19		59		77		90		53		60		133		118		37		4		283		0		8		6		15		33		30		42		89		99		114		126		138		135		154		164		167		177		197		335		204		190		216		151		180		161		178		227		235		252		255		228		195		65		82		124		236		230		215		187		212		315		187		194		174		170		182		309		308		289		240		313		273		257		320		305		334		337		345		360		382		371		380		404		433		426		393		407		362		391		357		136		127		
-1		334		313		431		409		258		232		253		222		259		271		174		199		211		229		284		292		297		305		299		233		291		243		285		242		232		265		213		207		202		212		253		240		150		88		136		139		119		221		227		223		211		108		103		72		84		108		112		105		95		197		167		155		143		143		133		80		31		11		51		69		82		45		52		125		110		45		12		286		8		0		9		18		36		33		45		92		102		117		129		141		138		157		167		170		180		200		343		207		193		219		159		183		153		170		219		227		244		247		220		187		73		90		132		244		238		223		195		220		323		195		202		182		178		190		317		316		297		248		321		281		265		328		313		342		345		353		368		390		379		388		412		441		434		401		415		370		399		365		137		119		
-1		332		311		429		407		251		225		246		215		252		264		167		192		204		222		277		285		290		298		292		226		284		236		278		235		225		258		206		200		195		205		246		233		143		81		127		130		110		212		218		214		202		99		94		63		77		99		103		119		109		211		181		169		157		157		147		94		45		25		65		83		96		59		66		139		124		43		10		277		6		14		0		9		27		24		36		83		93		108		120		132		129		148		158		161		171		191		341		198		184		210		157		174		167		184		233		241		258		261		234		201		71		88		130		242		236		221		193		218		321		193		200		180		176		188		315		314		295		246		319		279		263		326		311		340		343		351		366		388		377		386		410		439		432		399		413		368		397		363		130		133		
-1		459		438		556		534		242		216		237		206		243		255		158		183		195		213		268		276		281		289		283		217		275		227		269		226		216		249		197		191		186		196		237		224		134		72		118		121		101		203		209		205		193		90		85		54		68		90		94		141		131		233		203		191		179		179		169		173		209		189		149		83		118		223		227		218		203		260		293		290		297		305		303		0		18		15		339		386		106		121		133		145		142		161		171		174		184		204		468		211		197		223		230		187		246		263		312		320		337		340		313		280		267		284		257		369		363		348		320		345		448		320		327		307		303		315		442		441		422		373		446		406		390		453		438		467		470		478		493		515		504		513		537		566		559		526		540		495		524		490		121		155		
-1		441		420		538		516		224		198		219		188		225		237		140		165		177		195		250		258		263		271		265		199		257		209		251		208		198		231		179		173		168		178		219		206		116		54		100		103		83		185		191		187		175		72		67		36		50		72		76		123		113		215		185		173		161		161		151		155		191		171		131		65		100		205		209		200		185		242		275		272		279		287		285		18		0		5		321		368		88		103		115		127		124		143		153		156		166		186		450		193		179		205		212		169		228		245		294		302		319		322		295		262		249		266		239		351		345		330		302		327		430		302		309		289		285		297		424		423		404		355		428		388		372		435		420		449		452		460		475		497		486		495		519		548		541		508		522		477		506		472		103		137		
-1		446		425		543		521		229		203		224		193		230		242		145		170		182		200		255		263		268		276		270		204		262		214		256		213		203		236		184		178		173		183		224		211		121		59		105		108		88		190		196		192		180		77		72		41		55		77		81		128		118		220		190		178		166		166		156		160		196		176		136		70		105		210		214		205		190		247		280		277		284		292		290		15		5		0		326		373		93		108		120		132		129		148		158		161		171		191		455		198		184		210		217		174		233		250		299		307		324		327		300		267		254		271		244		356		350		335		307		332		435		307		314		294		290		302		429		428		409		360		433		393		377		440		425		454		457		465		480		502		491		500		524		553		546		513		527		482		511		477		108		142		
-1		368		347		465		443		287		261		282		251		288		300		203		228		240		258		313		321		326		334		328		262		320		272		314		271		261		294		242		236		231		241		282		269		179		117		163		166		146		248		254		250		238		135		130		99		113		135		139		155		145		247		217		205		193		193		183		130		81		61		101		119		132		95		102		175		160		79		46		241		42		50		36		45		63		60		0		47		57		72		84		96		93		112		122		125		135		155		377		162		148		174		181		138		203		220		269		277		294		297		270		237		107		124		166		278		272		257		229		254		357		229		236		216		212		224		351		350		331		282		355		315		299		362		347		376		379		387		402		424		413		422		446		475		468		435		449		404		433		399		166		169		
-1		363		342		460		438		256		230		251		220		257		269		172		197		209		227		282		290		295		303		297		231		289		241		283		240		230		263		211		205		200		210		251		238		148		86		132		135		115		217		223		219		207		104		99		68		82		104		108		155		145		247		217		205		193		193		183		187		223		203		163		97		132		237		241		232		217		203		203		194		207		215		213		42		32		27		249		0		10		25		37		49		46		65		75		78		88		108		372		115		101		127		134		91		260		277		326		334		351		354		327		294		220		203		161		273		267		252		224		249		352		224		231		211		207		219		346		345		326		277		350		310		294		357		342		371		374		382		397		419		408		417		441		470		463		430		444		399		428		394		135		169		
-1		353		332		450		428		454		428		449		418		455		467		370		395		407		425		480		488		493		501		495		429		487		439		481		438		428		461		409		403		398		408		449		436		346		284		330		333		313		415		421		417		405		302		297		266		280		302		306		310		300		402		372		360		348		348		338		285		236		216		256		274		287		250		257		330		315		193		193		184		197		205		203		212		230		227		239		286		0		15		27		39		36		55		65		68		78		98		362		105		91		117		124		81		358		375		424		432		449		452		425		392		210		193		151		263		257		242		214		239		342		214		221		201		197		209		336		335		316		267		340		300		284		347		332		361		364		372		387		409		398		407		431		460		453		420		434		389		418		384		333		324		
-1		338		317		435		413		439		413		434		403		440		452		355		380		392		410		465		473		478		486		480		414		472		424		466		423		413		446		394		388		383		393		434		421		331		269		315		318		298		400		406		402		390		287		282		251		265		287		291		295		285		387		357		345		333		333		323		270		221		201		241		259		272		235		242		315		300		178		178		169		182		190		188		197		215		212		224		271		15		0		12		24		21		40		50		53		63		83		347		90		76		102		109		66		343		360		409		417		434		437		410		377		195		178		136		248		242		227		199		224		327		199		206		186		182		194		321		320		301		252		325		285		269		332		317		346		349		357		372		394		383		392		416		445		438		405		419		374		403		369		318		309		
-1		326		305		423		401		427		401		422		391		428		440		343		368		380		398		453		461		466		474		468		402		460		412		454		411		401		434		382		376		371		381		422		409		319		257		303		306		286		388		394		390		378		275		270		239		253		275		279		283		273		375		345		333		321		321		311		258		209		189		229		247		260		223		230		303		288		166		166		157		170		178		176		185		203		200		212		259		269		284		0		12		9		28		38		41		51		71		335		78		64		90		97		54		331		348		397		405		422		425		398		365		183		166		124		236		230		215		187		212		315		187		194		174		170		182		309		308		289		240		313		273		257		320		305		334		337		345		360		382		371		380		404		433		426		393		407		362		391		357		306		297		
-1		314		293		411		389		415		389		410		379		416		428		331		356		368		386		441		449		454		462		456		390		448		400		442		399		389		422		370		364		359		369		410		397		307		245		291		294		274		376		382		378		366		263		258		227		241		263		267		271		261		363		333		321		309		309		299		246		197		177		217		235		248		211		218		291		276		154		154		145		158		166		164		173		191		188		200		247		257		272		12		0		21		16		26		29		39		59		323		66		52		78		85		42		319		336		385		393		410		413		386		353		171		154		112		224		218		203		175		200		303		175		182		162		158		170		297		296		277		228		301		261		245		308		293		322		325		333		348		370		359		368		392		421		414		381		395		350		379		345		294		285		
-1		324		303		421		399		425		399		420		389		426		438		341		366		378		396		451		459		464		472		466		400		458		410		452		409		399		432		380		374		369		379		420		407		317		255		301		304		284		386		392		388		376		273		268		237		251		273		277		281		271		373		343		331		319		319		309		256		207		187		227		245		258		221		228		301		286		164		164		155		168		176		174		183		201		198		210		257		267		282		9		10		0		26		36		39		49		69		333		76		62		88		95		52		329		346		395		403		420		423		396		363		181		164		122		234		228		213		185		210		313		185		192		172		168		180		307		306		287		238		311		271		255		318		303		332		335		343		358		380		369		378		402		431		424		391		405		360		389		355		304		295		
-1		298		277		395		373		399		373		394		363		400		412		315		340		352		370		425		433		438		446		440		374		432		384		426		383		373		406		354		348		343		353		394		381		291		229		275		278		258		360		366		362		350		247		242		211		225		247		251		255		245		347		317		305		293		293		283		230		181		161		201		219		232		195		202		275		260		138		138		129		142		150		148		157		175		172		184		231		241		256		28		16		27		0		10		13		23		43		307		50		36		62		69		26		303		320		369		377		394		397		370		337		155		138		96		208		202		187		159		184		287		159		166		146		142		154		281		280		261		212		285		245		229		292		277		306		309		317		332		354		343		352		376		405		398		365		379		334		363		329		278		269		
-1		308		287		405		383		409		383		404		373		410		422		325		350		362		380		435		443		448		456		450		384		442		394		436		393		383		416		364		358		353		363		404		391		301		239		285		288		268		370		376		372		360		257		252		221		235		257		261		265		255		357		327		315		303		303		293		240		191		171		211		229		242		205		212		285		270		148		148		139		152		160		158		167		185		182		194		241		251		266		26		26		17		10		0		23		33		53		317		60		46		72		79		36		313		330		379		387		404		407		380		347		165		148		106		218		212		197		169		194		297		169		176		156		152		164		291		290		271		222		295		255		239		302		287		316		319		327		342		364		353		362		386		415		408		375		389		344		373		339		288		279		
-1		301		280		398		376		402		376		397		366		403		415		318		343		355		373		428		436		441		449		443		377		435		387		429		386		376		409		357		351		346		356		397		384		294		232		278		281		261		363		369		365		353		250		245		214		228		250		254		258		248		350		320		308		296		296		286		233		184		164		204		222		235		198		205		278		263		141		141		132		145		153		151		160		178		175		187		234		244		259		41		29		35		13		18		0		10		30		310		53		39		65		72		29		306		323		372		380		397		400		373		340		158		141		99		211		205		190		162		187		290		162		169		149		145		157		284		283		264		215		288		248		232		295		280		309		312		320		335		357		346		355		379		408		401		368		382		337		366		332		281		272		
-1		301		280		398		376		402		376		397		366		403		415		318		343		355		373		428		436		441		449		443		377		435		387		429		386		376		409		357		351		346		356		397		384		294		232		278		281		261		363		369		365		353		250		245		214		228		250		254		258		248		350		320		308		296		296		286		233		184		164		204		222		235		198		205		278		263		141		141		132		145		153		151		160		178		175		187		234		244		259		131		119		130		103		113		116		0		20		310		53		67		65		72		77		306		323		372		380		397		400		373		340		158		141		99		211		205		190		162		187		290		162		169		149		145		157		284		283		264		215		288		248		232		295		280		309		312		320		335		357		346		355		379		408		401		368		382		337		366		332		281		272		
-1		281		260		378		356		382		356		377		346		383		395		298		323		335		353		408		416		421		429		423		357		415		367		409		366		356		389		337		331		326		336		377		364		274		212		258		261		241		343		349		345		333		230		225		194		208		230		234		238		228		330		300		288		276		276		266		213		164		144		184		202		215		178		185		258		243		121		121		112		125		133		131		140		158		155		167		214		224		239		111		99		110		83		93		96		106		0		290		33		47		45		52		57		286		303		352		360		377		380		353		320		138		121		79		191		185		170		142		167		270		142		149		129		125		137		264		263		244		195		268		228		212		275		260		289		292		300		315		337		326		335		359		388		381		348		362		317		346		312		261		252		
-1		126		105		148		126		386		360		381		350		387		399		302		327		339		357		412		420		425		433		427		361		419		371		413		370		360		393		341		335		330		340		381		368		278		216		262		265		245		347		353		349		337		234		229		198		212		234		238		242		232		334		304		292		280		280		270		217		168		148		188		206		219		182		189		262		247		125		125		116		129		137		135		144		162		159		171		218		228		243		115		103		114		87		97		100		110		4		0		37		51		49		56		61		290		307		356		364		381		384		357		324		142		125		83		195		189		174		146		171		274		146		153		133		129		141		109		108		89		40		113		39		23		15		30		59		62		70		85		107		96		105		129		158		151		118		132		87		116		82		265		256		
-1		248		227		345		323		349		323		344		313		350		362		265		290		302		320		375		383		388		396		390		324		382		334		376		333		323		356		304		298		293		303		344		331		241		179		225		228		208		310		316		312		300		197		192		161		175		197		201		205		195		297		267		255		243		243		233		180		131		111		151		169		182		145		152		225		210		88		88		79		92		100		98		107		125		122		134		181		191		206		78		66		77		50		60		63		73		93		257		0		14		12		19		24		253		270		319		327		344		347		320		287		105		88		46		158		152		137		109		134		237		109		116		96		92		104		231		230		211		162		235		195		179		242		227		256		259		267		282		304		293		302		326		355		348		315		329		284		313		279		228		219		
-1		262		241		359		337		363		337		358		327		364		376		279		304		316		334		389		397		402		410		404		338		396		348		390		347		337		370		318		312		307		317		358		345		255		193		239		242		222		324		330		326		314		211		206		175		189		211		215		219		209		311		281		269		257		257		247		194		145		125		165		183		196		159		166		239		224		102		102		93		106		114		112		121		139		136		148		195		205		220		64		52		63		36		46		49		59		79		271		14		0		26		33		10		267		284		333		341		358		361		334		301		119		102		60		172		166		151		123		148		251		123		130		110		106		118		245		244		225		176		249		209		193		256		241		270		273		281		296		318		307		316		340		369		362		329		343		298		327		293		242		233		
-1		236		215		333		311		337		311		332		301		338		350		253		278		290		308		363		371		376		384		378		312		370		322		364		321		311		344		292		286		281		291		332		319		229		167		213		216		196		298		304		300		288		185		180		149		163		185		189		193		183		285		255		243		231		231		221		168		119		99		139		157		170		133		140		213		198		76		76		67		80		88		86		95		113		110		122		169		179		194		206		218		215		234		244		247		257		249		245		282		270		0		7		260		241		258		307		315		332		335		308		275		93		76		34		146		140		125		97		122		225		97		104		84		80		92		219		218		199		150		223		183		167		230		215		244		247		255		270		292		281		290		314		343		336		303		317		272		301		267		216		207		
-1		229		208		326		304		363		337		358		327		364		376		279		304		316		334		389		397		402		410		404		338		396		348		390		347		337		370		318		312		307		317		358		345		255		193		239		242		222		324		330		326		314		211		206		175		189		211		215		219		209		311		281		269		257		257		247		194		145		125		165		183		196		159		166		239		224		69		102		354		106		114		112		121		139		136		148		195		205		220		232		244		241		260		270		273		283		242		238		275		289		287		0		286		267		284		333		341		358		361		334		301		86		69		27		139		133		118		90		115		218		90		97		77		73		85		212		211		192		143		216		176		160		223		208		237		240		248		263		285		274		283		307		336		329		296		310		265		294		260		242		233		
-1		272		251		369		347		373		347		368		337		374		386		289		314		326		344		399		407		412		420		414		348		406		358		400		357		347		380		328		322		317		327		368		355		265		203		249		252		232		334		340		336		324		221		216		185		199		221		225		229		219		321		291		279		267		267		257		204		155		135		175		193		206		169		176		249		234		112		112		103		116		124		122		131		149		146		158		205		215		230		54		42		53		26		36		39		49		69		281		24		10		36		43		0		277		294		343		351		368		371		344		311		129		112		70		182		176		161		133		158		261		133		140		120		116		128		255		254		235		186		259		219		203		266		251		280		283		291		306		328		317		326		350		379		372		339		353		308		337		303		252		243		
-1		282		261		379		357		363		337		358		327		364		376		279		304		316		334		389		397		402		410		404		338		396		348		390		347		337		370		318		312		307		317		358		345		255		193		239		242		222		324		330		326		314		211		206		175		189		211		215		219		209		311		281		269		257		257		247		73		122		125		165		183		196		32		25		28		43		69		102		389		106		114		112		121		139		136		148		195		205		220		232		244		241		260		270		273		283		295		291		310		296		322		107		286		0		17		66		74		91		94		67		34		21		38		80		192		186		171		143		168		271		143		150		130		126		138		265		264		245		196		269		229		213		276		261		290		293		301		316		338		327		336		360		389		382		349		363		318		347		313		242		233		
-1		265		244		362		340		380		354		375		344		381		393		296		321		333		351		406		414		419		427		421		355		413		365		407		364		354		387		335		329		324		334		375		362		272		210		256		259		239		341		347		343		331		228		223		192		206		228		232		236		226		328		298		286		274		274		264		90		139		142		182		200		213		49		42		45		60		86		119		390		123		131		129		138		156		153		165		212		222		237		249		261		258		277		287		290		300		278		274		311		313		323		90		303		17		0		49		57		74		77		50		17		4		21		63		175		169		154		126		151		254		126		133		113		109		121		248		247		228		179		252		212		196		259		244		273		276		284		299		321		310		319		343		372		365		332		346		301		330		296		259		250		
-1		333		312		430		408		448		422		443		412		449		461		364		389		401		419		474		482		487		495		489		423		481		433		475		432		422		455		403		397		392		402		443		430		340		278		324		327		307		409		415		411		399		296		291		260		274		296		300		304		294		396		366		354		342		342		332		158		207		210		250		268		281		117		110		113		128		154		187		458		191		199		197		206		224		221		233		280		290		305		317		329		326		345		355		358		368		346		342		379		381		391		158		371		85		68		0		8		25		28		18		51		72		89		131		243		237		222		194		219		322		194		201		181		177		189		316		315		296		247		320		280		264		327		312		341		344		352		367		389		378		387		411		440		433		400		414		369		398		364		327		318		
-1		325		304		422		400		440		414		435		404		441		453		356		381		393		411		466		474		479		487		481		415		473		425		467		424		414		447		395		389		384		394		435		422		332		270		316		319		299		401		407		403		391		288		283		252		266		288		292		296		286		388		358		346		334		334		324		150		199		202		242		260		273		109		102		105		120		146		179		450		183		191		189		198		216		213		225		272		282		297		309		321		318		337		347		350		360		338		334		371		373		383		150		363		77		60		8		0		17		20		10		43		64		81		123		235		229		214		186		211		314		186		193		173		169		181		308		307		288		239		312		272		256		319		304		333		336		344		359		381		370		379		403		432		425		392		406		361		390		356		319		310		
-1		352		331		449		427		467		441		462		431		468		480		383		408		420		438		493		501		506		514		508		442		500		452		494		451		441		474		422		416		411		421		462		449		359		297		343		346		326		428		434		430		418		315		310		279		293		315		319		323		313		415		385		373		361		361		351		177		226		229		269		287		300		136		129		132		147		173		206		477		210		218		216		225		243		240		252		299		309		324		336		348		345		364		374		377		387		365		361		398		400		410		177		390		104		87		136		144		0		3		37		70		91		108		150		262		256		241		213		238		341		213		220		200		196		208		335		334		315		266		339		299		283		346		331		360		363		371		386		408		397		406		430		459		452		419		433		388		417		383		346		337		
-1		355		334		452		430		470		444		465		434		471		483		386		411		423		441		496		504		509		517		511		445		503		455		497		454		444		477		425		419		414		424		465		452		362		300		346		349		329		431		437		433		421		318		313		282		296		318		322		326		316		418		388		376		364		364		354		180		229		232		272		290		303		139		132		135		150		176		209		480		213		221		219		228		246		243		255		302		312		327		339		351		348		367		377		380		390		368		364		401		403		413		180		393		107		90		139		147		3		0		40		73		94		111		153		265		259		244		216		241		344		216		223		203		199		211		338		337		318		269		342		302		286		349		334		363		366		374		389		411		400		409		433		462		455		422		436		391		420		386		349		340		
-1		315		294		412		390		430		404		425		394		431		443		346		371		383		401		456		464		469		477		471		405		463		415		457		414		404		437		385		379		374		384		425		412		322		260		306		309		289		391		397		393		381		278		273		242		256		278		282		286		276		378		348		336		324		324		314		140		189		192		232		250		263		99		92		95		110		136		169		440		173		181		179		188		206		203		215		262		272		287		299		311		308		327		337		340		350		328		324		361		363		373		140		353		67		50		99		107		124		127		0		33		54		71		113		225		219		204		176		201		304		176		183		163		159		171		298		297		278		229		302		262		246		309		294		323		326		334		349		371		360		369		393		422		415		382		396		351		380		346		309		300		
-1		282		261		379		357		397		371		392		361		398		410		313		338		350		368		423		431		436		444		438		372		430		382		424		381		371		404		352		346		341		351		392		379		289		227		273		276		256		358		364		360		348		245		240		209		223		245		249		253		243		345		315		303		291		291		281		107		156		159		199		217		230		66		59		62		77		103		136		407		140		148		146		155		173		170		182		229		239		254		266		278		275		294		304		307		317		295		291		328		330		340		107		320		34		17		66		74		91		94		33		0		21		38		80		192		186		171		143		168		271		143		150		130		126		138		265		264		245		196		269		229		213		276		261		290		293		301		316		338		327		336		360		389		382		349		363		318		347		313		276		267		
-1		261		240		358		336		449		423		444		413		450		462		365		390		402		420		475		483		488		496		490		424		482		434		476		433		423		456		404		398		393		403		444		431		341		279		325		328		308		410		416		412		400		297		292		261		275		297		301		305		295		397		367		355		343		343		333		280		231		211		251		269		282		245		252		325		310		155		188		386		192		200		198		207		225		222		234		281		291		306		318		330		327		346		356		359		369		274		270		307		321		319		86		331		353		370		419		427		444		447		420		387		0		17		59		171		165		150		122		147		250		122		129		109		105		117		244		243		224		175		248		208		192		255		240		269		272		280		295		317		306		315		339		368		361		328		342		297		326		292		328		319		
-1		244		223		341		319		432		406		427		396		433		445		348		373		385		403		458		466		471		479		473		407		465		417		459		416		406		439		387		381		376		386		427		414		324		262		308		311		291		393		399		395		383		280		275		244		258		280		284		288		278		380		350		338		326		326		316		263		214		194		234		252		265		228		235		308		293		138		171		369		175		183		181		190		208		205		217		264		274		289		301		313		310		329		339		342		352		257		253		290		304		302		69		314		336		353		402		410		427		430		403		370		17		0		42		154		148		133		105		130		233		105		112		92		88		100		227		226		207		158		231		191		175		238		223		252		255		263		278		300		289		298		322		351		344		311		325		280		309		275		311		302		
-1		202		181		299		277		390		364		385		354		391		403		306		331		343		361		416		424		429		437		431		365		423		375		417		374		364		397		345		339		334		344		385		372		282		220		266		269		249		351		357		353		341		238		233		202		216		238		242		246		236		338		308		296		284		284		274		221		172		152		192		210		223		186		193		266		251		96		129		327		133		141		139		148		166		163		175		222		232		247		259		271		268		287		297		300		310		215		211		248		262		260		27		272		294		311		360		368		385		388		361		328		59		42		0		112		106		91		63		88		191		63		70		50		46		58		185		184		165		116		189		149		133		196		181		210		213		221		236		258		247		256		280		309		302		269		283		238		267		233		269		260		
-1		265		244		362		340		453		427		448		417		454		466		369		394		406		424		479		487		492		500		494		428		486		438		480		437		427		460		408		402		397		407		448		435		345		283		329		332		312		414		420		416		404		301		296		265		279		301		305		309		299		401		371		359		347		347		337		284		235		215		255		273		286		249		256		329		314		159		192		390		196		204		202		211		229		226		238		285		295		310		322		334		331		350		360		363		373		278		274		311		325		323		90		335		357		374		423		431		448		451		424		391		38		21		63		0		169		154		126		151		254		126		133		113		109		121		248		247		228		179		252		212		196		259		244		273		276		284		299		321		310		319		343		372		365		332		346		301		330		296		332		323		
-1		271		250		368		346		459		433		454		423		460		472		375		400		412		430		485		493		498		506		500		434		492		444		486		443		433		466		414		408		403		413		454		441		351		289		335		338		318		420		426		422		410		307		302		271		285		307		311		315		305		407		377		365		353		353		343		290		241		221		261		279		292		255		262		335		320		165		198		396		202		210		208		217		235		232		244		291		301		316		328		340		337		356		366		369		379		284		280		317		331		329		96		341		363		380		429		437		454		457		430		397		44		27		69		6		0		15		132		53		156		132		139		119		115		127		254		253		234		185		258		218		202		265		250		279		282		290		305		327		316		325		349		378		371		338		352		307		336		302		338		329		
-1		286		265		383		361		474		448		469		438		475		487		390		415		427		445		500		508		513		521		515		449		507		459		501		458		448		481		429		423		418		428		469		456		366		304		350		353		333		435		441		437		425		322		317		286		300		322		326		330		320		422		392		380		368		368		358		305		256		236		276		294		307		270		277		350		335		180		213		411		217		225		223		232		250		247		259		306		316		331		343		355		352		371		381		384		394		299		295		332		346		344		111		356		378		395		444		452		469		472		445		412		59		42		84		21		15		0		147		38		141		147		154		134		130		142		269		268		249		200		273		233		217		280		265		294		297		305		320		342		331		340		364		393		386		353		367		322		351		317		353		344		
-1		181		160		278		256		493		467		488		457		494		506		409		434		446		464		519		527		532		540		534		468		526		478		520		477		467		500		448		442		437		447		488		475		385		323		369		372		352		454		460		456		444		341		336		305		319		341		345		349		339		441		411		399		387		387		377		324		275		255		295		313		326		289		296		369		354		199		232		306		236		244		242		251		269		266		278		325		335		350		305		293		304		277		287		290		300		194		190		227		241		239		130		251		397		414		463		471		488		491		464		431		87		70		112		49		43		28		0		25		128		8		15		21		25		37		164		163		144		95		168		128		112		175		160		189		192		200		215		237		226		235		259		288		281		248		262		217		246		212		372		363		
-1		324		303		421		399		512		486		507		476		513		525		428		453		465		483		538		546		551		559		553		487		545		497		539		496		486		519		467		461		456		466		507		494		404		342		388		391		371		473		479		475		463		360		355		324		338		360		364		368		358		460		430		418		406		406		396		343		294		274		314		332		345		308		315		388		373		218		251		449		255		263		261		270		288		285		297		344		354		369		381		393		390		409		419		422		432		337		333		370		384		382		149		394		416		433		482		490		507		510		483		450		97		80		122		59		53		38		185		0		103		185		192		172		168		180		307		306		287		238		311		271		255		318		303		332		335		343		358		380		369		378		402		431		424		391		405		360		389		355		391		382		
-1		427		406		524		502		615		589		610		579		616		628		531		556		568		586		641		649		654		662		656		590		648		600		642		599		589		622		570		564		559		569		610		597		507		445		491		494		474		576		582		578		566		463		458		427		441		463		467		471		461		563		533		521		509		509		499		446		397		377		417		435		448		411		418		491		476		321		354		552		358		366		364		373		391		388		400		447		457		472		484		496		493		512		522		525		535		440		436		473		487		485		252		497		519		536		585		593		610		613		586		553		200		183		225		162		156		141		288		103		0		288		295		275		271		283		410		409		390		341		414		374		358		421		406		435		438		446		461		483		472		481		505		534		527		494		508		463		492		458		494		485		
-1		173		152		270		248		485		459		480		449		486		498		401		426		438		456		511		519		524		532		526		460		518		470		512		469		459		492		440		434		429		439		480		467		377		315		361		364		344		446		452		448		436		333		328		297		311		333		337		341		331		433		403		391		379		379		369		316		267		247		287		305		318		281		288		361		346		191		224		298		228		236		234		243		261		258		270		317		327		342		297		285		296		269		279		282		292		186		182		219		233		231		122		243		389		406		455		463		480		483		456		423		95		78		120		57		51		36		8		33		136		0		7		13		17		29		156		155		136		87		160		120		104		167		152		181		184		192		207		229		218		227		251		280		273		240		254		209		238		204		364		355		
-1		180		159		277		255		492		466		487		456		493		505		408		433		445		463		518		526		531		539		533		467		525		477		519		476		466		499		447		441		436		446		487		474		384		322		368		371		351		453		459		455		443		340		335		304		318		340		344		348		338		440		410		398		386		386		376		323		274		254		294		312		325		288		295		368		353		198		231		305		235		243		241		250		268		265		277		324		334		349		304		292		303		276		286		289		299		193		189		226		240		238		129		250		396		413		462		470		487		490		463		430		102		85		127		64		58		43		15		40		143		7		0		20		24		36		163		162		143		94		167		127		111		174		159		188		191		199		214		236		225		234		258		287		280		247		261		216		245		211		371		362		
-1		160		139		257		235		472		446		467		436		473		485		388		413		425		443		498		506		511		519		513		447		505		457		499		456		446		479		427		421		416		426		467		454		364		302		348		351		331		433		439		435		423		320		315		284		298		320		324		328		318		420		390		378		366		366		356		303		254		234		274		292		305		268		275		348		333		178		211		285		215		223		221		230		248		245		257		304		314		329		284		272		283		256		266		269		279		173		169		206		220		218		109		230		376		393		442		450		467		470		443		410		100		83		125		62		56		41		13		38		141		13		20		0		4		16		143		142		123		74		147		107		91		154		139		168		171		179		194		216		205		214		238		267		260		227		241		196		225		191		351		342		
-1		156		135		253		231		468		442		463		432		469		481		384		409		421		439		494		502		507		515		509		443		501		453		495		452		442		475		423		417		412		422		463		450		360		298		344		347		327		429		435		431		419		316		311		280		294		316		320		324		314		416		386		374		362		362		352		299		250		230		270		288		301		264		271		344		329		174		207		281		211		219		217		226		244		241		253		300		310		325		280		268		279		252		262		265		275		169		165		202		216		214		105		226		372		389		438		446		463		466		439		406		104		87		129		66		60		45		17		42		145		17		24		4		0		12		139		138		119		70		143		103		87		150		135		164		167		175		190		212		201		210		234		263		256		223		237		192		221		187		347		338		
-1		144		123		241		219		456		430		451		420		457		469		372		397		409		427		482		490		495		503		497		431		489		441		483		440		430		463		411		405		400		410		451		438		348		286		332		335		315		417		423		419		407		304		299		268		282		304		308		312		302		404		374		362		350		350		340		287		238		218		258		276		289		252		259		332		317		162		195		269		199		207		205		214		232		229		241		288		298		313		268		256		267		240		250		253		263		157		153		190		204		202		93		214		360		377		426		434		451		454		427		394		179		162		120		232		226		211		183		208		311		183		190		170		166		0		127		126		107		58		131		91		75		138		123		152		155		163		178		200		189		198		222		251		244		211		225		180		209		175		335		326		
-1		28		45		217		195		492		466		487		456		493		505		408		433		445		463		518		526		531		539		533		467		525		477		519		476		466		499		447		441		436		446		487		474		384		322		368		371		351		453		459		455		443		340		335		304		318		340		344		348		338		440		410		398		386		386		376		323		274		254		294		312		325		288		295		368		353		198		231		245		235		243		241		250		268		265		277		324		334		349		244		232		243		216		226		229		239		133		129		166		180		178		129		190		396		413		462		470		487		490		463		430		215		198		156		268		262		247		219		244		347		219		226		206		202		36		0		10		29		94		53		67		83		114		99		128		131		139		154		176		165		174		198		227		220		187		201		156		185		151		371		362		
-1		18		35		207		185		488		462		483		452		489		501		404		429		441		459		514		522		527		535		529		463		521		473		515		472		462		495		443		437		432		442		483		470		380		318		364		367		347		449		455		451		439		336		331		300		314		336		340		344		334		436		406		394		382		382		372		319		270		250		290		308		321		284		291		364		349		194		227		235		231		239		237		246		264		261		273		320		330		345		234		222		233		206		216		219		229		123		119		156		170		168		125		180		392		409		458		466		483		486		459		426		211		194		152		264		258		243		215		240		343		215		222		202		198		46		10		0		19		90		43		57		73		104		89		118		121		129		144		166		155		164		188		217		210		177		191		146		175		141		367		358		
-1		37		16		188		166		469		443		464		433		470		482		385		410		422		440		495		503		508		516		510		444		502		454		496		453		443		476		424		418		413		423		464		451		361		299		345		348		328		430		436		432		420		317		312		281		295		317		321		325		315		417		387		375		363		363		353		300		251		231		271		289		302		265		272		345		330		175		208		216		212		220		218		227		245		242		254		301		311		326		215		203		214		187		197		200		210		104		100		137		151		149		106		161		373		390		439		447		464		467		440		407		192		175		133		245		239		224		196		221		324		196		203		183		179		56		20		19		0		71		24		38		54		85		70		99		102		110		125		147		136		145		169		198		191		158		172		127		156		122		348		339		
-1		86		65		183		161		398		372		393		362		399		411		314		339		351		369		424		432		437		445		439		373		431		383		425		382		372		405		353		347		342		352		393		380		290		228		274		277		257		359		365		361		349		246		241		210		224		246		250		254		244		346		316		304		292		292		282		229		180		160		200		218		231		194		201		274		259		104		137		211		141		149		147		156		174		171		183		230		240		255		210		198		209		182		192		195		205		99		95		132		146		144		35		156		302		319		368		376		393		396		369		336		121		104		62		174		168		153		125		150		253		125		132		112		108		105		69		68		49		0		73		33		17		80		65		94		97		105		120		142		131		140		164		193		186		153		167		122		151		117		277		268		
-1		133		112		164		142		445		419		440		409		446		458		361		386		398		416		471		479		484		492		486		420		478		430		472		429		419		452		400		394		389		399		440		427		337		275		321		324		304		406		412		408		396		293		288		257		271		293		297		301		291		393		363		351		339		339		329		276		227		207		247		265		278		241		248		321		306		151		184		192		188		196		194		203		221		218		230		277		287		302		191		179		190		163		173		176		186		80		76		113		127		125		82		137		349		366		415		423		440		443		416		383		168		151		109		221		215		200		172		197		300		172		179		159		155		152		116		115		96		47		0		14		30		61		46		75		78		86		101		123		112		121		145		174		167		134		148		103		132		98		324		315		
-1		119		98		150		128		431		405		426		395		432		444		347		372		384		402		457		465		470		478		472		406		464		416		458		415		405		438		386		380		375		385		426		413		323		261		307		310		290		392		398		394		382		279		274		243		257		279		283		287		277		379		349		337		325		325		315		262		213		193		233		251		264		227		234		307		292		137		170		178		174		182		180		189		207		204		216		263		273		288		177		165		176		149		159		162		172		66		62		99		113		111		68		123		335		352		401		409		426		429		402		369		154		137		95		207		201		186		158		183		286		158		165		145		141		138		102		101		82		33		106		0		16		47		32		61		64		72		87		109		98		107		131		160		153		120		134		89		118		84		310		301		
-1		103		82		166		144		415		389		410		379		416		428		331		356		368		386		441		449		454		462		456		390		448		400		442		399		389		422		370		364		359		369		410		397		307		245		291		294		274		376		382		378		366		263		258		227		241		263		267		271		261		363		333		321		309		309		299		246		197		177		217		235		248		211		218		291		276		121		154		194		158		166		164		173		191		188		200		247		257		272		193		181		192		165		175		178		188		82		78		115		129		127		52		139		319		336		385		393		410		413		386		353		138		121		79		191		185		170		142		167		270		142		149		129		125		122		86		85		66		17		90		16		0		63		48		77		80		88		103		125		114		123		147		176		169		136		150		105		134		100		294		285		
-1		111		90		133		111		401		375		396		365		402		414		317		342		354		372		427		435		440		448		442		376		434		386		428		385		375		408		356		350		345		355		396		383		293		231		277		280		260		362		368		364		352		249		244		213		227		249		253		257		247		349		319		307		295		295		285		232		183		163		203		221		234		197		204		277		262		129		140		131		144		152		150		159		177		174		186		233		243		258		130		118		129		102		112		115		125		19		15		52		66		64		60		76		305		322		371		379		396		399		372		339		146		129		87		199		193		178		150		175		278		150		157		137		133		130		94		93		74		25		98		24		8		0		15		44		47		55		70		92		81		90		114		143		136		103		117		72		101		67		280		271		
-1		126		105		118		96		416		390		411		380		417		429		332		357		369		387		442		450		455		463		457		391		449		401		443		400		390		423		371		365		360		370		411		398		308		246		292		295		275		377		383		379		367		264		259		228		242		264		268		272		262		364		334		322		310		310		300		247		198		178		218		236		249		212		219		292		277		144		155		146		159		167		165		174		192		189		201		248		258		273		145		133		144		117		127		130		140		34		30		67		81		79		75		91		320		337		386		394		411		414		387		354		161		144		102		214		208		193		165		190		293		165		172		152		148		145		109		108		89		40		113		32		23		15		0		29		32		40		55		77		66		75		99		128		121		88		102		57		86		52		295		286		
-1		155		134		89		67		445		419		440		409		446		458		361		386		398		416		471		479		484		492		486		420		478		430		472		429		419		452		400		394		389		399		440		427		337		275		321		324		304		406		412		408		396		293		288		257		271		293		297		301		291		393		363		351		339		339		329		276		227		207		247		265		278		241		248		321		306		173		184		175		188		196		194		203		221		218		230		277		287		302		174		162		173		146		156		159		169		63		59		96		110		108		104		120		349		366		415		423		440		443		416		383		190		173		131		243		237		222		194		219		322		194		201		181		177		174		138		137		118		69		142		61		52		44		29		0		61		11		26		48		37		46		128		157		150		117		131		86		115		81		324		315		
-1		259		238		171		171		549		523		544		513		550		562		465		490		502		520		575		583		588		596		590		524		582		534		576		533		523		556		504		498		493		503		544		531		441		379		425		428		408		510		516		512		500		397		392		361		375		397		401		405		395		497		467		455		443		443		433		380		331		311		351		369		382		345		352		425		410		277		288		279		292		300		298		307		325		322		334		381		391		406		278		266		277		250		260		263		273		167		163		200		214		212		208		224		453		470		519		527		544		547		520		487		294		277		235		347		341		326		298		323		426		298		305		285		281		278		242		241		222		173		246		165		156		148		133		104		0		93		108		130		119		128		67		96		89		56		70		25		54		20		428		419		
-1		166		145		78		78		456		430		451		420		457		469		372		397		409		427		482		490		495		503		497		431		489		441		483		440		430		463		411		405		400		410		451		438		348		286		332		335		315		417		423		419		407		304		299		268		282		304		308		312		302		404		374		362		350		350		340		287		238		218		258		276		289		252		259		332		317		184		195		186		199		207		205		214		232		229		241		288		298		313		185		173		184		157		167		170		180		74		70		107		121		119		115		131		360		377		426		434		451		454		427		394		201		184		142		254		248		233		205		230		333		205		212		192		188		185		149		148		129		80		153		72		63		55		40		11		72		0		15		37		26		35		139		168		161		128		142		97		126		92		335		326		
-1		181		160		63		93		471		445		466		435		472		484		387		412		424		442		497		505		510		518		512		446		504		456		498		455		445		478		426		420		415		425		466		453		363		301		347		350		330		432		438		434		422		319		314		283		297		319		323		327		317		419		389		377		365		365		355		302		253		233		273		291		304		267		274		347		332		199		210		201		214		222		220		229		247		244		256		303		313		328		200		188		199		172		182		185		195		89		85		122		136		134		130		146		375		392		441		449		466		469		442		409		216		199		157		269		263		248		220		245		348		220		227		207		203		200		164		163		144		95		168		87		78		70		55		26		87		15		0		22		11		50		154		183		176		143		157		112		141		107		350		341		
-1		203		182		41		115		493		467		488		457		494		506		409		434		446		464		519		527		532		540		534		468		526		478		520		477		467		500		448		442		437		447		488		475		385		323		369		372		352		454		460		456		444		341		336		305		319		341		345		349		339		441		411		399		387		387		377		324		275		255		295		313		326		289		296		369		354		221		232		223		236		244		242		251		269		266		278		325		335		350		222		210		221		194		204		207		217		111		107		144		158		156		152		168		397		414		463		471		488		491		464		431		238		221		179		291		285		270		242		267		370		242		249		229		225		222		186		185		166		117		190		109		100		92		77		48		109		37		22		0		23		72		176		205		198		165		179		134		163		129		372		363		
-1		192		171		74		104		482		456		477		446		483		495		398		423		435		453		508		516		521		529		523		457		515		467		509		466		456		489		437		431		426		436		477		464		374		312		358		361		341		443		449		445		433		330		325		294		308		330		334		338		328		430		400		388		376		376		366		313		264		244		284		302		315		278		285		358		343		210		221		212		225		233		231		240		258		255		267		314		324		339		211		199		210		183		193		196		206		100		96		133		147		145		141		157		386		403		452		460		477		480		453		420		227		210		168		280		274		259		231		256		359		231		238		218		214		211		175		174		155		106		179		98		89		81		66		37		98		26		11		33		0		61		165		194		187		154		168		123		152		118		361		352		
-1		201		180		113		113		491		465		486		455		492		504		407		432		444		462		517		525		530		538		532		466		524		476		518		475		465		498		446		440		435		445		486		473		383		321		367		370		350		452		458		454		442		339		334		303		317		339		343		347		337		439		409		397		385		385		375		322		273		253		293		311		324		287		294		367		352		219		230		221		234		242		240		249		267		264		276		323		333		348		220		208		219		192		202		205		215		109		105		142		156		154		150		166		395		412		461		469		486		489		462		429		236		219		177		289		283		268		240		265		368		240		247		227		223		220		184		183		164		115		188		107		98		90		75		46		107		35		50		72		61		0		174		203		196		163		177		132		161		127		370		361		
-1		192		171		104		104		482		456		477		446		483		495		398		423		435		453		508		516		521		529		523		457		515		467		509		466		456		489		437		431		426		436		477		464		374		312		358		361		341		443		449		445		433		330		325		294		308		330		334		338		328		430		400		388		376		376		366		313		264		244		284		302		315		278		285		358		343		210		221		212		225		233		231		240		258		255		267		314		324		339		211		199		210		183		193		196		206		100		96		133		147		145		141		157		386		403		452		460		477		480		453		420		227		210		168		280		274		259		231		256		359		231		238		218		214		211		175		174		155		106		179		98		89		81		66		37		98		26		41		63		52		61		0		194		187		154		168		123		152		118		361		352		
-1		197		176		109		109		487		461		482		451		488		500		403		428		440		458		513		521		526		534		528		462		520		472		514		471		461		494		442		436		431		441		482		469		379		317		363		366		346		448		454		450		438		335		330		299		313		335		339		343		333		435		405		393		381		381		371		318		269		249		289		307		320		283		290		363		348		215		226		217		230		238		236		245		263		260		272		319		329		344		216		204		215		188		198		201		211		105		101		138		152		150		146		162		391		408		457		465		482		485		458		425		232		215		173		285		279		264		236		261		364		236		243		223		219		216		180		179		160		111		184		103		94		86		71		42		103		31		46		68		57		66		5		0		192		159		173		128		157		123		366		357		
-1		204		183		116		116		494		468		489		458		495		507		410		435		447		465		520		528		533		541		535		469		527		479		521		478		468		501		449		443		438		448		489		476		386		324		370		373		353		455		461		457		445		342		337		306		320		342		346		350		340		442		412		400		388		388		378		325		276		256		296		314		327		290		297		370		355		222		233		224		237		245		243		252		270		267		279		326		336		351		223		211		222		195		205		208		218		112		108		145		159		157		153		169		398		415		464		472		489		492		465		432		239		222		180		292		286		271		243		268		371		243		250		230		226		223		187		186		167		118		191		110		101		93		78		49		110		38		53		75		64		73		12		7		0		10		19		41		70		130		373		364		
-1		237		216		149		149		527		501		522		491		528		540		443		468		480		498		553		561		566		574		568		502		560		512		554		511		501		534		482		476		471		481		522		509		419		357		403		406		386		488		494		490		478		375		370		339		353		375		379		383		373		475		445		433		421		421		411		358		309		289		329		347		360		323		330		403		388		255		266		257		270		278		276		285		303		300		312		359		369		384		256		244		255		228		238		241		251		145		141		178		192		190		186		202		431		448		497		505		522		525		498		465		272		255		213		325		319		304		276		301		404		276		283		263		259		256		220		219		200		151		224		143		134		126		111		82		143		71		86		108		97		106		45		40		33		0		14		31		60		163		406		397		
-1		223		202		135		135		513		487		508		477		514		526		429		454		466		484		539		547		552		560		554		488		546		498		540		497		487		520		468		462		457		467		508		495		405		343		389		392		372		474		480		476		464		361		356		325		339		361		365		369		359		461		431		419		407		407		397		344		295		275		315		333		346		309		316		389		374		241		252		243		256		264		262		271		289		286		298		345		355		370		242		230		241		214		224		227		237		131		127		164		178		176		172		188		417		434		483		491		508		511		484		451		258		241		199		311		305		290		262		287		390		262		269		249		245		242		206		205		186		137		210		129		120		112		97		68		129		57		72		94		83		92		31		26		19		29		0		60		89		149		392		383		
-1		268		247		180		180		558		532		553		522		559		571		474		499		511		529		584		592		597		605		599		533		591		543		585		542		532		565		513		507		502		512		553		540		450		388		434		437		417		519		525		521		509		406		401		370		384		406		410		414		404		506		476		464		452		452		442		389		340		320		360		378		391		354		361		434		419		286		297		288		301		309		307		316		334		331		343		390		400		415		287		275		286		259		269		272		282		176		172		209		223		221		217		233		462		479		528		536		553		556		529		496		303		286		244		356		350		335		307		332		435		307		314		294		290		287		251		250		231		182		255		174		165		157		142		113		174		102		117		139		128		137		76		71		64		31		45		0		29		194		437		428		
-1		297		276		209		209		587		561		582		551		588		600		503		528		540		558		613		621		626		634		628		562		620		572		614		571		561		594		542		536		531		541		582		569		479		417		463		466		446		548		554		550		538		435		430		399		413		435		439		443		433		535		505		493		481		481		471		418		369		349		389		407		420		383		390		463		448		315		326		317		330		338		336		345		363		360		372		419		429		444		316		304		315		288		298		301		311		205		201		238		252		250		246		262		491		508		557		565		582		585		558		525		332		315		273		385		379		364		336		361		464		336		343		323		319		316		280		279		260		211		284		203		194		186		171		142		203		131		146		168		157		166		105		100		93		60		74		29		0		223		466		457		
-1		239		218		151		151		529		503		524		493		530		542		445		470		482		500		555		563		568		576		570		504		562		514		556		513		503		536		484		478		473		483		524		511		421		359		405		408		388		490		496		492		480		377		372		341		355		377		381		385		375		477		447		435		423		423		413		360		311		291		331		349		362		325		332		405		390		257		268		259		272		280		278		287		305		302		314		361		371		386		258		246		257		230		240		243		253		147		143		180		194		192		188		204		433		450		499		507		524		527		500		467		274		257		215		327		321		306		278		303		406		278		285		265		261		258		222		221		202		153		226		145		136		128		113		84		145		73		88		110		99		108		47		76		69		36		50		5		34		0		408		399		
-1		456		435		553		531		121		95		116		85		122		134		37		62		74		92		147		155		160		168		162		96		154		106		148		105		95		128		76		70		65		75		116		103		13		49		108		145		125		255		261		257		245		142		141		172		122		146		146		49		59		161		131		119		107		107		97		101		150		143		103		107		72		162		155		146		131		199		232		346		236		244		242		226		208		213		278		325		162		177		189		201		198		217		227		230		240		260		465		267		253		279		281		243		174		191		240		248		265		268		241		208		195		212		254		366		360		345		317		342		445		317		324		304		300		312		439		438		419		370		443		403		387		450		435		464		467		475		490		512		501		510		534		563		556		523		537		492		521		487		0		83		
-1		373		352		470		448		204		178		199		168		205		217		120		145		157		175		230		238		243		251		245		179		237		189		231		188		178		211		159		153		148		158		199		186		96		91		150		187		167		297		303		299		287		184		183		214		87		188		188		34		24		78		48		36		24		24		14		18		67		87		68		72		37		79		72		63		48		116		149		388		153		161		159		168		186		183		195		242		204		219		231		243		240		259		269		272		282		302		382		309		295		321		198		285		91		108		157		165		182		185		158		125		112		129		171		283		277		262		234		259		362		234		241		221		217		229		356		355		336		287		360		320		304		367		352		381		384		392		407		429		418		427		451		480		473		440		454		409		438		404		83		0		
