Data =>
	instName=TWs7
	optimalValue=-1
	vehicles=-1
	capacity=160
	depotNode=1
	nodes=140
	arcs=77
	edges=113
	requiredN=68
	requiredA=55
	requiredE=67
0		-1		-1		-1		-1		-1		-1		-1		-1		-1		-1		-1		-1		-1		-1		-1		-1		-1		-1		-1		-1		-1		-1		-1		-1		-1		-1		-1		-1		-1		-1		-1		-1		-1		-1		-1		-1		-1		-1		-1		-1		-1		-1		-1		-1		-1		-1		-1		-1		-1		-1		-1		-1		-1		-1		-1		-1		-1		-1		-1		-1		-1		-1		-1		-1		-1		-1		-1		-1		-1		-1		-1		-1		-1		-1		-1		-1		-1		-1		-1		-1		-1		-1		-1		-1		-1		-1		-1		-1		-1		-1		-1		-1		-1		-1		-1		-1		-1		-1		-1		-1		-1		-1		-1		-1		-1		-1		-1		-1		-1		-1		-1		-1		-1		-1		-1		-1		-1		-1		-1		-1		-1		-1		-1		-1		-1		-1		-1		-1		-1		-1		-1		-1		-1		-1		-1		-1		-1		-1		-1		-1		
-1		0		64		255		233		759		733		754		723		686		674		604		629		641		659		661		653		674		708		702		616		674		626		639		583		573		621		554		548		543		553		633		581		491		429		488		492		505		517		523		541		553		522		527		439		425		533		526		469		459		477		483		471		459		453		421		417		372		352		392		410		423		376		369		372		387		295		262		253		349		341		332		291		475		276		296		249		239		224		212		200		210		184		189		171		161		141		137		174		188		186		364		198		344		327		439		431		414		417		377		344		323		340		382		361		367		382		445		420		523		453		460		458		428		64		28		18		48		97		72		130		114		122		137		166		169		177		192		214		203		212		203		265		258		225		239		194		223		189		478		435		
-1		53		0		223		201		727		701		722		691		654		642		572		597		609		627		629		621		642		676		670		584		642		594		607		551		541		589		522		516		511		521		601		549		459		397		456		460		473		485		491		509		521		490		495		407		393		501		494		437		427		445		451		439		427		421		389		385		340		320		360		378		391		344		337		340		355		263		230		221		317		309		300		259		443		244		264		217		207		192		180		168		178		152		157		139		129		109		105		142		156		154		332		166		312		295		407		399		382		385		345		312		291		308		350		329		335		350		413		388		491		421		428		426		396		72		36		35		16		65		40		98		82		90		105		134		137		145		160		182		171		180		171		233		226		193		207		162		191		157		446		403		
-1		322		301		0		311		867		841		862		831		794		782		712		737		749		767		769		761		782		816		810		724		782		734		747		691		681		729		662		656		651		661		741		689		599		537		596		600		613		625		631		649		661		630		635		547		533		641		634		577		567		585		591		579		567		561		529		525		480		460		500		518		531		484		477		480		495		403		370		361		457		449		440		399		583		384		404		357		347		332		320		308		318		292		297		279		269		249		245		282		296		294		472		306		452		435		547		539		522		525		485		452		431		448		490		469		475		490		553		528		631		561		568		566		536		313		305		304		285		255		261		247		238		230		215		244		183		90		75		41		64		125		116		239		232		199		213		168		197		163		586		543		
-1		203		182		156		0		748		722		743		712		675		663		593		618		630		648		650		642		663		697		691		605		663		615		628		572		562		610		543		537		532		542		622		570		480		418		477		481		494		506		512		530		542		511		516		428		414		522		515		458		448		466		472		460		448		442		410		406		361		341		381		399		412		365		358		361		376		284		251		242		338		330		321		280		464		265		285		238		228		213		201		189		199		173		178		160		150		130		126		163		177		175		353		187		333		316		428		420		403		406		366		333		312		329		371		350		356		371		434		409		512		442		449		447		417		194		186		185		166		136		142		128		119		111		96		67		128		78		93		115		104		113		104		224		217		184		198		153		182		148		467		424		
-1		541		520		580		558		0		26		47		36		166		154		84		109		121		139		141		133		154		188		182		143		201		153		232		176		186		234		171		165		160		170		246		198		108		170		229		233		246		258		264		282		294		263		268		188		174		274		267		416		406		424		430		418		406		400		368		364		315		295		255		189		224		432		425		428		443		351		318		474		314		306		320		242		224		229		303		256		290		305		317		329		326		345		343		358		448		428		432		395		381		407		420		371		400		383		495		487		470		473		433		400		379		396		438		417		423		438		501		476		579		509		516		514		484		496		524		523		504		455		485		471		455		447		462		491		494		502		517		539		528		537		528		590		583		550		564		519		548		514		121		382		
-1		515		494		554		532		26		0		21		10		140		128		58		83		95		113		115		107		128		162		156		117		175		127		206		150		160		208		145		139		134		144		220		172		82		144		203		207		220		232		238		256		268		237		242		162		148		248		241		390		380		398		404		392		380		374		342		338		289		269		229		163		198		406		399		402		417		325		292		448		288		280		294		216		198		203		277		230		264		279		291		303		300		319		317		332		422		402		406		369		355		381		394		345		374		357		469		461		444		447		407		374		353		370		412		391		397		412		475		450		553		483		490		488		458		470		498		497		478		429		459		445		429		421		436		465		468		476		491		513		502		511		502		564		557		524		538		493		522		488		95		356		
-1		536		515		575		553		47		21		0		31		161		149		79		104		116		134		136		128		149		183		177		138		196		148		227		171		181		229		166		160		155		165		241		193		103		165		224		228		241		253		259		277		289		258		263		183		169		269		262		411		401		419		425		413		401		395		363		359		310		290		250		184		219		427		420		423		438		346		313		469		309		301		315		237		219		224		298		251		285		300		312		324		321		340		338		353		443		423		427		390		376		402		415		366		395		378		490		482		465		468		428		395		374		391		433		412		418		433		496		471		574		504		511		509		479		491		519		518		499		450		480		466		450		442		457		486		489		497		512		534		523		532		523		585		578		545		559		514		543		509		116		377		
-1		505		484		544		522		36		10		31		0		130		118		48		73		85		103		105		97		118		152		146		107		165		117		196		140		150		198		135		129		124		134		210		162		72		134		193		197		210		222		228		246		258		227		232		152		138		238		231		380		370		388		394		382		370		364		332		328		279		259		219		153		188		396		389		392		407		315		282		438		278		270		284		206		188		193		267		220		254		269		281		293		290		309		307		322		412		392		396		359		345		371		384		335		364		347		459		451		434		437		397		364		343		360		402		381		387		402		465		440		543		473		480		478		448		460		488		487		468		419		449		435		419		411		426		455		458		466		481		503		492		501		492		554		547		514		528		483		512		478		85		346		
-1		542		521		581		559		73		47		68		37		0		155		85		110		122		140		142		134		155		189		183		144		202		154		233		177		187		235		172		166		161		171		247		199		109		171		230		234		247		259		265		283		295		264		269		189		175		275		268		417		407		425		431		419		407		401		369		365		316		296		256		190		225		433		426		429		444		352		319		475		315		307		321		243		225		230		304		257		291		306		318		330		327		346		344		359		449		429		433		396		382		408		421		372		401		384		496		488		471		474		434		401		380		397		439		418		424		439		502		477		580		510		517		515		485		497		525		524		505		456		486		472		456		448		463		492		495		503		518		540		529		538		529		591		584		551		565		520		549		515		122		383		
-1		526		505		565		543		85		59		80		49		12		0		69		44		32		50		13		21		26		34		28		78		136		88		167		111		121		169		156		150		145		155		181		183		93		155		214		218		231		243		249		267		279		248		253		173		159		259		252		401		391		409		415		403		391		385		353		349		300		280		240		174		209		417		410		413		428		336		303		459		299		291		305		227		209		214		288		241		275		290		302		314		311		330		328		343		433		413		417		380		366		392		405		356		385		368		480		472		455		458		418		385		364		381		423		402		408		423		486		461		564		494		501		499		469		481		509		508		489		440		470		456		440		432		447		476		479		487		502		524		513		522		513		575		568		535		549		504		533		499		106		367		
-1		457		436		496		474		155		129		150		119		82		70		0		25		37		55		57		49		70		104		98		59		117		69		148		92		102		150		87		81		76		86		162		114		24		86		145		149		162		174		180		198		210		179		184		104		90		190		183		332		322		340		346		334		322		316		284		280		231		211		171		105		140		348		341		344		359		267		234		390		230		222		236		158		140		145		219		172		206		221		233		245		242		261		259		274		364		344		348		311		297		323		336		287		316		299		411		403		386		389		349		316		295		312		354		333		339		354		417		392		495		425		432		430		400		412		440		439		420		371		401		387		371		363		378		407		410		418		433		455		444		453		444		506		499		466		480		435		464		430		37		298		
-1		482		461		521		499		130		104		125		94		57		45		25		0		12		30		32		24		45		79		73		34		92		44		123		67		77		125		112		106		101		111		137		139		49		111		170		174		187		199		205		223		235		204		209		129		115		215		208		357		347		365		371		359		347		341		309		305		256		236		196		130		165		373		366		369		384		292		259		415		255		247		261		183		165		170		244		197		231		246		258		270		267		286		284		299		389		369		373		336		322		348		361		312		341		324		436		428		411		414		374		341		320		337		379		358		364		379		442		417		520		450		457		455		425		437		465		464		445		396		426		412		396		388		403		432		435		443		458		480		469		478		469		531		524		491		505		460		489		455		62		323		
-1		494		473		533		511		118		92		113		82		45		33		37		12		0		18		20		12		33		67		61		46		104		56		135		79		89		137		124		118		113		123		149		151		61		123		182		186		199		211		217		235		247		216		221		141		127		227		220		369		359		377		383		371		359		353		321		317		268		248		208		142		177		385		378		381		396		304		271		427		267		259		273		195		177		182		256		209		243		258		270		282		279		298		296		311		401		381		385		348		334		360		373		324		353		336		448		440		423		426		386		353		332		349		391		370		376		391		454		429		532		462		469		467		437		449		477		476		457		408		438		424		408		400		415		444		447		455		470		492		481		490		481		543		536		503		517		472		501		467		74		335		
-1		512		491		551		529		136		110		131		100		63		51		55		30		18		0		38		30		51		85		79		64		122		74		153		97		107		155		142		136		131		141		167		169		79		141		200		204		217		229		235		253		265		234		239		159		145		245		238		387		377		395		401		389		377		371		339		335		286		266		226		160		195		403		396		399		414		322		289		445		285		277		291		213		195		200		274		227		261		276		288		300		297		316		314		329		419		399		403		366		352		378		391		342		371		354		466		458		441		444		404		371		350		367		409		388		394		409		472		447		550		480		487		485		455		467		495		494		475		426		456		442		426		418		433		462		465		473		488		510		499		508		499		561		554		521		535		490		519		485		92		353		
-1		513		492		552		530		98		72		93		62		25		13		56		31		19		37		0		8		13		47		41		65		123		75		154		98		108		156		143		137		132		142		168		170		80		142		201		205		218		230		236		254		266		235		240		160		146		246		239		388		378		396		402		390		378		372		340		336		287		267		227		161		196		404		397		400		415		323		290		446		286		278		292		214		196		201		275		228		262		277		289		301		298		317		315		330		420		400		404		367		353		379		392		343		372		355		467		459		442		445		405		372		351		368		410		389		395		410		473		448		551		481		488		486		456		468		496		495		476		427		457		443		427		419		434		463		466		474		489		511		500		509		500		562		555		522		536		491		520		486		93		354		
-1		521		500		560		538		106		80		101		70		33		21		64		39		27		45		8		0		21		55		49		73		131		83		162		106		116		164		151		145		140		150		176		178		88		150		209		213		226		238		244		262		274		243		248		168		154		254		247		396		386		404		410		398		386		380		348		344		295		275		235		169		204		412		405		408		423		331		298		454		294		286		300		222		204		209		283		236		270		285		297		309		306		325		323		338		428		408		412		375		361		387		400		351		380		363		475		467		450		453		413		380		359		376		418		397		403		418		481		456		559		489		496		494		464		476		504		503		484		435		465		451		435		427		442		471		474		482		497		519		508		517		508		570		563		530		544		499		528		494		101		362		
-1		500		479		539		517		111		85		106		75		38		26		43		18		6		24		13		18		0		60		54		52		110		62		141		85		95		143		130		124		119		129		155		157		67		129		188		192		205		217		223		241		253		222		227		147		133		233		226		375		365		383		389		377		365		359		327		323		274		254		214		148		183		391		384		387		402		310		277		433		273		265		279		201		183		188		262		215		249		264		276		288		285		304		302		317		407		387		391		354		340		366		379		330		359		342		454		446		429		432		392		359		338		355		397		376		382		397		460		435		538		468		475		473		443		455		483		482		463		414		444		430		414		406		421		450		453		461		476		498		487		496		487		549		542		509		523		478		507		473		80		341		
-1		508		487		547		525		119		93		114		83		46		34		51		26		14		32		21		26		8		0		6		60		118		70		149		93		103		151		138		132		127		137		163		165		75		137		196		200		213		225		231		249		261		230		235		155		141		241		234		383		373		391		397		385		373		367		335		331		282		262		222		156		191		399		392		395		410		318		285		441		281		273		287		209		191		196		270		223		257		272		284		296		293		312		310		325		415		395		399		362		348		374		387		338		367		350		462		454		437		440		400		367		346		363		405		384		390		405		468		443		546		476		483		481		451		463		491		490		471		422		452		438		422		414		429		458		461		469		484		506		495		504		495		557		550		517		531		486		515		481		88		349		
-1		514		493		553		531		113		87		108		77		40		28		57		32		20		38		27		32		14		6		0		66		124		76		155		99		109		157		144		138		133		143		169		171		81		143		202		206		219		231		237		255		267		236		241		161		147		247		240		389		379		397		403		391		379		373		341		337		288		268		228		162		197		405		398		401		416		324		291		447		287		279		293		215		197		202		276		229		263		278		290		302		299		318		316		331		421		401		405		368		354		380		393		344		373		356		468		460		443		446		406		373		352		369		411		390		396		411		474		449		552		482		489		487		457		469		497		496		477		428		458		444		428		420		435		464		467		475		490		512		501		510		501		563		556		523		537		492		521		487		94		355		
-1		516		495		555		533		164		138		159		128		91		79		59		34		46		64		66		58		79		113		107		0		58		10		89		33		43		91		146		140		135		144		103		172		83		145		204		208		221		233		239		257		269		238		243		163		149		249		242		391		381		399		405		393		381		375		343		339		290		270		230		164		199		407		400		403		418		326		293		449		289		281		295		217		199		204		278		231		265		280		292		304		301		320		318		333		423		403		407		370		356		382		395		346		375		358		470		462		445		448		408		375		354		371		413		392		398		413		476		451		554		484		491		489		459		471		499		498		479		430		460		446		430		422		437		466		469		477		492		514		503		512		503		565		558		525		539		494		523		489		96		357		
-1		646		625		685		663		308		282		303		272		235		223		189		178		190		208		210		202		223		257		251		144		0		154		55		111		121		75		139		133		138		128		87		156		213		275		334		338		351		363		369		387		399		368		373		293		279		379		372		521		511		529		535		523		511		505		473		469		420		400		360		294		329		537		530		533		548		456		423		579		419		411		425		347		329		334		408		361		395		410		422		434		431		450		448		463		553		533		537		500		486		512		525		476		505		488		600		592		575		578		538		505		484		501		543		522		528		543		606		581		684		614		621		619		589		601		629		628		609		560		590		576		560		552		567		596		599		607		622		644		633		642		633		695		688		655		669		624		653		619		226		487		
-1		526		505		565		543		174		148		169		138		101		89		69		44		56		74		76		68		89		123		117		10		68		0		99		43		53		101		156		150		145		154		113		182		93		155		214		218		231		243		249		267		279		248		253		173		159		259		252		401		391		409		415		403		391		385		353		349		300		280		240		174		209		417		410		413		428		336		303		459		299		291		305		227		209		214		288		241		275		290		302		314		311		330		328		343		433		413		417		380		366		392		405		356		385		368		480		472		455		458		418		385		364		381		423		402		408		423		486		461		564		494		501		499		469		481		509		508		489		440		470		456		440		432		447		476		479		487		502		524		513		522		513		575		568		535		549		504		533		499		106		367		
-1		591		570		630		608		253		227		248		217		180		168		134		123		135		153		155		147		168		202		196		89		55		99		0		56		66		20		84		78		83		73		32		101		158		220		279		283		296		308		314		332		344		313		318		238		224		324		317		466		456		474		480		468		456		450		418		414		365		345		305		239		274		482		475		478		493		401		368		524		364		356		370		292		274		279		353		306		340		355		367		379		376		395		393		408		498		478		482		445		431		457		470		421		450		433		545		537		520		523		483		450		429		446		488		467		473		488		551		526		629		559		566		564		534		546		574		573		554		505		535		521		505		497		512		541		544		552		567		589		578		587		578		640		633		600		614		569		598		564		171		432		
-1		549		528		588		566		197		171		192		161		124		112		92		67		79		97		99		91		112		146		140		33		91		43		56		0		10		58		122		116		121		111		70		139		116		178		237		241		254		266		272		290		302		271		276		196		182		282		275		424		414		432		438		426		414		408		376		372		323		303		263		197		232		440		433		436		451		359		326		482		322		314		328		250		232		237		311		264		298		313		325		337		334		353		351		366		456		436		440		403		389		415		428		379		408		391		503		495		478		481		441		408		387		404		446		425		431		446		509		484		587		517		524		522		492		504		532		531		512		463		493		479		463		455		470		499		502		510		525		547		536		545		536		598		591		558		572		527		556		522		129		390		
-1		559		538		598		576		207		181		202		171		134		122		102		77		89		107		109		101		122		156		150		43		101		53		66		10		0		48		112		106		111		101		60		129		126		188		247		251		264		276		282		300		312		281		286		206		192		292		285		434		424		442		448		436		424		418		386		382		333		313		273		207		242		450		443		446		461		369		336		492		332		324		338		260		242		247		321		274		308		323		335		347		344		363		361		376		466		446		450		413		399		425		438		389		418		401		513		505		488		491		451		418		397		414		456		435		441		456		519		494		597		527		534		532		502		514		542		541		522		473		503		489		473		465		480		509		512		520		535		557		546		555		546		608		601		568		582		537		566		532		139		400		
-1		571		550		610		588		255		229		250		219		182		170		114		125		137		155		157		149		170		204		198		91		75		101		20		58		48		0		64		58		63		53		12		81		138		200		259		263		276		288		294		312		324		293		298		218		204		304		297		446		436		454		460		448		436		430		398		394		345		325		285		219		254		462		455		458		473		381		348		504		344		336		350		272		254		259		333		286		320		335		347		359		356		375		373		388		478		458		462		425		411		437		450		401		430		413		525		517		500		503		463		430		409		426		468		447		453		468		531		506		609		539		546		544		514		526		554		553		534		485		515		501		485		477		492		521		524		532		547		569		558		567		558		620		613		580		594		549		578		544		151		412		
-1		507		486		546		524		205		179		200		169		132		120		50		75		87		105		107		99		120		154		148		62		120		72		85		29		19		67		0		6		11		11		79		39		74		136		195		199		212		224		230		248		260		229		234		154		140		240		233		382		372		390		396		384		372		366		334		330		281		261		221		155		190		398		391		394		409		317		284		440		280		272		286		208		190		195		269		222		256		271		283		295		292		311		309		324		414		394		398		361		347		373		386		337		366		349		461		453		436		439		399		366		345		362		404		383		389		404		467		442		545		475		482		480		450		462		490		489		470		421		451		437		421		413		428		457		460		468		483		505		494		503		494		556		549		516		530		485		514		480		87		348		
-1		513		492		552		530		211		185		206		175		138		126		56		81		93		111		113		105		126		160		154		68		126		78		91		35		25		73		6		0		5		5		85		33		80		142		201		205		218		230		236		254		266		235		240		160		146		246		239		388		378		396		402		390		378		372		340		336		287		267		227		161		196		404		397		400		415		323		290		446		286		278		292		214		196		201		275		228		262		277		289		301		298		317		315		330		420		400		404		367		353		379		392		343		372		355		467		459		442		445		405		372		351		368		410		389		395		410		473		448		551		481		488		486		456		468		496		495		476		427		457		443		427		419		434		463		466		474		489		511		500		509		500		562		555		522		536		491		520		486		93		354		
-1		518		497		557		535		216		190		211		180		143		131		61		86		98		116		118		110		131		165		159		73		131		83		96		40		30		78		11		5		0		10		90		38		85		147		206		210		223		235		241		259		271		240		245		165		151		251		244		393		383		401		407		395		383		377		345		341		292		272		232		166		201		409		402		405		420		328		295		451		291		283		297		219		201		206		280		233		267		282		294		306		303		322		320		335		425		405		409		372		358		384		397		348		377		360		472		464		447		450		410		377		356		373		415		394		400		415		478		453		556		486		493		491		461		473		501		500		481		432		462		448		432		424		439		468		471		479		494		516		505		514		505		567		560		527		541		496		525		491		98		359		
-1		518		497		557		535		216		190		211		180		143		131		61		86		98		116		118		110		131		165		159		73		131		83		96		40		30		78		11		5		10		0		90		28		85		147		206		210		223		235		241		259		271		240		245		165		151		251		244		393		383		401		407		395		383		377		345		341		292		272		232		166		201		409		402		405		420		328		295		451		291		283		297		219		201		206		280		233		267		282		294		306		303		322		320		335		425		405		409		372		358		384		397		348		377		360		472		464		447		450		410		377		356		373		415		394		400		415		478		453		556		486		493		491		461		473		501		500		481		432		462		448		432		424		439		468		471		479		494		516		505		514		505		567		560		527		541		496		525		491		98		359		
-1		559		538		598		576		257		231		252		221		184		172		102		127		139		157		159		151		172		206		200		114		172		124		137		81		71		119		52		46		51		41		0		69		126		188		247		251		264		276		282		300		312		281		286		206		192		292		285		434		424		442		448		436		424		418		386		382		333		313		273		207		242		450		443		446		461		369		336		492		332		324		338		260		242		247		321		274		308		323		335		347		344		363		361		376		466		446		450		413		399		425		438		389		418		401		513		505		488		491		451		418		397		414		456		435		441		456		519		494		597		527		534		532		502		514		542		541		522		473		503		489		473		465		480		509		512		520		535		557		546		555		546		608		601		568		582		537		566		532		139		400		
-1		546		525		585		563		244		218		239		208		171		159		89		114		126		144		146		138		159		193		187		101		159		111		124		68		58		106		39		33		38		28		118		0		113		175		234		238		251		263		269		287		299		268		273		193		179		279		272		421		411		429		435		423		411		405		373		369		320		300		260		194		229		437		430		433		448		356		323		479		319		311		325		247		229		234		308		261		295		310		322		334		331		350		348		363		453		433		437		400		386		412		425		376		405		388		500		492		475		478		438		405		384		401		443		422		428		443		506		481		584		514		521		519		489		501		529		528		509		460		490		476		460		452		467		496		499		507		522		544		533		542		533		595		588		555		569		524		553		519		126		387		
-1		433		412		472		450		268		242		263		232		195		183		113		138		150		168		170		162		183		217		211		125		183		135		148		92		82		130		63		57		52		62		142		90		0		62		121		125		138		150		156		174		186		155		160		80		66		166		159		308		298		316		322		310		298		292		260		256		207		187		147		81		116		324		317		320		335		243		210		366		206		198		212		134		116		121		195		148		182		197		209		221		218		237		235		250		340		320		324		287		273		299		312		263		292		275		387		379		362		365		325		292		271		288		330		309		315		330		393		368		471		401		408		406		376		388		416		415		396		347		377		363		347		339		354		383		386		394		409		431		420		429		420		482		475		442		456		411		440		406		13		274		
-1		371		350		410		388		330		304		325		294		257		245		175		200		212		230		232		224		245		279		273		187		245		197		210		154		144		192		125		119		114		124		204		152		62		0		59		63		76		88		94		112		124		93		98		18		4		104		97		246		236		254		260		248		236		230		198		194		145		125		85		19		54		262		255		258		273		181		148		304		144		136		150		72		54		59		133		86		120		135		147		159		156		175		173		188		278		258		262		225		211		237		250		201		230		213		325		317		300		303		263		230		209		226		268		247		253		268		331		306		409		339		346		344		314		326		354		353		334		285		315		301		285		277		292		321		324		332		347		369		358		367		358		420		413		380		394		349		378		344		49		212		
-1		317		296		351		329		389		363		384		353		316		304		234		259		271		289		291		283		304		338		332		246		304		256		269		213		203		251		184		178		173		183		263		211		121		59		0		4		17		29		35		53		65		34		39		70		63		45		38		295		285		303		309		297		285		279		247		243		194		174		144		78		113		289		282		285		300		208		175		245		171		163		154		113		106		98		118		71		61		76		88		100		97		116		114		129		219		199		203		166		152		178		277		142		257		240		352		344		327		330		290		257		236		253		295		274		280		295		358		333		436		366		373		371		341		301		300		299		280		243		256		242		226		218		233		262		265		273		288		310		299		308		299		361		354		321		335		290		319		285		108		261		
-1		439		418		473		451		587		561		582		551		514		502		432		457		469		487		489		481		502		536		530		444		502		454		467		411		401		449		382		376		371		381		461		409		319		257		198		0		181		25		31		49		61		164		169		200		261		167		160		417		407		425		431		419		407		401		369		365		316		296		336		276		311		411		404		407		422		330		297		367		293		285		276		235		236		220		240		193		183		198		210		222		219		238		236		251		341		321		325		288		274		300		399		264		379		362		474		466		449		452		412		379		358		375		417		396		402		417		480		455		558		488		495		493		463		423		422		421		402		365		378		364		348		340		355		384		387		395		410		432		421		430		421		483		476		443		457		412		441		407		306		383		
-1		300		279		334		312		406		380		401		370		333		321		251		276		288		306		308		300		321		355		349		263		321		273		286		230		220		268		201		195		190		200		280		228		138		76		17		20		0		45		51		69		81		17		22		53		80		28		21		278		268		286		292		280		268		262		230		226		177		157		161		95		130		272		265		268		283		191		158		228		154		146		137		96		89		81		101		54		44		59		71		83		80		99		97		112		202		182		186		149		135		161		260		125		240		223		335		327		310		313		273		240		219		236		278		257		263		278		341		316		419		349		356		354		324		284		283		282		263		226		239		225		209		201		216		245		248		256		271		293		282		291		282		344		337		304		318		273		302		268		125		244		
-1		414		393		448		426		562		536		557		526		489		477		407		432		444		462		464		456		477		511		505		419		477		429		442		386		376		424		357		351		346		356		436		384		294		232		173		25		156		0		6		24		36		139		144		175		236		142		135		392		382		400		406		394		382		376		344		340		291		271		311		251		286		386		379		382		397		305		272		342		268		260		251		210		211		195		215		168		158		173		185		197		194		213		211		226		316		296		300		263		249		275		374		239		354		337		449		441		424		427		387		354		333		350		392		371		377		392		455		430		533		463		470		468		438		398		397		396		377		340		353		339		323		315		330		359		362		370		385		407		396		405		396		458		451		418		432		387		416		382		281		358		
-1		408		387		442		420		556		530		551		520		483		471		401		426		438		456		458		450		471		505		499		413		471		423		436		380		370		418		351		345		340		350		430		378		288		226		167		31		150		6		0		18		30		133		138		169		230		136		129		386		376		394		400		388		376		370		338		334		285		265		305		245		280		380		373		376		391		299		266		336		262		254		245		204		205		189		209		162		152		167		179		191		188		207		205		220		310		290		294		257		243		269		368		233		348		331		443		435		418		421		381		348		327		344		386		365		371		386		449		424		527		457		464		462		432		392		391		390		371		334		347		333		317		309		324		353		356		364		379		401		390		399		390		452		445		412		426		381		410		376		275		352		
-1		390		369		424		402		538		512		533		502		465		453		383		408		420		438		440		432		453		487		481		395		453		405		418		362		352		400		333		327		322		332		412		360		270		208		149		47		132		22		18		0		12		115		120		151		212		118		111		368		358		376		382		370		358		352		320		316		267		247		287		227		262		362		355		358		373		281		248		318		244		236		227		186		187		171		191		144		134		149		161		173		170		189		187		202		292		272		276		239		225		251		350		215		330		313		425		417		400		403		363		330		309		326		368		347		353		368		431		406		509		439		446		444		414		374		373		372		353		316		329		315		299		291		306		335		338		346		361		383		372		381		372		434		427		394		408		363		392		358		257		334		
-1		378		357		412		390		526		500		521		490		453		441		371		396		408		426		428		420		441		475		469		383		441		393		406		350		340		388		321		315		310		320		400		348		258		196		137		35		120		10		16		12		0		103		108		139		200		106		99		356		346		364		370		358		346		340		308		304		255		235		275		215		250		350		343		346		361		269		236		306		232		224		215		174		175		159		179		132		122		137		149		161		158		177		175		190		280		260		264		227		213		239		338		203		318		301		413		405		388		391		351		318		297		314		356		335		341		356		419		394		497		427		434		432		402		362		361		360		341		304		317		303		287		279		294		323		326		334		349		371		360		369		360		422		415		382		396		351		380		346		245		322		
-1		283		262		317		295		423		397		418		387		350		338		268		293		305		323		325		317		338		372		366		280		338		290		303		247		237		285		218		212		207		217		297		245		155		93		34		37		17		62		68		86		98		0		5		36		97		11		4		261		251		269		275		263		251		245		213		209		160		140		178		112		147		255		248		251		266		174		141		211		137		129		120		79		72		64		84		37		27		42		54		66		63		82		80		95		185		165		169		132		118		144		243		108		223		206		318		310		293		296		256		223		202		219		261		240		246		261		324		299		402		332		339		337		307		267		266		265		246		209		222		208		192		184		199		228		231		239		254		276		265		274		265		327		320		287		301		256		285		251		142		227		
-1		316		295		350		328		422		396		417		386		349		337		267		292		304		322		324		316		337		371		365		279		337		289		302		246		236		284		217		211		206		216		296		244		154		92		33		36		16		61		67		85		97		33		0		31		96		44		37		294		284		302		308		296		284		278		246		242		193		173		177		111		146		288		281		284		299		207		174		244		170		162		153		85		67		72		117		70		60		75		87		99		96		115		113		128		218		198		202		165		151		177		276		141		256		239		351		343		326		329		289		256		235		252		294		273		279		294		357		332		435		365		372		370		340		300		299		298		279		242		255		241		225		217		232		261		264		272		287		309		298		307		298		360		353		320		334		289		318		284		141		260		
-1		395		374		467		445		578		552		573		542		505		493		423		448		460		478		480		472		493		527		521		435		493		445		458		402		392		440		373		367		362		372		452		400		310		248		307		311		324		336		342		360		372		341		346		0		244		352		345		292		282		300		306		294		282		276		244		240		191		171		211		229		242		286		279		282		297		205		172		348		168		160		151		54		36		41		115		68		368		383		395		407		404		396		401		383		373		353		349		386		400		281		274		410		254		237		349		341		324		327		287		254		233		250		292		271		277		292		355		330		433		363		370		368		338		350		378		377		358		309		356		342		326		334		349		378		381		389		404		426		415		424		415		477		470		437		451		406		435		401		297		258		
-1		367		346		414		392		334		308		329		298		261		249		179		204		216		234		236		228		249		283		277		191		249		201		214		158		148		196		129		123		118		128		208		156		66		4		63		67		80		92		98		116		128		97		102		14		0		108		101		242		232		250		256		244		232		226		194		190		141		121		81		15		50		258		251		254		269		177		144		308		140		132		146		68		50		55		129		82		124		139		151		163		160		179		177		192		282		262		266		229		215		241		246		205		226		209		321		313		296		299		259		226		205		222		264		243		249		264		327		302		405		335		342		340		310		322		350		349		330		281		319		305		289		281		296		325		328		336		351		373		362		371		362		424		417		384		398		353		382		348		53		208		
-1		272		251		306		284		427		401		422		391		354		342		272		297		309		327		329		321		342		376		370		284		342		294		307		251		241		289		222		216		211		221		301		249		159		97		38		41		21		66		72		90		102		11		5		36		101		0		7		250		240		258		264		252		240		234		202		198		149		129		169		116		151		244		237		240		255		163		130		200		126		118		109		68		72		53		73		26		16		31		43		55		52		71		69		84		174		154		158		121		107		133		232		97		212		195		307		299		282		285		245		212		191		208		250		229		235		250		313		288		391		321		328		326		296		256		255		254		235		198		211		197		181		173		188		217		220		228		243		265		254		263		254		316		309		276		290		245		274		240		146		216		
-1		279		258		313		291		427		401		422		391		354		342		272		297		309		327		329		321		342		376		370		284		342		294		307		251		241		289		222		216		211		221		301		249		159		97		38		41		21		66		72		90		99		4		9		40		101		7		0		257		247		265		271		259		247		241		209		205		156		136		176		116		151		251		244		247		262		170		137		207		133		125		116		75		76		60		80		33		23		38		50		62		59		78		76		91		181		161		165		128		114		140		239		104		219		202		314		306		289		292		252		219		198		215		257		236		242		257		320		295		398		328		335		333		303		263		262		261		242		205		218		204		188		180		195		224		227		235		250		272		261		270		261		323		316		283		297		252		281		247		146		223		
-1		469		448		508		486		330		304		325		294		257		245		175		200		212		230		232		224		245		279		273		187		245		197		210		154		144		192		125		119		114		124		204		152		62		98		157		161		174		186		192		210		222		191		196		116		102		202		195		0		334		8		38		50		334		328		296		292		243		223		183		117		152		360		353		356		371		279		246		402		242		234		248		170		152		157		231		184		218		233		245		257		254		273		271		286		376		356		360		323		309		335		348		299		328		311		423		415		398		401		361		328		307		324		366		345		351		366		429		404		507		437		444		442		412		424		452		451		432		383		413		399		383		375		390		419		422		430		445		467		456		465		456		518		511		478		492		447		476		442		49		310		
-1		330		309		402		380		340		314		335		304		267		255		185		210		222		240		242		234		255		289		283		197		255		207		220		164		154		202		135		129		124		134		214		162		72		81		140		144		157		169		175		193		205		174		179		91		77		185		178		10		0		18		48		60		48		42		52		56		104		84		44		62		13		221		214		217		232		140		107		283		103		95		109		118		127		132		145		159		201		216		228		240		237		256		254		269		308		288		284		306		292		216		209		282		189		172		284		276		259		262		222		189		168		185		227		206		212		227		290		265		368		298		305		303		273		285		313		312		293		244		291		277		261		269		284		313		316		324		339		361		350		359		350		412		405		372		386		341		370		336		59		24		
-1		477		456		516		494		338		312		333		302		265		253		183		208		220		238		240		232		253		287		281		195		253		205		218		162		152		200		133		127		122		132		212		160		70		106		165		169		182		194		200		218		230		199		204		124		110		210		203		8		342		0		30		42		342		336		304		300		251		231		191		125		160		368		361		364		379		287		254		410		250		242		256		178		160		165		239		192		226		241		253		265		262		281		279		294		384		364		368		331		317		343		356		307		336		319		431		423		406		409		369		336		315		332		374		353		359		374		437		412		515		445		452		450		420		432		460		459		440		391		421		407		391		383		398		427		430		438		453		475		464		473		464		526		519		486		500		455		484		450		57		318		
-1		507		486		546		524		368		342		363		332		295		283		213		238		250		268		270		262		283		317		311		225		283		235		248		192		182		230		163		157		152		162		242		190		100		136		195		199		212		224		230		248		260		229		234		154		140		240		233		38		372		30		0		12		372		366		334		330		281		261		221		155		190		398		391		394		409		317		284		440		280		272		286		208		190		195		269		222		256		271		283		295		292		311		309		324		414		394		398		361		347		373		386		337		366		349		461		453		436		439		399		366		345		362		404		383		389		404		467		442		545		475		482		480		450		462		490		489		470		421		451		437		421		413		428		457		460		468		483		505		494		503		494		556		549		516		530		485		514		480		87		348		
-1		519		498		558		536		380		354		375		344		307		295		225		250		262		280		282		274		295		329		323		237		295		247		260		204		194		242		175		169		164		174		254		202		112		148		207		211		224		236		242		260		272		241		246		166		152		252		245		50		384		42		12		0		384		378		346		342		293		273		233		167		202		410		403		406		421		329		296		452		292		284		298		220		202		207		281		234		268		283		295		307		304		323		321		336		426		406		410		373		359		385		398		349		378		361		473		465		448		451		411		378		357		374		416		395		401		416		479		454		557		487		494		492		462		474		502		501		482		433		463		449		433		425		440		469		472		480		495		517		506		515		506		568		561		528		542		497		526		492		99		360		
-1		371		350		443		421		388		362		383		352		315		303		233		258		270		288		290		282		303		337		331		245		303		255		268		212		202		250		183		177		172		182		262		210		120		129		188		192		205		217		223		241		253		222		227		139		125		233		226		58		48		54		24		12		0		42		52		56		105		125		92		110		61		262		255		258		273		181		148		324		144		136		150		159		175		174		186		201		249		264		276		288		285		304		302		317		349		329		325		354		340		257		250		330		230		213		325		317		300		303		263		230		209		226		268		247		253		268		331		306		409		339		346		344		314		326		354		353		334		285		332		318		302		310		325		354		357		365		380		402		391		400		391		453		446		413		427		382		411		377		107		24		
-1		329		308		401		379		382		356		377		346		309		297		227		252		264		282		284		276		297		331		325		239		297		249		262		206		196		244		177		171		166		176		256		204		114		123		182		186		199		211		217		235		247		216		221		133		119		227		220		52		42		60		66		54		42		0		10		14		63		83		86		104		55		220		213		216		231		139		106		282		102		94		108		117		169		132		144		159		243		258		270		282		279		298		296		311		307		287		283		320		334		215		208		324		188		171		283		275		258		261		221		188		167		184		226		205		211		226		289		264		367		297		304		302		272		284		312		311		292		243		290		276		260		268		283		312		315		323		338		360		349		358		349		411		404		371		385		340		369		335		101		18		
-1		319		298		391		369		378		352		373		342		305		293		223		248		260		278		280		272		293		327		321		235		293		245		258		202		192		240		173		167		162		172		252		200		110		119		178		182		195		207		213		231		243		212		217		129		115		223		216		48		38		56		62		50		38		32		0		4		53		73		82		100		51		210		203		206		221		129		96		272		92		84		98		107		165		122		134		149		239		254		266		278		275		294		292		307		297		277		273		310		324		205		198		320		178		161		273		265		248		251		211		178		157		174		216		195		201		216		279		254		357		287		294		292		262		274		302		301		282		233		280		266		250		258		273		302		305		313		328		350		339		348		339		401		394		361		375		330		359		325		97		14		
-1		315		294		387		365		382		356		377		346		309		297		227		252		264		282		284		276		297		331		325		239		297		249		262		206		196		244		177		171		166		176		256		204		114		123		182		186		199		211		217		235		247		216		221		133		119		227		220		52		42		60		66		54		42		36		4		0		49		69		86		104		55		206		199		202		217		125		92		268		88		80		94		103		169		118		130		145		243		258		270		282		279		298		296		303		293		273		269		306		320		201		194		324		174		157		269		261		244		247		207		174		153		170		212		191		197		212		275		250		353		283		290		288		258		270		298		297		278		229		276		262		246		254		269		298		301		309		324		346		335		344		335		397		390		357		371		326		355		321		101		18		
-1		266		245		338		316		427		401		422		391		354		342		272		297		309		327		329		321		342		376		370		284		342		294		307		251		241		289		222		216		211		221		301		249		159		97		156		160		173		185		191		209		221		190		195		107		93		201		194		101		91		109		115		103		91		85		53		49		0		20		60		78		91		157		150		153		168		76		43		219		39		31		45		54		143		69		81		96		217		232		244		256		253		267		270		254		244		224		220		257		271		152		145		281		125		108		220		212		195		198		158		125		104		121		163		142		148		163		226		201		304		234		241		239		209		221		249		248		229		180		227		213		197		205		220		249		252		260		275		297		286		295		286		348		341		308		322		277		306		272		146		67		
-1		246		225		318		296		407		381		402		371		334		322		252		277		289		307		309		301		322		356		350		264		322		274		287		231		221		269		202		196		191		201		281		229		139		77		136		140		153		165		171		189		201		170		175		87		73		181		174		121		111		129		135		123		111		105		73		69		20		0		40		58		71		137		130		133		148		56		23		199		19		11		25		34		123		49		61		76		197		212		224		236		233		247		250		234		224		204		200		237		251		132		125		261		105		88		200		192		175		178		138		105		84		101		143		122		128		143		206		181		284		214		221		219		189		201		229		228		209		160		207		193		177		185		200		229		232		240		255		277		266		275		266		328		321		288		302		257		286		252		126		87		
-1		286		265		358		336		367		341		362		331		294		282		212		237		249		267		269		261		282		316		310		224		282		234		247		191		181		229		162		156		151		161		241		189		99		37		96		100		113		125		131		149		161		130		135		47		33		141		134		161		151		169		175		163		151		145		113		109		60		40		0		18		31		177		170		173		188		96		63		239		59		51		65		74		83		88		101		115		157		172		184		196		193		212		210		225		264		244		240		262		248		172		165		238		145		128		240		232		215		218		178		145		124		141		183		162		168		183		246		221		324		254		261		259		229		241		269		268		249		200		247		233		217		225		240		269		272		280		295		317		306		315		306		368		361		328		342		297		326		292		86		127		
-1		352		331		424		402		349		323		344		313		276		264		194		219		231		249		251		243		264		298		292		206		264		216		229		173		163		211		144		138		133		143		223		171		81		19		78		82		95		107		113		131		143		112		117		29		15		123		116		227		217		235		241		229		217		211		179		175		126		106		66		0		35		243		236		239		254		162		129		305		125		117		131		83		65		70		144		97		139		154		166		178		175		194		192		207		297		277		281		244		230		238		231		220		211		194		306		298		281		284		244		211		190		207		249		228		234		249		312		287		390		320		327		325		295		307		335		334		315		266		313		299		283		291		306		335		338		346		361		383		372		381		372		434		427		394		408		363		392		358		68		193		
-1		317		296		389		367		398		372		393		362		325		313		243		268		280		298		300		292		313		347		341		255		313		265		278		222		212		260		193		187		182		192		272		220		130		68		127		131		144		156		162		180		192		161		166		78		64		172		165		192		182		200		206		194		182		176		144		140		91		71		31		49		0		208		201		204		219		127		94		270		90		82		96		105		114		119		132		146		188		203		215		227		224		243		241		256		295		275		271		293		279		203		196		269		176		159		271		263		246		249		209		176		155		172		214		193		199		214		277		252		355		285		292		290		260		272		300		299		280		231		278		264		248		256		271		300		303		311		326		348		337		346		337		399		392		359		373		328		357		323		117		158		
-1		227		206		299		277		441		415		436		405		368		356		286		311		323		341		343		335		356		390		384		298		356		308		321		265		255		303		236		230		225		235		315		263		173		111		170		174		187		199		205		223		235		204		209		121		107		215		208		113		103		121		127		115		103		97		65		61		14		34		74		92		105		0		7		16		31		37		57		180		53		45		59		68		157		83		95		110		231		246		256		244		254		228		233		215		205		185		181		218		232		113		106		242		32		49		161		153		136		139		99		66		53		70		112		91		97		112		175		150		253		183		190		188		158		170		206		209		190		141		188		174		158		166		181		210		213		221		236		258		247		256		247		309		302		269		283		238		267		233		160		79		
-1		234		213		306		284		436		410		431		400		363		351		281		306		318		336		338		330		351		385		379		293		351		303		316		260		250		298		231		225		220		230		310		258		168		118		177		181		194		206		212		230		242		211		216		128		114		222		215		106		96		114		120		108		96		90		58		54		21		41		81		99		109		7		0		9		24		44		64		187		60		52		66		75		164		90		102		117		238		253		263		251		261		235		240		222		212		192		188		225		239		120		113		249		25		42		154		146		129		132		92		59		46		63		105		84		90		105		168		143		246		176		183		181		151		163		199		216		197		148		195		181		165		173		188		217		220		228		243		265		254		263		254		316		309		276		290		245		274		240		155		72		
-1		243		222		315		293		427		401		422		391		354		342		272		297		309		327		329		321		342		376		370		284		342		294		307		251		241		289		222		216		211		221		301		249		159		127		186		190		203		215		221		239		251		220		225		137		123		231		224		97		87		105		111		99		87		81		49		45		30		50		90		108		100		16		9		0		15		53		73		196		69		61		75		84		173		99		111		126		247		262		272		260		270		244		249		231		221		201		197		234		248		129		122		258		28		45		157		149		132		135		95		62		49		66		108		87		93		108		171		146		249		179		186		184		154		166		202		225		206		157		204		190		174		182		197		226		229		237		252		274		263		272		263		325		318		285		299		254		283		249		146		63		
-1		345		324		417		395		412		386		407		376		339		327		257		282		294		312		314		306		327		361		355		269		327		279		292		236		226		274		207		201		196		206		286		234		144		153		212		216		229		241		247		265		277		246		251		163		149		257		250		82		72		90		96		84		72		66		34		30		79		99		116		134		85		236		229		232		0		155		122		298		118		110		124		133		199		148		160		175		273		288		300		312		309		328		326		333		323		303		299		336		350		231		224		354		204		187		299		291		274		277		237		204		183		200		242		221		227		242		305		280		383		313		320		318		288		300		328		327		308		259		306		292		276		284		299		328		331		339		354		376		365		374		365		427		420		387		401		356		385		351		131		48		
-1		190		169		262		240		504		478		499		468		431		419		349		374		386		404		406		398		419		453		447		361		419		371		384		328		318		366		299		293		288		298		378		326		236		192		251		255		268		280		286		304		316		285		290		202		188		296		289		174		164		182		188		176		164		158		126		122		95		115		155		173		177		81		74		77		92		0		33		143		134		126		140		149		238		164		176		191		246		231		219		207		217		191		196		178		168		148		144		181		195		76		69		205		49		32		144		136		119		122		82		49		28		45		87		66		72		87		150		125		228		158		165		163		133		145		173		172		153		104		151		137		121		129		144		173		176		184		199		221		210		219		210		272		265		232		246		201		230		196		223		140		
-1		223		202		295		273		537		511		532		501		464		452		382		407		419		437		439		431		452		486		480		394		452		404		417		361		351		399		332		326		321		331		411		359		269		225		284		288		301		313		319		337		349		318		323		235		221		329		322		207		197		215		221		209		197		191		159		155		128		148		188		206		210		114		107		110		125		33		0		176		167		159		173		182		271		197		209		224		279		264		252		240		250		224		229		211		201		181		177		214		228		109		102		238		82		65		177		169		152		155		115		82		61		78		120		99		105		120		183		158		261		191		198		196		166		178		206		205		186		137		184		170		154		162		177		206		209		217		232		254		243		252		243		305		298		265		279		234		263		229		256		173		
-1		232		211		304		282		546		520		541		510		473		461		391		416		428		446		448		440		461		495		489		403		461		413		426		370		360		408		341		335		330		340		420		368		278		234		293		297		310		322		328		346		358		327		332		244		230		338		331		216		206		224		230		218		206		200		168		164		137		157		197		215		219		123		116		119		134		42		9		0		176		168		182		191		280		206		218		233		288		273		261		249		259		233		238		220		210		190		186		223		237		67		111		247		91		74		186		178		161		164		124		91		70		87		129		108		114		129		192		167		270		200		207		205		175		187		215		214		195		146		193		179		163		171		186		215		218		226		241		263		252		261		252		314		307		274		288		243		272		238		265		182		
-1		227		206		299		277		426		400		421		390		353		341		271		296		308		326		328		320		341		375		369		283		341		293		306		250		240		288		221		215		210		220		300		248		158		96		155		159		172		184		190		208		220		189		194		106		92		200		193		140		130		148		154		142		130		124		92		88		39		19		59		77		90		118		111		114		129		37		4		180		0		8		6		15		142		30		42		57		216		231		243		244		252		228		233		215		205		185		181		218		232		113		106		242		86		69		181		173		156		159		119		86		65		82		124		103		109		124		187		162		265		195		202		200		170		182		210		209		190		141		188		174		158		166		181		210		213		221		236		258		247		256		247		309		302		269		283		238		267		233		145		106		
-1		235		214		307		285		418		392		413		382		345		333		263		288		300		318		320		312		333		367		361		275		333		285		298		242		232		280		213		207		202		212		292		240		150		88		147		151		164		176		182		200		212		181		186		98		84		192		185		132		122		140		146		134		122		116		84		80		31		11		51		69		82		126		119		122		137		45		12		188		8		0		14		23		134		38		50		65		208		223		235		247		244		236		241		223		213		193		189		226		240		121		114		250		94		77		189		181		164		167		127		94		73		90		132		111		117		132		195		170		273		203		210		208		178		190		218		217		198		149		196		182		166		174		189		218		221		229		244		266		255		264		255		317		310		277		291		246		275		241		137		98		
-1		244		223		316		294		427		401		422		391		354		342		272		297		309		327		329		321		342		376		370		284		342		294		307		251		241		289		222		216		211		221		301		249		159		97		156		160		173		185		191		209		221		190		195		107		93		201		194		141		131		149		155		143		131		125		93		89		40		20		60		78		91		135		128		131		146		54		21		197		17		9		0		9		143		24		36		51		217		232		244		256		253		245		250		232		222		202		198		235		249		130		123		259		103		86		198		190		173		176		136		103		82		99		141		120		126		141		204		179		282		212		219		217		187		199		227		226		207		158		205		191		175		183		198		227		230		238		253		275		264		273		264		326		319		286		300		255		284		250		146		107		
-1		369		348		441		419		552		526		547		516		479		467		397		422		434		452		454		446		467		501		495		409		467		419		432		376		366		414		347		341		336		346		426		374		284		222		281		285		298		310		316		334		346		315		320		232		218		326		319		266		256		274		280		268		256		250		218		214		165		145		185		203		216		260		253		256		271		179		146		322		142		134		125		0		268		15		89		42		342		357		369		381		378		370		375		357		347		327		323		360		374		255		248		384		228		211		323		315		298		301		261		228		207		224		266		245		251		266		329		304		407		337		344		342		312		324		352		351		332		283		330		316		300		308		323		352		355		363		378		400		389		398		389		451		444		411		425		380		409		375		271		232		
-1		359		338		431		409		542		516		537		506		469		457		387		412		424		442		444		436		457		491		485		399		457		409		422		366		356		404		337		331		326		336		416		364		274		212		271		275		288		300		306		324		336		305		310		36		208		316		309		256		246		264		270		258		246		240		208		204		155		135		175		193		206		250		243		246		261		169		136		312		132		124		115		18		0		5		79		32		332		347		359		371		368		360		365		347		337		317		313		350		364		245		238		374		218		201		313		305		288		291		251		218		197		214		256		235		241		256		319		294		397		327		334		332		302		314		342		341		322		273		320		306		290		298		313		342		345		353		368		390		379		388		379		441		434		401		415		370		399		365		261		222		
-1		354		333		426		404		537		511		532		501		464		452		382		407		419		437		439		431		452		486		480		394		452		404		417		361		351		399		332		326		321		331		411		359		269		207		266		270		283		295		301		319		331		300		305		217		203		311		304		251		241		259		265		253		241		235		203		199		150		130		170		188		201		245		238		241		256		164		131		307		127		119		110		15		253		0		74		27		327		342		354		366		363		355		360		342		332		312		308		345		359		240		233		369		213		196		308		300		283		286		246		213		192		209		251		230		236		251		314		289		392		322		329		327		297		309		337		336		317		268		315		301		285		293		308		337		340		348		363		385		374		383		374		436		429		396		410		365		394		360		256		217		
-1		280		259		352		330		463		437		458		427		390		378		308		333		345		363		365		357		378		412		406		320		378		330		343		287		277		325		258		252		247		257		337		285		195		133		192		196		209		221		227		245		257		226		231		143		129		237		230		177		167		185		191		179		167		161		129		125		76		56		96		114		127		171		164		167		182		90		57		233		53		45		36		45		179		60		0		47		253		268		280		292		289		281		286		268		258		238		234		271		285		166		159		295		139		122		234		226		209		212		172		139		118		135		177		156		162		177		240		215		318		248		255		253		223		235		263		262		243		194		241		227		211		219		234		263		266		274		289		311		300		309		300		362		355		322		336		291		320		286		182		143		
-1		327		306		399		377		510		484		505		474		437		425		355		380		392		410		412		404		425		459		453		367		425		377		390		334		324		372		305		299		294		304		384		332		242		180		239		243		256		268		274		292		304		273		278		190		176		284		277		224		214		232		238		226		214		208		176		172		123		103		143		161		174		218		211		214		229		137		104		280		100		92		83		42		226		27		47		0		300		315		327		339		336		328		333		315		305		285		281		318		332		213		206		342		186		169		281		273		256		259		219		186		165		182		224		203		209		224		287		262		365		295		302		300		270		282		310		309		290		241		288		274		258		266		281		310		313		321		336		358		347		356		347		409		402		369		383		338		367		333		229		190		
-1		256		235		290		268		520		494		515		484		447		435		365		390		402		420		422		414		435		469		463		377		435		387		400		344		334		382		315		309		304		314		394		342		252		190		249		253		266		278		284		302		314		283		288		200		186		294		287		234		224		242		248		236		224		218		186		182		133		113		153		171		184		228		221		224		239		147		114		184		110		102		93		52		236		37		57		10		0		15		27		39		36		55		53		68		158		138		142		105		91		117		216		81		196		179		291		283		266		269		229		196		175		192		234		213		219		234		297		272		375		305		312		310		280		240		239		238		219		182		195		181		165		157		172		201		204		212		227		249		238		247		238		300		293		260		274		229		258		224		239		200		
-1		241		220		275		253		535		509		530		499		462		450		380		405		417		435		437		429		450		484		478		392		450		402		415		359		349		397		330		324		319		329		409		357		267		205		264		268		281		293		299		317		329		298		303		215		201		309		302		249		239		257		263		251		239		233		201		197		148		128		168		186		199		243		236		239		254		162		129		169		125		117		108		67		251		52		72		25		15		0		12		24		21		40		38		53		143		123		127		90		76		102		231		66		211		194		306		298		281		284		244		211		190		207		249		228		234		249		312		287		390		320		327		325		295		225		224		223		204		167		180		166		150		142		157		186		189		197		212		234		223		232		223		285		278		245		259		214		243		209		254		215		
-1		229		208		263		241		547		521		542		511		474		462		392		417		429		447		449		441		462		496		490		404		462		414		427		371		361		409		342		336		331		341		421		369		279		217		276		280		293		305		311		329		341		310		315		227		213		321		314		261		251		269		275		263		251		245		213		209		160		140		180		198		211		255		248		251		266		174		141		157		137		129		120		79		263		64		84		37		27		12		0		12		9		28		26		41		131		111		115		78		64		90		243		54		223		206		318		310		293		296		256		223		202		219		261		240		246		261		324		299		402		332		339		337		307		213		212		211		192		155		168		154		138		130		145		174		177		185		200		222		211		220		211		273		266		233		247		202		231		197		266		227		
-1		217		196		251		229		559		533		554		523		486		474		404		429		441		459		461		453		474		508		502		416		474		426		439		383		373		421		354		348		343		353		433		381		291		229		288		292		305		317		323		341		353		322		327		239		225		333		326		273		263		281		287		275		263		257		225		221		172		152		192		210		223		267		260		263		278		186		153		145		149		141		132		91		275		76		96		49		39		24		12		0		10		16		26		29		119		99		103		66		52		78		255		42		235		218		330		322		305		308		268		235		214		231		273		252		258		273		336		311		414		344		351		349		319		201		200		199		180		143		156		142		126		118		133		162		165		173		188		210		199		208		199		261		254		221		235		190		219		185		278		239		
-1		239		218		273		251		623		597		618		587		550		538		468		493		505		523		525		517		538		572		566		480		538		490		503		447		437		485		418		412		407		417		497		445		355		293		352		356		369		381		387		405		417		386		391		303		289		397		390		337		327		345		351		339		327		321		289		285		236		216		256		274		287		290		283		286		301		209		176		167		213		205		196		155		339		140		160		113		103		88		76		64		0		48		17		35		141		121		125		88		74		100		278		64		258		241		353		345		328		331		291		258		237		254		296		275		281		296		359		334		437		367		374		372		342		223		222		221		202		165		178		164		148		140		155		184		187		195		210		232		221		230		221		283		276		243		257		212		241		207		342		303		
-1		201		180		235		213		575		549		570		539		502		490		420		445		457		475		477		469		490		524		518		432		490		442		455		399		389		437		370		364		359		369		449		397		307		245		304		308		321		333		339		357		369		338		343		255		241		349		342		289		279		297		303		291		279		273		241		237		188		168		208		226		239		252		245		248		263		171		138		129		165		157		148		107		291		92		112		65		55		40		28		16		26		0		10		13		103		83		87		50		36		62		240		26		220		203		315		307		290		293		253		220		199		216		258		237		243		258		321		296		399		329		336		334		304		185		184		183		164		127		140		126		110		102		117		146		149		157		172		194		183		192		183		245		238		205		219		174		203		169		294		255		
-1		222		201		256		234		606		580		601		570		533		521		451		476		488		506		508		500		521		555		549		463		521		473		486		430		420		468		401		395		390		400		480		428		338		276		335		339		352		364		370		388		400		369		374		286		272		380		373		320		310		328		334		322		310		304		272		268		219		199		239		257		270		273		266		269		284		192		159		150		196		188		179		138		322		123		143		96		86		71		59		47		57		31		0		18		124		104		108		71		57		83		261		47		241		224		336		328		311		314		274		241		220		237		279		258		264		279		342		317		420		350		357		355		325		206		205		204		185		148		161		147		131		123		138		167		170		178		193		215		204		213		204		266		259		226		240		195		224		190		325		286		
-1		204		183		238		216		588		562		583		552		515		503		433		458		470		488		490		482		503		537		531		445		503		455		468		412		402		450		383		377		372		382		462		410		320		258		317		321		334		346		352		370		382		351		356		268		254		362		355		302		292		310		316		304		292		286		254		250		201		181		221		239		252		255		248		251		266		174		141		132		178		170		161		120		304		105		125		78		68		53		41		29		39		13		18		0		106		86		90		53		39		65		243		29		223		206		318		310		293		296		256		223		202		219		261		240		246		261		324		299		402		332		339		337		307		188		187		186		167		130		143		129		113		105		120		149		152		160		175		197		186		195		186		248		241		208		222		177		206		172		307		268		
-1		138		117		172		150		598		572		593		562		525		513		443		468		480		498		500		492		513		547		541		455		513		465		478		422		412		460		393		387		382		392		472		420		330		268		327		331		344		356		362		380		392		361		366		278		264		372		365		312		302		320		326		314		302		296		264		260		211		191		231		249		262		255		248		251		266		174		141		132		188		180		171		130		314		115		135		88		78		63		51		39		49		23		28		10		0		20		24		53		49		65		243		39		223		206		318		310		293		296		256		223		202		219		261		240		246		261		324		299		402		332		339		337		307		122		121		120		101		64		77		63		47		39		54		83		86		94		109		131		120		129		120		182		175		142		156		111		140		106		317		278		
-1		118		97		152		130		618		592		613		582		545		533		463		488		500		518		520		512		533		567		561		475		533		485		498		442		432		480		413		407		402		412		492		440		350		288		347		351		364		376		382		400		412		381		386		298		284		392		385		328		318		336		342		330		318		312		280		276		231		211		251		269		282		235		228		231		246		154		121		112		208		200		191		150		334		135		155		108		98		83		71		59		69		43		48		30		20		0		4		33		47		45		223		57		203		186		298		290		273		276		236		203		182		199		241		220		226		241		304		279		382		312		319		317		287		102		101		100		81		44		57		43		27		19		34		63		66		74		89		111		100		109		100		162		155		122		136		91		120		86		337		294		
-1		114		93		148		126		622		596		617		586		549		537		467		492		504		522		524		516		537		571		565		479		537		489		502		446		436		484		417		411		406		416		496		444		354		292		351		355		368		380		386		404		416		385		390		302		288		396		389		332		322		340		346		334		322		316		284		280		235		215		255		273		286		239		232		235		250		158		125		116		212		204		195		154		338		139		159		112		102		87		75		63		73		47		52		34		24		4		0		37		51		49		227		61		207		190		302		294		277		280		240		207		186		203		245		224		230		245		308		283		386		316		323		321		291		98		97		96		77		40		53		39		23		15		30		59		62		70		85		107		96		105		96		158		151		118		132		87		116		82		341		298		
-1		151		130		185		163		625		599		620		589		552		540		470		495		507		525		527		519		540		574		568		482		540		492		505		449		439		487		420		414		409		419		499		447		357		313		372		376		389		401		407		425		437		406		411		323		309		417		410		295		285		303		309		297		285		279		247		243		216		236		276		294		298		202		195		198		213		121		88		79		241		233		224		183		359		168		188		141		131		116		104		92		102		76		81		63		53		33		37		0		14		12		190		24		170		153		265		257		240		243		203		170		149		166		208		187		193		208		271		246		349		279		286		284		254		135		134		133		114		77		90		76		60		52		67		96		99		107		122		144		133		142		133		195		188		155		169		124		153		119		344		261		
-1		165		144		199		177		639		613		634		603		566		554		484		509		521		539		541		533		554		588		582		496		554		506		519		463		453		501		434		428		423		433		513		461		371		327		386		390		403		415		421		439		451		420		425		337		323		431		424		309		299		317		323		311		299		293		261		257		230		250		290		308		312		216		209		212		227		135		102		93		255		247		238		197		373		182		202		155		145		130		118		106		116		90		95		77		67		47		51		14		0		26		204		10		184		167		279		271		254		257		217		184		163		180		222		201		207		222		285		260		363		293		300		298		268		149		148		147		128		91		104		90		74		66		81		110		113		121		136		158		147		156		147		209		202		169		183		138		167		133		358		275		
-1		299		278		371		349		613		587		608		577		540		528		458		483		495		513		515		507		528		562		556		470		528		480		493		437		427		475		408		402		397		407		487		435		345		301		360		364		377		389		395		413		425		394		399		311		297		405		398		283		273		291		297		285		273		267		235		231		204		224		264		282		286		190		183		186		201		109		76		67		243		235		249		258		347		273		285		300		355		340		328		316		326		300		305		287		277		257		253		290		304		0		178		314		158		141		253		245		228		231		191		158		137		154		196		175		181		196		259		234		337		267		274		272		242		254		282		281		262		213		260		246		230		238		253		282		285		293		308		330		319		328		319		381		374		341		355		310		339		305		332		249		
-1		121		100		193		171		573		547		568		537		500		488		418		443		455		473		475		467		488		522		516		430		488		440		453		397		387		435		368		362		357		367		447		395		305		261		320		324		337		349		355		373		385		354		359		271		257		365		358		243		233		251		257		245		233		227		195		191		164		184		224		242		246		150		143		146		161		69		83		74		203		195		209		218		307		214		234		187		177		162		150		138		148		122		127		109		99		79		75		112		126		7		0		136		118		101		213		205		188		191		151		118		97		114		27		135		141		156		219		194		297		227		234		232		73		85		104		103		84		35		82		68		52		60		75		104		107		115		130		152		141		150		141		203		196		163		177		132		161		127		292		209		
-1		175		154		209		187		649		623		644		613		576		564		494		519		531		549		551		543		564		598		592		506		564		516		529		473		463		511		444		438		433		443		523		471		381		337		396		400		413		425		431		449		461		430		435		347		333		441		434		319		309		327		333		321		309		303		271		267		240		260		300		318		322		226		219		222		237		145		112		103		265		257		248		207		383		192		212		165		155		140		128		116		126		100		105		87		77		57		61		24		10		36		214		0		194		177		289		281		264		267		227		194		173		190		232		211		217		232		295		270		373		303		310		308		278		159		158		157		138		101		114		100		84		76		91		120		123		131		146		168		157		166		157		219		212		179		193		148		177		143		368		285		
-1		228		207		300		278		455		429		450		419		382		370		300		325		337		355		357		349		370		404		398		312		370		322		335		279		269		317		250		244		239		249		329		277		187		143		202		206		219		231		237		255		267		236		241		153		139		247		240		125		115		133		139		127		115		109		77		73		46		66		106		124		128		32		25		28		43		49		82		181		85		77		91		100		189		115		127		142		263		269		257		245		255		229		234		216		206		186		182		219		233		114		107		243		0		17		129		121		104		107		67		34		21		38		80		59		65		80		143		118		221		151		158		156		126		138		174		210		191		142		189		175		159		167		182		211		214		222		237		259		248		257		248		310		303		270		284		239		268		234		174		91		
-1		211		190		283		261		472		446		467		436		399		387		317		342		354		372		374		366		387		421		415		329		387		339		352		296		286		334		267		261		256		266		346		294		204		160		219		223		236		248		254		272		284		253		258		170		156		264		257		142		132		150		156		144		132		126		94		90		63		83		123		141		145		49		42		45		60		32		65		164		102		94		108		117		206		132		144		159		267		252		240		228		238		212		217		199		189		169		165		202		216		97		90		226		17		0		112		104		87		90		50		17		4		21		63		42		48		63		126		101		204		134		141		139		109		121		157		193		174		125		172		158		142		150		165		194		197		205		220		242		231		240		231		293		286		253		267		222		251		217		191		108		
-1		260		239		332		310		521		495		516		485		448		436		366		391		403		421		423		415		436		470		464		378		436		388		401		345		335		383		316		310		305		315		395		343		253		209		268		272		285		297		303		321		333		302		307		219		205		313		306		191		181		199		205		193		181		175		143		139		112		132		172		190		194		98		91		94		109		81		114		213		151		143		157		166		255		181		193		208		316		301		289		277		287		261		266		248		238		218		214		251		265		146		139		275		66		49		0		153		136		139		99		66		53		70		112		91		97		112		175		150		253		183		190		188		158		170		206		242		223		174		221		207		191		199		214		243		246		254		269		291		280		289		280		342		335		302		316		271		300		266		240		157		
-1		268		247		340		318		529		503		524		493		456		444		374		399		411		429		431		423		444		478		472		386		444		396		409		353		343		391		324		318		313		323		403		351		261		217		276		280		293		305		311		329		341		310		315		227		213		321		314		199		189		207		213		201		189		183		151		147		120		140		180		198		202		106		99		102		117		89		122		221		159		151		165		174		263		189		201		216		324		309		297		285		295		269		274		256		246		226		222		259		273		154		147		283		74		57		8		0		17		20		10		43		61		78		120		99		105		120		183		158		261		191		198		196		166		178		214		250		231		182		229		215		199		207		222		251		254		262		277		299		288		297		288		350		343		310		324		279		308		274		248		165		
-1		285		264		357		335		546		520		541		510		473		461		391		416		428		446		448		440		461		495		489		403		461		413		426		370		360		408		341		335		330		340		420		368		278		234		293		297		310		322		328		346		358		327		332		244		230		338		331		216		206		224		230		218		206		200		168		164		137		157		197		215		219		123		116		119		134		106		139		238		176		168		182		191		280		206		218		233		341		326		314		302		312		286		291		273		263		243		239		276		290		171		164		300		91		74		25		17		0		3		27		60		78		95		137		116		122		137		200		175		278		208		215		213		183		195		231		267		248		199		246		232		216		224		239		268		271		279		294		316		305		314		305		367		360		327		341		296		325		291		265		182		
-1		288		267		360		338		549		523		544		513		476		464		394		419		431		449		451		443		464		498		492		406		464		416		429		373		363		411		344		338		333		343		423		371		281		237		296		300		313		325		331		349		361		330		335		247		233		341		334		219		209		227		233		221		209		203		171		167		140		160		200		218		222		126		119		122		137		109		142		241		179		171		185		194		283		209		221		236		344		329		317		305		315		289		294		276		266		246		242		279		293		174		167		303		94		77		28		20		3		0		30		63		81		98		140		119		125		140		203		178		281		211		218		216		186		198		234		270		251		202		249		235		219		227		242		271		274		282		297		319		308		317		308		370		363		330		344		299		328		294		268		185		
-1		322		301		394		372		583		557		578		547		510		498		428		453		465		483		485		477		498		532		526		440		498		450		463		407		397		445		378		372		367		377		457		405		315		271		330		334		347		359		365		383		395		364		369		281		267		375		368		253		243		261		267		255		243		237		205		201		174		194		234		252		256		160		153		156		171		143		176		275		213		205		219		228		317		243		255		270		378		363		351		339		349		323		328		310		300		280		276		313		327		208		201		337		128		111		62		54		37		40		0		33		115		132		174		153		159		174		237		212		315		245		252		250		220		232		268		304		285		236		283		269		253		261		276		305		308		316		331		353		342		351		342		404		397		364		378		333		362		328		302		219		
-1		355		334		427		405		616		590		611		580		543		531		461		486		498		516		518		510		531		565		559		473		531		483		496		440		430		478		411		405		400		410		490		438		348		304		363		367		380		392		398		416		428		397		402		314		300		408		401		286		276		294		300		288		276		270		238		234		207		227		267		285		289		193		186		189		204		176		209		308		246		238		252		261		350		276		288		303		411		396		384		372		382		356		361		343		333		313		309		346		360		241		234		370		161		144		95		87		70		73		33		0		148		165		207		186		192		207		270		245		348		278		285		283		253		265		301		337		318		269		316		302		286		294		309		338		341		349		364		386		375		384		375		437		430		397		411		366		395		361		335		252		
-1		207		186		279		257		476		450		471		440		403		391		321		346		358		376		378		370		391		425		419		333		391		343		356		300		290		338		271		265		260		270		350		298		208		164		223		227		240		252		258		276		288		257		262		174		160		268		261		146		136		154		160		148		136		130		98		94		67		87		127		145		149		53		46		49		64		28		61		160		106		98		112		121		210		136		148		163		263		248		236		224		234		208		213		195		185		165		161		198		212		93		86		222		21		4		116		108		91		94		54		21		0		17		59		38		44		59		122		97		200		130		137		135		105		117		153		189		170		121		168		154		138		146		161		190		193		201		216		238		227		236		227		289		282		249		263		218		247		213		195		112		
-1		190		169		262		240		493		467		488		457		420		408		338		363		375		393		395		387		408		442		436		350		408		360		373		317		307		355		288		282		277		287		367		315		225		181		240		244		257		269		275		293		305		274		279		191		177		285		278		163		153		171		177		165		153		147		115		111		84		104		144		162		166		70		63		66		81		45		78		143		123		115		129		138		227		153		165		180		246		231		219		207		217		191		196		178		168		148		144		181		195		76		69		205		38		21		133		125		108		111		71		38		17		0		42		21		27		42		105		80		183		113		120		118		88		100		136		172		153		104		151		137		121		129		144		173		176		184		199		221		210		219		210		272		265		232		246		201		230		196		212		129		
-1		148		127		220		198		600		574		595		564		527		515		445		470		482		500		502		494		515		549		543		457		515		467		480		424		414		462		395		389		384		394		474		422		332		288		347		351		364		376		382		400		412		381		386		298		284		392		385		270		260		278		284		272		260		254		222		218		191		211		251		269		273		177		170		173		188		96		110		101		230		222		236		245		334		241		261		214		204		189		177		165		175		149		154		136		126		106		102		139		153		34		27		163		145		128		240		232		215		218		178		145		124		141		0		162		168		183		246		221		324		254		261		259		46		58		94		130		111		62		109		95		79		87		102		131		134		142		157		179		168		177		168		230		223		190		204		159		188		154		319		236		
-1		206		185		283		261		514		488		509		478		441		429		359		384		396		414		416		408		429		463		457		371		429		381		394		338		328		376		309		303		298		308		388		336		246		202		261		265		278		290		296		314		326		295		300		212		198		306		299		184		174		192		198		186		174		168		136		132		105		125		165		183		187		91		84		87		102		66		99		164		144		136		150		159		248		174		186		201		267		252		240		228		238		212		217		199		189		169		165		202		216		97		90		226		59		42		154		146		129		132		92		59		38		21		63		0		6		21		84		59		162		92		99		97		101		113		149		188		169		125		172		158		142		150		165		194		197		205		220		242		231		240		231		293		286		253		267		222		251		217		233		150		
-1		200		179		361		339		741		715		736		705		668		656		586		611		623		641		643		635		656		690		684		598		656		608		621		565		555		603		536		530		525		535		615		563		473		429		488		492		505		517		523		541		553		522		527		439		425		533		526		411		401		419		425		413		401		395		363		359		332		352		392		410		414		318		311		314		329		237		251		242		371		363		377		386		475		382		402		355		345		330		318		306		316		290		295		277		267		247		243		280		294		175		168		304		286		269		381		373		356		359		319		286		265		282		141		303		0		15		78		53		156		86		93		91		95		107		143		182		163		203		187		236		220		228		243		272		275		283		298		320		309		318		309		371		364		331		345		300		329		295		460		377		
-1		185		164		346		324		726		700		721		690		653		641		571		596		608		626		628		620		641		675		669		583		641		593		606		550		540		588		521		515		510		520		600		548		458		414		473		477		490		502		508		526		538		507		512		424		410		518		511		396		386		404		410		398		386		380		348		344		317		337		377		395		399		303		296		299		314		222		236		227		356		348		362		371		460		367		387		340		330		315		303		291		301		275		280		262		252		232		228		265		279		160		153		289		271		254		366		358		341		344		304		271		250		267		126		288		15		0		63		38		141		71		78		76		80		92		128		167		148		188		172		221		205		213		228		257		260		268		283		305		294		303		294		356		349		316		330		285		314		280		445		362		
-1		122		101		283		261		663		637		658		627		590		578		508		533		545		563		565		557		578		612		606		520		578		530		543		487		477		525		458		452		447		457		537		485		395		351		410		414		427		439		445		463		475		444		449		361		347		455		448		333		323		341		347		335		323		317		285		281		254		274		314		332		336		240		233		236		251		159		173		164		293		285		299		308		397		304		324		277		267		252		240		228		238		212		217		199		189		169		165		202		216		97		90		226		208		191		303		295		278		281		241		208		187		204		63		225		43		28		0		25		128		8		15		13		17		29		65		104		85		125		109		158		142		150		165		194		197		205		220		242		231		240		231		293		286		253		267		222		251		217		382		299		
-1		147		126		308		286		688		662		683		652		615		603		533		558		570		588		590		582		603		637		631		545		603		555		568		512		502		550		483		477		472		482		562		510		420		376		435		439		452		464		470		488		500		469		474		386		372		480		473		358		348		366		372		360		348		342		310		306		279		299		339		357		361		265		258		261		276		184		198		189		318		310		324		333		422		329		349		302		292		277		265		253		263		237		242		224		214		194		190		227		241		122		115		251		233		216		328		320		303		306		266		233		212		229		88		250		68		53		25		0		103		33		40		38		42		54		90		129		110		150		134		183		167		175		190		219		222		230		245		267		256		265		256		318		311		278		292		247		276		242		407		324		
-1		250		229		411		389		791		765		786		755		718		706		636		661		673		691		693		685		706		740		734		648		706		658		671		615		605		653		586		580		575		585		665		613		523		479		538		542		555		567		573		591		603		572		577		489		475		583		576		461		451		469		475		463		451		445		413		409		382		402		442		460		464		368		361		364		379		287		301		292		421		413		427		436		525		432		452		405		395		380		368		356		366		340		345		327		317		297		293		330		344		225		218		354		336		319		431		423		406		409		369		336		315		332		191		353		171		156		128		103		0		136		143		141		145		157		193		232		213		253		237		286		270		278		293		322		325		333		348		370		359		368		359		421		414		381		395		350		379		345		510		427		
-1		122		101		283		261		663		637		658		627		590		578		508		533		545		563		565		557		578		612		606		520		578		530		543		487		477		525		458		452		447		457		537		485		395		351		410		414		427		439		445		463		475		444		449		361		347		455		448		333		323		341		347		335		323		317		285		281		254		274		314		332		336		240		233		236		251		159		173		164		293		285		299		308		397		304		324		277		267		252		240		228		238		212		217		199		189		169		165		202		216		97		90		226		208		191		303		295		278		281		241		208		187		204		63		225		69		54		26		51		154		0		7		13		17		29		65		104		85		125		109		158		142		150		165		194		197		205		220		242		231		240		231		293		286		253		267		222		251		217		382		299		
-1		129		108		290		268		670		644		665		634		597		585		515		540		552		570		572		564		585		619		613		527		585		537		550		494		484		532		465		459		454		464		544		492		402		358		417		421		434		446		452		470		482		451		456		368		354		462		455		340		330		348		354		342		330		324		292		288		261		281		321		339		343		247		240		243		258		166		180		171		300		292		306		315		404		311		331		284		274		259		247		235		245		219		224		206		196		176		172		209		223		104		97		233		215		198		310		302		285		288		248		215		194		211		70		232		76		61		33		58		161		7		0		20		24		36		72		111		92		132		116		165		149		157		172		201		204		212		227		249		238		247		238		300		293		260		274		229		258		224		389		306		
-1		109		88		270		248		650		624		645		614		577		565		495		520		532		550		552		544		565		599		593		507		565		517		530		474		464		512		445		439		434		444		524		472		382		338		397		401		414		426		432		450		462		431		436		348		334		442		435		320		310		328		334		322		310		304		272		268		241		261		301		319		323		227		220		223		238		146		160		151		280		272		286		295		384		291		311		264		254		239		227		215		225		199		204		186		176		156		152		189		203		84		77		213		195		178		290		282		265		268		228		195		174		191		50		212		56		41		13		38		141		21		28		0		4		16		52		91		72		112		96		145		129		137		152		181		184		192		207		229		218		227		218		280		273		240		254		209		238		204		369		286		
-1		105		84		266		244		646		620		641		610		573		561		491		516		528		546		548		540		561		595		589		503		561		513		526		470		460		508		441		435		430		440		520		468		378		334		393		397		410		422		428		446		458		427		432		344		330		438		431		316		306		324		330		318		306		300		268		264		237		257		297		315		319		223		216		219		234		142		156		147		276		268		282		291		380		287		307		260		250		235		223		211		221		195		200		182		172		152		148		185		199		80		73		209		191		174		286		278		261		264		224		191		170		187		46		208		214		229		292		267		370		300		307		305		0		12		48		87		68		108		92		141		125		133		148		177		180		188		203		225		214		223		214		276		269		236		250		205		234		200		365		282		
-1		93		72		263		241		767		741		762		731		694		682		612		637		649		667		669		661		682		716		710		624		682		634		647		591		581		629		562		556		551		561		641		589		499		437		496		500		513		525		531		549		561		530		535		447		433		541		534		477		467		485		491		479		467		461		429		425		380		360		400		418		431		384		377		380		395		303		270		261		357		349		340		299		483		284		304		257		247		232		220		208		218		192		197		179		169		149		145		182		196		194		372		206		352		335		447		439		422		425		385		352		331		348		390		369		375		390		453		428		531		461		468		466		436		0		36		75		56		105		80		138		122		130		145		174		177		185		200		222		211		220		211		273		266		233		247		202		231		197		486		443		
-1		57		36		227		205		731		705		726		695		658		646		576		601		613		631		633		625		646		680		674		588		646		598		611		555		545		593		526		520		515		525		605		553		463		401		460		464		477		489		495		513		525		494		499		411		397		505		498		441		431		449		455		443		431		425		393		389		344		324		364		382		395		348		341		344		359		267		234		225		321		313		304		263		447		248		268		221		211		196		184		172		182		156		161		143		133		113		109		146		160		158		336		170		316		299		411		403		386		389		349		316		295		312		354		333		339		354		417		392		495		425		432		430		400		36		0		39		20		69		44		102		86		94		109		138		141		149		164		186		175		184		175		237		230		197		211		166		195		161		450		407		
-1		18		46		237		215		741		715		736		705		668		656		586		611		623		641		643		635		656		690		684		598		656		608		621		565		555		603		536		530		525		535		615		563		473		411		470		474		487		499		505		523		535		504		509		421		407		515		508		451		441		459		465		453		441		435		403		399		354		334		374		392		405		358		351		354		369		277		244		235		331		323		314		273		457		258		278		231		221		206		194		182		192		166		171		153		143		123		119		156		170		168		346		180		326		309		421		413		396		399		359		326		305		322		364		343		349		364		427		402		505		435		442		440		410		46		10		0		30		79		54		112		96		104		119		148		151		159		174		196		185		194		185		247		240		207		221		176		205		171		460		417		
-1		37		16		207		185		711		685		706		675		638		626		556		581		593		611		613		605		626		660		654		568		626		578		591		535		525		573		506		500		495		505		585		533		443		381		440		444		457		469		475		493		505		474		479		391		377		485		478		421		411		429		435		423		411		405		373		369		324		304		344		362		375		328		321		324		339		247		214		205		301		293		284		243		427		228		248		201		191		176		164		152		162		136		141		123		113		93		89		126		140		138		316		150		296		279		391		383		366		369		329		296		275		292		334		313		319		334		397		372		475		405		412		410		380		56		20		19		0		49		24		82		66		74		89		118		121		129		144		166		155		164		155		217		210		177		191		146		175		141		430		387		
-1		86		65		158		136		662		636		657		626		589		577		507		532		544		562		564		556		577		611		605		519		577		529		542		486		476		524		457		451		446		456		536		484		394		332		391		395		408		420		426		444		456		425		430		342		328		436		429		372		362		380		386		374		362		356		324		320		275		255		295		313		326		279		272		275		290		198		165		156		252		244		235		194		378		179		199		152		142		127		115		103		113		87		92		74		64		44		40		77		91		89		267		101		247		230		342		334		317		320		280		247		226		243		285		264		270		285		348		323		426		356		363		361		331		58		69		68		49		0		47		33		17		25		40		69		72		80		95		117		106		115		106		168		161		128		142		97		126		92		381		338		
-1		61		40		231		209		735		709		730		699		662		650		580		605		617		635		637		629		650		684		678		592		650		602		615		559		549		597		530		524		519		529		609		557		467		405		464		468		481		493		499		517		529		498		503		415		401		509		502		445		435		453		459		447		435		429		397		393		348		328		368		386		399		352		345		348		363		271		238		229		325		317		308		267		451		252		272		225		215		200		188		176		186		160		165		147		137		117		113		150		164		162		340		174		320		303		415		407		390		393		353		320		299		316		358		337		343		358		421		396		499		429		436		434		404		80		44		43		24		73		0		106		90		98		113		142		145		153		168		190		179		188		179		241		234		201		215		170		199		165		454		411		
-1		75		54		150		128		684		658		679		648		611		599		529		554		566		584		586		578		599		633		627		541		599		551		564		508		498		546		479		473		468		478		558		506		416		354		413		417		430		442		448		466		478		447		452		364		350		458		451		394		384		402		408		396		384		378		346		342		297		277		317		335		348		301		294		297		312		220		187		178		274		266		257		216		400		201		221		174		164		149		137		125		135		109		114		96		86		66		62		99		113		111		289		123		269		252		364		356		339		342		302		269		248		265		307		286		292		307		370		345		448		378		385		383		353		94		58		57		38		72		14		0		55		47		32		61		64		72		87		109		98		107		98		160		153		120		134		89		118		84		403		360		
-1		91		70		141		119		645		619		640		609		572		560		490		515		527		545		547		539		560		594		588		502		560		512		525		469		459		507		440		434		429		439		519		467		377		315		374		378		391		403		409		427		439		408		413		325		311		419		412		355		345		363		369		357		345		339		307		303		258		238		278		296		309		262		255		258		273		181		148		139		235		227		218		177		361		162		182		135		125		110		98		86		96		70		75		57		47		27		23		60		74		72		250		84		230		213		325		317		300		303		263		230		209		226		268		247		253		268		331		306		409		339		346		344		314		75		74		73		54		17		30		16		0		8		23		52		55		63		78		100		89		98		89		151		144		111		125		80		109		75		364		321		
-1		99		78		133		111		637		611		632		601		564		552		482		507		519		537		539		531		552		586		580		494		552		504		517		461		451		499		432		426		421		431		511		459		369		307		366		370		383		395		401		419		431		400		405		317		303		411		404		347		337		355		361		349		337		331		299		295		250		230		270		288		301		254		247		250		265		173		140		131		227		219		210		169		353		154		174		127		117		102		90		78		88		62		67		49		39		19		15		52		66		64		242		76		222		205		317		309		292		295		255		222		201		218		260		239		245		260		323		298		401		331		338		336		306		83		82		81		62		25		38		24		8		0		15		44		47		55		70		92		81		90		81		143		136		103		117		72		101		67		356		313		
-1		107		86		118		96		652		626		647		616		579		567		497		522		534		552		554		546		567		601		595		509		567		519		532		476		466		514		447		441		436		446		526		474		384		322		381		385		398		410		416		434		446		415		420		332		318		426		419		362		352		370		376		364		352		346		314		310		265		245		285		303		316		269		262		265		280		188		155		146		242		234		225		184		368		169		189		142		132		117		105		93		103		77		82		64		54		34		30		67		81		79		257		91		237		220		332		324		307		310		270		237		216		233		275		254		260		275		338		313		416		346		353		351		321		98		90		89		70		40		46		32		23		15		0		29		32		40		55		77		66		75		66		128		121		88		102		57		86		52		371		328		
-1		136		115		89		67		681		655		676		645		608		596		526		551		563		581		583		575		596		630		624		538		596		548		561		505		495		543		476		470		465		475		555		503		413		351		410		414		427		439		445		463		475		444		449		361		347		455		448		391		381		399		405		393		381		375		343		339		294		274		314		332		345		298		291		294		309		217		184		175		271		263		254		213		397		198		218		171		161		146		134		122		132		106		111		93		83		63		59		96		110		108		286		120		266		249		361		353		336		339		299		266		245		262		304		283		289		304		367		342		445		375		382		380		350		127		119		118		99		69		75		61		52		44		29		0		61		11		26		48		37		46		37		157		150		117		131		86		115		81		400		357		
-1		139		118		150		128		684		658		679		648		611		599		529		554		566		584		586		578		599		633		627		541		599		551		564		508		498		546		479		473		468		478		558		506		416		354		413		417		430		442		448		466		478		447		452		364		350		458		451		394		384		402		408		396		384		378		346		342		297		277		317		335		348		301		294		297		312		220		187		178		274		266		257		216		400		201		221		174		164		149		137		125		135		109		114		96		86		66		62		99		113		111		289		123		269		252		364		356		339		342		302		269		248		265		307		286		292		307		370		345		448		378		385		383		353		130		122		121		102		72		78		64		55		47		32		61		0		72		87		109		98		107		67		96		89		56		70		25		54		20		403		360		
-1		232		211		78		221		777		751		772		741		704		692		622		647		659		677		679		671		692		726		720		634		692		644		657		601		591		639		572		566		561		571		651		599		509		447		506		510		523		535		541		559		571		540		545		457		443		551		544		487		477		495		501		489		477		471		439		435		390		370		410		428		441		394		387		390		405		313		280		271		367		359		350		309		493		294		314		267		257		242		230		218		228		202		207		189		179		159		155		192		206		204		382		216		362		345		457		449		432		435		395		362		341		358		400		379		385		400		463		438		541		471		478		476		446		223		215		214		195		165		171		157		148		140		125		154		93		0		15		37		26		35		26		149		142		109		123		78		107		73		496		453		
-1		247		226		63		236		792		766		787		756		719		707		637		662		674		692		694		686		707		741		735		649		707		659		672		616		606		654		587		581		576		586		666		614		524		462		521		525		538		550		556		574		586		555		560		472		458		566		559		502		492		510		516		504		492		486		454		450		405		385		425		443		456		409		402		405		420		328		295		286		382		374		365		324		508		309		329		282		272		257		245		233		243		217		222		204		194		174		170		207		221		219		397		231		377		360		472		464		447		450		410		377		356		373		415		394		400		415		478		453		556		486		493		491		461		238		230		229		210		180		186		172		163		155		140		169		108		15		0		22		11		50		41		164		157		124		138		93		122		88		511		468		
-1		281		260		41		270		826		800		821		790		753		741		671		696		708		726		728		720		741		775		769		683		741		693		706		650		640		688		621		615		610		620		700		648		558		496		555		559		572		584		590		608		620		589		594		506		492		600		593		536		526		544		550		538		526		520		488		484		439		419		459		477		490		443		436		439		454		362		329		320		416		408		399		358		542		343		363		316		306		291		279		267		277		251		256		238		228		208		204		241		255		253		431		265		411		394		506		498		481		484		444		411		390		407		449		428		434		449		512		487		590		520		527		525		495		272		264		263		244		214		220		206		197		189		174		203		142		49		34		0		23		84		75		198		191		158		172		127		156		122		545		502		
-1		258		237		74		247		803		777		798		767		730		718		648		673		685		703		705		697		718		752		746		660		718		670		683		627		617		665		598		592		587		597		677		625		535		473		532		536		549		561		567		585		597		566		571		483		469		577		570		513		503		521		527		515		503		497		465		461		416		396		436		454		467		420		413		416		431		339		306		297		393		385		376		335		519		320		340		293		283		268		256		244		254		228		233		215		205		185		181		218		232		230		408		242		388		371		483		475		458		461		421		388		367		384		426		405		411		426		489		464		567		497		504		502		472		249		241		240		221		191		197		183		174		166		151		180		119		26		11		33		0		61		52		175		168		135		149		104		133		99		522		479		
-1		267		246		113		256		812		786		807		776		739		727		657		682		694		712		714		706		727		761		755		669		727		679		692		636		626		674		607		601		596		606		686		634		544		482		541		545		558		570		576		594		606		575		580		492		478		586		579		522		512		530		536		524		512		506		474		470		425		405		445		463		476		429		422		425		440		348		315		306		402		394		385		344		528		329		349		302		292		277		265		253		263		237		242		224		214		194		190		227		241		239		417		251		397		380		492		484		467		470		430		397		376		393		435		414		420		435		498		473		576		506		513		511		481		258		250		249		230		200		206		192		183		175		160		189		128		35		50		72		61		0		61		184		177		144		158		113		142		108		531		488		
-1		206		185		217		195		751		725		746		715		678		666		596		621		633		651		653		645		666		700		694		608		666		618		631		575		565		613		546		540		535		545		625		573		483		421		480		484		497		509		515		533		545		514		519		431		417		525		518		461		451		469		475		463		451		445		413		409		364		344		384		402		415		368		361		364		379		287		254		245		341		333		324		283		467		268		288		241		231		216		204		192		202		176		181		163		153		133		129		166		180		178		356		190		336		319		431		423		406		409		369		336		315		332		374		353		359		374		437		412		515		445		452		450		420		197		189		188		169		139		145		131		122		114		99		128		67		139		154		176		165		174		0		123		116		83		97		52		81		47		470		427		
-1		211		190		222		200		756		730		751		720		683		671		601		626		638		656		658		650		671		705		699		613		671		623		636		580		570		618		551		545		540		550		630		578		488		426		485		489		502		514		520		538		550		519		524		436		422		530		523		466		456		474		480		468		456		450		418		414		369		349		389		407		420		373		366		369		384		292		259		250		346		338		329		288		472		273		293		246		236		221		209		197		207		181		186		168		158		138		134		171		185		183		361		195		341		324		436		428		411		414		374		341		320		337		379		358		364		379		442		417		520		450		457		455		425		202		194		193		174		144		150		136		127		119		104		133		72		144		159		181		170		179		5		0		121		88		102		57		86		52		475		432		
-1		205		184		216		194		750		724		745		714		677		665		595		620		632		650		652		644		665		699		693		607		665		617		630		574		564		612		545		539		534		544		624		572		482		420		479		483		496		508		514		532		544		513		518		430		416		524		517		460		450		468		474		462		450		444		412		408		363		343		383		401		414		367		360		363		378		286		253		244		340		332		323		282		466		267		287		240		230		215		203		191		201		175		180		162		152		132		128		165		179		177		355		189		335		318		430		422		405		408		368		335		314		331		373		352		358		373		436		411		514		444		451		449		419		196		188		187		168		138		144		130		121		113		98		127		66		138		153		175		164		173		12		7		0		10		19		41		70		46		469		426		
-1		195		174		206		184		740		714		735		704		667		655		585		610		622		640		642		634		655		689		683		597		655		607		620		564		554		602		535		529		524		534		614		562		472		410		469		473		486		498		504		522		534		503		508		420		406		514		507		450		440		458		464		452		440		434		402		398		353		333		373		391		404		357		350		353		368		276		243		234		330		322		313		272		456		257		277		230		220		205		193		181		191		165		170		152		142		122		118		155		169		167		345		179		325		308		420		412		395		398		358		325		304		321		363		342		348		363		426		401		504		434		441		439		409		186		178		177		158		128		134		120		111		103		88		117		56		128		143		165		154		163		45		40		33		0		14		31		60		36		459		416		
-1		224		203		235		213		769		743		764		733		696		684		614		639		651		669		671		663		684		718		712		626		684		636		649		593		583		631		564		558		553		563		643		591		501		439		498		502		515		527		533		551		563		532		537		449		435		543		536		479		469		487		493		481		469		463		431		427		382		362		402		420		433		386		379		382		397		305		272		263		359		351		342		301		485		286		306		259		249		234		222		210		220		194		199		181		171		151		147		184		198		196		374		208		354		337		449		441		424		427		387		354		333		350		392		371		377		392		455		430		533		463		470		468		438		215		207		206		187		157		163		149		140		132		117		146		85		157		172		194		183		192		31		26		19		29		0		60		89		65		488		445		
-1		164		143		175		153		709		683		704		673		636		624		554		579		591		609		611		603		624		658		652		566		624		576		589		533		523		571		504		498		493		503		583		531		441		379		438		442		455		467		473		491		503		472		477		389		375		483		476		419		409		427		433		421		409		403		371		367		322		302		342		360		373		326		319		322		337		245		212		203		299		291		282		241		425		226		246		199		189		174		162		150		160		134		139		121		111		91		87		124		138		136		314		148		294		277		389		381		364		367		327		294		273		290		332		311		317		332		395		370		473		403		410		408		378		155		147		146		127		97		103		89		80		72		57		86		25		97		112		134		123		132		52		71		64		31		45		0		29		5		428		385		
-1		193		172		204		182		738		712		733		702		665		653		583		608		620		638		640		632		653		687		681		595		653		605		618		562		552		600		533		527		522		532		612		560		470		408		467		471		484		496		502		520		532		501		506		418		404		512		505		448		438		456		462		450		438		432		400		396		351		331		371		389		402		355		348		351		366		274		241		232		328		320		311		270		454		255		275		228		218		203		191		179		189		163		168		150		140		120		116		153		167		165		343		177		323		306		418		410		393		396		356		323		302		319		361		340		346		361		424		399		502		432		439		437		407		184		176		175		156		126		132		118		109		101		86		115		54		126		141		163		152		161		81		100		93		60		74		29		0		34		457		414		
-1		159		138		170		148		704		678		699		668		631		619		549		574		586		604		606		598		619		653		647		561		619		571		584		528		518		566		499		493		488		498		578		526		436		374		433		437		450		462		468		486		498		467		472		384		370		478		471		414		404		422		428		416		404		398		366		362		317		297		337		355		368		321		314		317		332		240		207		198		294		286		277		236		420		221		241		194		184		169		157		145		155		129		134		116		106		86		82		119		133		131		309		143		289		272		384		376		359		362		322		289		268		285		327		306		312		327		390		365		468		398		405		403		373		150		142		141		122		92		98		84		75		67		52		81		20		92		107		129		118		127		47		76		69		36		50		5		34		0		423		380		
-1		420		399		459		437		281		255		276		245		208		196		126		151		163		181		183		175		196		230		224		138		196		148		161		105		95		143		76		70		65		75		155		103		13		49		108		112		125		137		143		161		173		142		147		67		53		153		146		295		285		303		309		297		285		279		247		243		194		174		134		68		103		311		304		307		322		230		197		353		193		185		199		121		103		108		182		135		169		184		196		208		205		224		222		237		327		307		311		274		260		286		299		250		279		262		374		366		349		352		312		279		258		275		317		296		302		317		380		355		458		388		395		393		363		375		403		402		383		334		364		350		334		326		341		370		373		381		396		418		407		416		407		469		462		429		443		398		427		393		0		261		
-1		347		326		419		397		364		338		359		328		291		279		209		234		246		264		266		258		279		313		307		221		279		231		244		188		178		226		159		153		148		158		238		186		96		105		164		168		181		193		199		217		229		198		203		115		101		209		202		34		24		42		48		36		24		18		28		32		81		101		68		86		37		238		231		234		249		157		124		300		120		112		126		135		151		150		162		177		225		240		252		264		261		280		278		293		325		305		301		330		316		233		226		306		206		189		301		293		276		279		239		206		185		202		244		223		229		244		307		282		385		315		322		320		290		302		330		329		310		261		308		294		278		286		301		330		333		341		356		378		367		376		367		429		422		389		403		358		387		353		83		0		
