Data =>
	instName=TWA10A
	optimalValue=-1
	vehicles=-1
	capacity=25
	depotNode=1
	nodes=10
	arcs=7
	edges=8
	requiredN=2
	requiredA=3
	requiredE=6
nodes dist:
0       -1      -1      -1      -1      -1      -1      -1      -1      -1      -1      
-1      0       3       4       4       7       14      15      9       10      7       
-1      10      0       6       8       11      16      12      13      7       4       
-1      4       6       0       2       5       12      16      7       11      10      
-1      4       7       8       0       3       10      14      5       9       11      
-1      7       10      11      3       0       13      17      8       12      14      
-1      10      11      14      6       3       0       4       5       9       12      
-1      14      15      18      10      7       4       0       9       13      16      
-1      15      6       12      11      8       5       9       0       4       7       
-1      17      7       13      15      12      9       5       14      0       3       
-1      14      4       10      12      15      12      8       17      3       0       
tasks dist:
              N1<1,1>       N2<2,2>       N3<3,3>       A1<9,7>       A2<8,9>       A3<6,5>       E1<9,10>      E2<2,3>       E3<1,3>       E4<1,4>       E5<6,8>       E6<4,5>       E1<10,9>      E2<3,2>       E3<3,1>       E4<4,1>       E5<8,6>       E6<5,4>       
N1<1,1>       0             3             4             10            9             14            10            3             0             0             14            4             7             4             4             4             9             7             
N2<2,2>       10            0             6             7             13            16            7             0             10            10            16            8             4             6             6             8             13            11            
N3<3,3>       4             6             0             11            7             12            11            6             4             4             12            2             10            0             0             2             7             5             
A1<9,7>       14            15            18            13            9             4             13            15            14            14            4             10            16            18            18            10            9             7             
A2<8,9>       17            7             13            0             14            9             0             7             17            17            9             15            3             13            13            15            14            12            
A3<6,5>       7             10            11            12            8             13            12            10            7             7             13            3             14            11            11            3             8             0             
E1<9,10>      14            4             10            3             17            12            3             4             14            14            12            12            0             10            10            12            17            15            
E2<2,3>       4             6             0             11            7             12            11            6             4             4             12            2             10            0             0             2             7             5             
E3<1,3>       4             6             0             11            7             12            11            6             4             4             12            2             10            0             0             2             7             5             
E4<1,4>       4             7             8             9             5             10            9             7             4             4             10            0             11            8             8             0             5             3             
E5<6,8>       15            6             12            4             0             5             4             6             15            15            5             11            7             12            12            11            0             8             
E6<4,5>       7             10            11            12            8             13            12            10            7             7             13            3             14            11            11            3             8             0             
E1<10,9>      17            7             13            0             14            9             0             7             17            17            9             15            3             13            13            15            14            12            
E2<3,2>       10            0             6             7             13            16            7             0             10            10            16            8             4             6             6             8             13            11            
E3<3,1>       0             3             4             10            9             14            10            3             0             0             14            4             7             4             4             4             9             7             
E4<4,1>       0             3             4             10            9             14            10            3             0             0             14            4             7             4             4             4             9             7             
E5<8,6>       10            11            14            9             5             0             9             11            10            10            0             6             12            14            14            6             5             3             
E6<5,4>       4             7             8             9             5             10            9             7             4             4             10            0             11            8             8             0             5             3             
