Data =>
	instName=TWA13C
	optimalValue=-1
	vehicles=-1
	capacity=50
	depotNode=1
	nodes=13
	arcs=13
	edges=10
	requiredN=7
	requiredA=10
	requiredE=5
nodes dist:
0       -1      -1      -1      -1      -1      -1      -1      -1      -1      -1      -1      -1      -1      
-1      0       3       4       4       7       10      15      9       10      7       11      7       7       
-1      22      0       18      16      19      16      12      11      7       4       15      21      21      
-1      4       6       0       8       6       9       18      13      13      10      10      3       3       
-1      6       8       2       0       3       6       14      5       9       12      7       5       5       
-1      10      12      6       13      0       3       17      8       12      15      4       3       8       
-1      16      11      12      10      13      0       14      5       9       12      17      15      15      
-1      17      15      13      14      7       4       0       9       13      16      3       10      15      
-1      11      6       7       5       8       11      9       0       4       7       12      10      10      
-1      15      7       11      9       12      9       5       4       0       3       8       14      14      
-1      18      4       14      12      15      12      8       7       3       0       11      17      17      
-1      14      13      10      12      4       2       16      7       11      14      0       7       12      
-1      7       9       3       11      3       6       20      11      15      13      7       0       5       
-1      7       5       3       11      8       11      17      16      12      9       12      5       0       
tasks dist:
              N1<1,1>       N12<12,12>    N13<13,13>    N3<3,3>       N8<8,8>       N4<4,4>       N5<5,5>       N6<6,6>       A1<9,7>       A2<1,2>       A3<3,2>       A4<4,3>       A5<1,4>       A6<6,8>       A7<5,6>       A8<7,11>      A9<11,6>      A10<13,2>     E1<9,8>       E2<9,10>      E3<1,3>       E4<5,11>      E5<5,12>      E1<8,9>       E2<10,9>      E3<3,1>       E4<11,5>      E5<12,5>      
N1<1,1>       0             7             7             4             9             4             7             10            10            0             4             4             0             10            7             15            11            7             10            10            0             7             7             9             7             4             11            7             
N12<12,12>    7             0             5             3             11            11            3             6             15            7             3             11            7             6             3             20            7             5             15            15            7             3             3             11            13            3             7             0             
N13<13,13>    7             5             0             3             16            11            8             11            12            7             3             11            7             11            8             17            12            0             12            12            7             8             8             16            9             3             12            5             
N3<3,3>       4             3             3             0             13            8             6             9             13            4             0             8             4             9             6             18            10            3             13            13            4             6             6             13            10            0             10            3             
N8<8,8>       11            10            10            7             0             5             8             11            4             11            7             5             11            11            8             9             12            10            4             4             11            8             8             0             7             7             12            10            
N4<4,4>       6             5             5             2             5             0             3             6             9             6             2             0             6             6             3             14            7             5             9             9             6             3             3             5             12            2             7             5             
N5<5,5>       10            3             8             6             8             13            0             3             12            10            6             13            10            3             0             17            4             8             12            12            10            0             0             8             15            6             4             3             
N6<6,6>       16            15            15            12            5             10            13            0             9             16            12            10            16            0             13            14            17            15            9             9             16            13            13            5             12            12            17            15            
A1<9,7>       17            10            15            13            9             14            7             4             13            17            13            14            17            4             7             0             3             15            13            13            17            7             7             9             16            13            3             10            
A2<1,2>       22            21            21            18            11            16            19            16            7             22            18            16            22            16            19            12            15            21            7             7             22            19            19            11            4             18            15            21            
A3<3,2>       22            21            21            18            11            16            19            16            7             22            18            16            22            16            19            12            15            21            7             7             22            19            19            11            4             18            15            21            
A4<4,3>       4             3             3             0             13            8             6             9             13            4             0             8             4             9             6             18            10            3             13            13            4             6             6             13            10            0             10            3             
A5<1,4>       6             5             5             2             5             0             3             6             9             6             2             0             6             6             3             14            7             5             9             9             6             3             3             5             12            2             7             5             
A6<6,8>       11            10            10            7             0             5             8             11            4             11            7             5             11            11            8             9             12            10            4             4             11            8             8             0             7             7             12            10            
A7<5,6>       16            15            15            12            5             10            13            0             9             16            12            10            16            0             13            14            17            15            9             9             16            13            13            5             12            12            17            15            
A8<7,11>      14            7             12            10            7             12            4             2             11            14            10            12            14            2             4             16            0             12            11            11            14            4             4             7             14            10            0             7             
A9<11,6>      16            15            15            12            5             10            13            0             9             16            12            10            16            0             13            14            17            15            9             9             16            13            13            5             12            12            17            15            
A10<13,2>     22            21            21            18            11            16            19            16            7             22            18            16            22            16            19            12            15            21            7             7             22            19            19            11            4             18            15            21            
E1<9,8>       11            10            10            7             0             5             8             11            4             11            7             5             11            11            8             9             12            10            4             4             11            8             8             0             7             7             12            10            
E2<9,10>      18            17            17            14            7             12            15            12            3             18            14            12            18            12            15            8             11            17            3             3             18            15            15            7             0             14            11            17            
E3<1,3>       4             3             3             0             13            8             6             9             13            4             0             8             4             9             6             18            10            3             13            13            4             6             6             13            10            0             10            3             
E4<5,11>      14            7             12            10            7             12            4             2             11            14            10            12            14            2             4             16            0             12            11            11            14            4             4             7             14            10            0             7             
E5<5,12>      7             0             5             3             11            11            3             6             15            7             3             11            7             6             3             20            7             5             15            15            7             3             3             11            13            3             7             0             
E1<8,9>       15            14            14            11            4             9             12            9             0             15            11            9             15            9             12            5             8             14            0             0             15            12            12            4             3             11            8             14            
E2<10,9>      15            14            14            11            4             9             12            9             0             15            11            9             15            9             12            5             8             14            0             0             15            12            12            4             3             11            8             14            
E3<3,1>       0             7             7             4             9             4             7             10            10            0             4             4             0             10            7             15            11            7             10            10            0             7             7             9             7             4             11            7             
E4<11,5>      10            3             8             6             8             13            0             3             12            10            6             13            10            3             0             17            4             8             12            12            10            0             0             8             15            6             4             3             
E5<12,5>      10            3             8             6             8             13            0             3             12            10            6             13            10            3             0             17            4             8             12            12            10            0             0             8             15            6             4             3             
