Data =>
	instName=TWA13B
	optimalValue=-1
	vehicles=-1
	capacity=50
	depotNode=1
	nodes=13
	arcs=13
	edges=10
	requiredN=4
	requiredA=10
	requiredE=8
nodes dist:
0       -1      -1      -1      -1      -1      -1      -1      -1      -1      -1      -1      -1      -1      
-1      0       3       4       4       7       10      14      9       10      7       11      7       7       
-1      3       0       6       7       10      13      12      11      7       4       14      9       9       
-1      9       6       0       2       5       8       12      7       13      10      9       3       3       
-1      14      11      17      0       3       6       10      5       15      15      7       6       20      
-1      17      14      20      3       0       3       7       8       12      18      4       3       23      
-1      14      11      17      6       3       0       5       5       10      15      2       6       20      
-1      18      15      21      10      7       4       0       9       5       19      3       10      24      
-1      9       6       12      11      8       5       10      0       13      10      7       11      15      
-1      13      10      16      15      12      9       5       4       0       14      8       15      19      
-1      16      13      19      18      15      12      8       7       3       0       11      18      22      
-1      16      13      19      7       4       2       3       7       8       17      0       7       22      
-1      20      17      23      6       3       6       10      11      15      21      7       0       26      
-1      8       5       11      11      8       11      15      16      12      9       12      5       0       
tasks dist:
              N1<1,1>       N3<3,3>       N8<8,8>       N5<5,5>       N11<11,11>    A1<9,8>       A2<10,9>      A3<8,2>       A4<3,4>       A5<1,4>       A6<7,6>       A7<3,12>      A8<13,12>     A9<3,13>      A10<13,2>     E1<9,7>       E2<1,2>       E3<2,3>       E4<6,8>       E5<5,6>       E6<7,11>      E7<5,11>      E8<5,12>      E1<7,9>       E2<2,1>       E3<3,2>       E4<8,6>       E5<6,5>       E6<11,7>      E7<11,5>      E8<12,5>      
N1<1,1>       0             4             9             7             11            10            7             9             4             0             14            4             7             4             7             10            0             3             10            7             14            7             7             14            3             4             9             10            11            11            7             
N3<3,3>       9             0             7             5             9             13            10            7             0             9             12            0             3             0             3             13            9             6             8             5             12            5             5             12            6             0             7             8             9             9             3             
N8<8,8>       9             12            0             8             7             13            10            0             12            9             10            12            15            12            15            13            9             6             5             8             10            8             8             10            6             12            0             5             7             7             11            
N5<5,5>       17            20            8             0             4             12            18            8             20            17            7             20            23            20            23            12            17            14            3             0             7             0             0             7             14            20            8             3             4             4             3             
N11<11,11>    16            19            7             4             0             8             17            7             19            16            3             19            22            19            22            8             16            13            2             4             3             4             4             3             13            19            7             2             0             0             7             
A1<9,8>       9             12            0             8             7             13            10            0             12            9             10            12            15            12            15            13            9             6             5             8             10            8             8             10            6             12            0             5             7             7             11            
A2<10,9>      13            16            4             12            8             0             14            4             16            13            5             16            19            16            19            0             13            10            9             12            5             12            12            5             10            16            4             9             8             8             15            
A3<8,2>       3             6             11            10            14            7             4             11            6             3             12            6             9             6             9             7             3             0             13            10            12            10            10            12            0             6             11            13            14            14            9             
A4<3,4>       14            17            5             3             7             15            15            5             17            14            10            17            20            17            20            15            14            11            6             3             10            3             3             10            11            17            5             6             7             7             6             
A5<1,4>       14            17            5             3             7             15            15            5             17            14            10            17            20            17            20            15            14            11            6             3             10            3             3             10            11            17            5             6             7             7             6             
A6<7,6>       14            17            5             3             2             10            15            5             17            14            5             17            20            17            20            10            14            11            0             3             5             3             3             5             11            17            5             0             2             2             6             
A7<3,12>      20            23            11            3             7             15            21            11            23            20            10            23            26            23            26            15            20            17            6             3             10            3             3             10            17            23            11            6             7             7             0             
A8<13,12>     20            23            11            3             7             15            21            11            23            20            10            23            26            23            26            15            20            17            6             3             10            3             3             10            17            23            11            6             7             7             0             
A9<3,13>      8             11            16            8             12            12            9             16            11            8             15            11            0             11            0             12            8             5             11            8             15            8             8             15            5             11            16            11            12            12            5             
A10<13,2>     3             6             11            10            14            7             4             11            6             3             12            6             9             6             9             7             3             0             13            10            12            10            10            12            0             6             11            13            14            14            9             
E1<9,7>       18            21            9             7             3             5             19            9             21            18            0             21            24            21            24            5             18            15            4             7             0             7             7             0             15            21            9             4             3             3             10            
E2<1,2>       3             6             11            10            14            7             4             11            6             3             12            6             9             6             9             7             3             0             13            10            12            10            10            12            0             6             11            13            14            14            9             
E3<2,3>       9             0             7             5             9             13            10            7             0             9             12            0             3             0             3             13            9             6             8             5             12            5             5             12            6             0             7             8             9             9             3             
E4<6,8>       9             12            0             8             7             13            10            0             12            9             10            12            15            12            15            13            9             6             5             8             10            8             8             10            6             12            0             5             7             7             11            
E5<5,6>       14            17            5             3             2             10            15            5             17            14            5             17            20            17            20            10            14            11            0             3             5             3             3             5             11            17            5             0             2             2             6             
E6<7,11>      16            19            7             4             0             8             17            7             19            16            3             19            22            19            22            8             16            13            2             4             3             4             4             3             13            19            7             2             0             0             7             
E7<5,11>      16            19            7             4             0             8             17            7             19            16            3             19            22            19            22            8             16            13            2             4             3             4             4             3             13            19            7             2             0             0             7             
E8<5,12>      20            23            11            3             7             15            21            11            23            20            10            23            26            23            26            15            20            17            6             3             10            3             3             10            17            23            11            6             7             7             0             
E1<7,9>       13            16            4             12            8             0             14            4             16            13            5             16            19            16            19            0             13            10            9             12            5             12            12            5             10            16            4             9             8             8             15            
E2<2,1>       0             4             9             7             11            10            7             9             4             0             14            4             7             4             7             10            0             3             10            7             14            7             7             14            3             4             9             10            11            11            7             
E3<3,2>       3             6             11            10            14            7             4             11            6             3             12            6             9             6             9             7             3             0             13            10            12            10            10            12            0             6             11            13            14            14            9             
E4<8,6>       14            17            5             3             2             10            15            5             17            14            5             17            20            17            20            10            14            11            0             3             5             3             3             5             11            17            5             0             2             2             6             
E5<6,5>       17            20            8             0             4             12            18            8             20            17            7             20            23            20            23            12            17            14            3             0             7             0             0             7             14            20            8             3             4             4             3             
E6<11,7>      18            21            9             7             3             5             19            9             21            18            0             21            24            21            24            5             18            15            4             7             0             7             7             0             15            21            9             4             3             3             10            
E7<11,5>      17            20            8             0             4             12            18            8             20            17            7             20            23            20            23            12            17            14            3             0             7             0             0             7             14            20            8             3             4             4             3             
E8<12,5>      17            20            8             0             4             12            18            8             20            17            7             20            23            20            23            12            17            14            3             0             7             0             0             7             14            20            8             3             4             4             3             
