Data =>
	instName=TWB13B
	optimalValue=-1
	vehicles=-1
	capacity=50
	depotNode=1
	nodes=13
	arcs=12
	edges=11
	requiredN=5
	requiredA=8
	requiredE=9
nodes dist:
0       -1      -1      -1      -1      -1      -1      -1      -1      -1      -1      -1      -1      -1      
-1      0       3       4       4       7       10      14      15      19      22      11      7       7       
-1      12      0       6       8       11      14      18      19      23      26      15      9       9       
-1      6       8       0       2       5       8       12      13      17      20      9       3       3       
-1      4       7       2       0       3       6       10      11      15      18      7       5       5       
-1      7       10      5       3       0       3       7       8       12      15      4       3       8       
-1      13      11      11      9       6       0       5       5       9       12      2       9       14      
-1      14      12      12      10      7       4       0       9       5       8       3       10      15      
-1      9       6       7       5       8       11      9       0       4       7       12      10      10      
-1      19      7       13      15      12      9       5       14      0       3       8       15      16      
-1      16      4       10      12      15      12      8       17      3       0       11      13      13      
-1      11      13      9       7       4       2       3       7       8       11      0       7       12      
-1      10      10      8       6       3       6       10      11      15      18      7       0       5       
-1      9       5       3       5       8       11      15      16      20      23      12      5       0       
tasks dist:
              N1<1,1>       N3<3,3>       N9<9,9>       N8<8,8>       N6<6,6>       N11<11,11>    A1<8,9>       A2<8,2>       A3<1,2>       A4<2,3>       A5<1,3>       A6<5,6>       A7<7,6>       A8<13,2>      E1<9,7>       E2<3,4>       E3<1,4>       E4<4,5>       E5<7,11>      E6<5,11>      E7<5,12>      E8<12,13>     E9<3,13>      E1<7,9>       E2<4,3>       E3<4,1>       E4<5,4>       E5<11,7>      E6<11,5>      E7<12,5>      E8<13,12>     E9<13,3>      
N1<1,1>       0             4             19            15            10            11            15            15            0             3             0             7             14            7             19            4             0             4             14            7             7             7             4             14            4             4             7             11            11            7             7             7             
N3<3,3>       6             0             17            13            8             9             13            13            6             8             6             5             12            3             17            0             6             2             12            5             5             3             0             12            2             2             5             9             9             3             3             3             
N9<9,9>       19            13            0             14            9             8             14            14            19            7             19            12            5             16            0             13            19            15            5             12            12            15            13            5             15            15            12            8             8             15            16            16            
N8<8,8>       9             7             4             0             11            12            0             0             9             6             9             8             9             10            4             7             9             5             9             8             8             10            7             9             5             5             8             12            12            10            10            10            
N6<6,6>       13            11            9             5             0             2             5             5             13            11            13            6             5             14            9             11            13            9             5             6             6             9             11            5             9             9             6             2             2             9             14            14            
N11<11,11>    11            9             8             7             2             0             7             7             11            13            11            4             3             12            8             9             11            7             3             4             4             7             9             3             7             7             4             0             0             7             12            12            
A1<8,9>       19            13            0             14            9             8             14            14            19            7             19            12            5             16            0             13            19            15            5             12            12            15            13            5             15            15            12            8             8             15            16            16            
A2<8,2>       12            6             23            19            14            15            19            19            12            0             12            11            18            9             23            6             12            8             18            11            11            9             6             18            8             8             11            15            15            9             9             9             
A3<1,2>       12            6             23            19            14            15            19            19            12            0             12            11            18            9             23            6             12            8             18            11            11            9             6             18            8             8             11            15            15            9             9             9             
A4<2,3>       6             0             17            13            8             9             13            13            6             8             6             5             12            3             17            0             6             2             12            5             5             3             0             12            2             2             5             9             9             3             3             3             
A5<1,3>       6             0             17            13            8             9             13            13            6             8             6             5             12            3             17            0             6             2             12            5             5             3             0             12            2             2             5             9             9             3             3             3             
A6<5,6>       13            11            9             5             0             2             5             5             13            11            13            6             5             14            9             11            13            9             5             6             6             9             11            5             9             9             6             2             2             9             14            14            
A7<7,6>       13            11            9             5             0             2             5             5             13            11            13            6             5             14            9             11            13            9             5             6             6             9             11            5             9             9             6             2             2             9             14            14            
A8<13,2>      12            6             23            19            14            15            19            19            12            0             12            11            18            9             23            6             12            8             18            11            11            9             6             18            8             8             11            15            15            9             9             9             
E1<9,7>       14            12            5             9             4             3             9             9             14            12            14            7             0             15            5             12            14            10            0             7             7             10            12            0             10            10            7             3             3             10            15            15            
E2<3,4>       4             2             15            11            6             7             11            11            4             7             4             3             10            5             15            2             4             0             10            3             3             5             2             10            0             0             3             7             7             5             5             5             
E3<1,4>       4             2             15            11            6             7             11            11            4             7             4             3             10            5             15            2             4             0             10            3             3             5             2             10            0             0             3             7             7             5             5             5             
E4<4,5>       7             5             12            8             3             4             8             8             7             10            7             0             7             8             12            5             7             3             7             0             0             3             5             7             3             3             0             4             4             3             8             8             
E5<7,11>      11            9             8             7             2             0             7             7             11            13            11            4             3             12            8             9             11            7             3             4             4             7             9             3             7             7             4             0             0             7             12            12            
E6<5,11>      11            9             8             7             2             0             7             7             11            13            11            4             3             12            8             9             11            7             3             4             4             7             9             3             7             7             4             0             0             7             12            12            
E7<5,12>      10            8             15            11            6             7             11            11            10            10            10            3             10            5             15            8             10            6             10            3             3             0             8             10            6             6             3             7             7             0             5             5             
E8<12,13>     9             3             20            16            11            12            16            16            9             5             9             8             15            0             20            3             9             5             15            8             8             5             3             15            5             5             8             12            12            5             0             0             
E9<3,13>      9             3             20            16            11            12            16            16            9             5             9             8             15            0             20            3             9             5             15            8             8             5             3             15            5             5             8             12            12            5             0             0             
E1<7,9>       19            13            0             14            9             8             14            14            19            7             19            12            5             16            0             13            19            15            5             12            12            15            13            5             15            15            12            8             8             15            16            16            
E2<4,3>       6             0             17            13            8             9             13            13            6             8             6             5             12            3             17            0             6             2             12            5             5             3             0             12            2             2             5             9             9             3             3             3             
E3<4,1>       0             4             19            15            10            11            15            15            0             3             0             7             14            7             19            4             0             4             14            7             7             7             4             14            4             4             7             11            11            7             7             7             
E4<5,4>       4             2             15            11            6             7             11            11            4             7             4             3             10            5             15            2             4             0             10            3             3             5             2             10            0             0             3             7             7             5             5             5             
E5<11,7>      14            12            5             9             4             3             9             9             14            12            14            7             0             15            5             12            14            10            0             7             7             10            12            0             10            10            7             3             3             10            15            15            
E6<11,5>      7             5             12            8             3             4             8             8             7             10            7             0             7             8             12            5             7             3             7             0             0             3             5             7             3             3             0             4             4             3             8             8             
E7<12,5>      7             5             12            8             3             4             8             8             7             10            7             0             7             8             12            5             7             3             7             0             0             3             5             7             3             3             0             4             4             3             8             8             
E8<13,12>     10            8             15            11            6             7             11            11            10            10            10            3             10            5             15            8             10            6             10            3             3             0             8             10            6             6             3             7             7             0             5             5             
E9<13,3>      6             0             17            13            8             9             13            13            6             8             6             5             12            3             17            0             6             2             12            5             5             3             0             12            2             2             5             9             9             3             3             3             
