Data =>
	instName=TWC20B
	optimalValue=-1
	vehicles=-1
	capacity=25
	depotNode=1
	nodes=20
	arcs=16
	edges=15
	requiredN=9
	requiredA=12
	requiredE=8
nodes dist:
0       -1      -1      -1      -1      -1      -1      -1      -1      -1      -1      -1      -1      -1      -1      -1      -1      -1      -1      -1      -1      
-1      0       4       6       22      16      13      18      15      18      7       11      14      14      11      14      11      7       7       10      4       
-1      4       0       4       20      14      11      16      19      22      11      15      18      18      15      15      7       3       11      14      8       
-1      6       4       0       16      10      7       12      17      20      13      17      20      20      17      19      11      7       13      16      10      
-1      3       7       9       0       2       5       10      15      18      10      14      17      17      14      17      14      10      10      13      7       
-1      15      19      21      12      0       3       8       13      16      19      17      20      25      22      25      26      22      22      25      19      
-1      12      16      18      9       3       0       5       10      13      16      14      17      22      19      22      23      19      19      22      16      
-1      7       11      13      4       6       5       0       5       8       11      9       12      17      14      17      18      14      14      17      11      
-1      7       11      13      9       11      10      5       0       3       6       4       7       12      9       12      18      14      14      17      11      
-1      4       8       10      20      20      17      16      11      0       3       7       10      10      7       10      15      11      11      14      8       
-1      15      19      21      17      19      18      13      8       11      0       4       7       7       4       7       15      19      22      25      19      
-1      11      15      17      13      15      14      9       4       7       10      0       3       8       5       8       16      18      18      21      15      
-1      14      18      20      16      18      17      12      7       10      13      3       0       11      8       11      19      21      21      24      18      
-1      16      20      22      18      20      19      14      9       12      15      5       2       0       3       6       14      18      23      26      20      
-1      19      18      22      21      23      22      17      12      15      18      8       5       3       0       3       11      15      26      29      23      
-1      19      15      19      24      26      25      20      15      18      21      11      8       6       3       0       8       12      26      29      23      
-1      11      7       11      27      21      18      23      23      26      18      19      16      14      11      8       0       4       18      21      15      
-1      7       3       7       23      17      14      19      22      25      14      18      20      18      15      12      4       0       14      17      11      
-1      11      7       11      23      21      18      19      14      17      6       10      13      13      10      7       8       4       0       3       3       
-1      23      19      23      28      30      29      24      19      22      25      15      12      10      7       4       12      16      30      0       27      
-1      14      10      14      20      22      21      16      11      14      3       7       10      10      7       10      11      7       3       6       0       
tasks dist:
              N1<1,1>       N14<14,14>    N16<16,16>    N19<19,19>    N2<2,2>       N18<18,18>    N4<4,4>       N5<5,5>       N7<7,7>       N8<8,8>       A1<19,15>     A2<3,6>       A3<1,20>      A4<4,1>       A5<9,1>       A6<20,10>     A7<4,5>       A8<8,9>       A9<10,11>     A10<9,10>     A11<10,14>    A12<13,12>    E1<16,17>     E2<2,17>      E3<2,3>       E4<6,7>       E5<14,15>     E6<13,15>     E7<13,14>     E8<11,12>     E1<17,16>     E2<17,2>      E3<3,2>       E4<7,6>       E5<15,14>     E6<15,13>     E7<14,13>     E8<12,11>     
N1<1,1>       0             11            11            10            4             7             22            16            18            15            10            6             0             22            18            4             22            15            7             18            7             14            11            4             4             13            11            14            14            11            7             7             6             18            14            14            11            14            
N14<14,14>    19            0             11            29            18            26            21            23            17            12            29            22            19            21            15            23            21            12            18            15            18            3             11            18            18            22            0             3             3             8             15            15            22            17            3             3             0             5             
N16<16,16>    11            11            0             21            7             18            27            21            23            23            21            11            11            27            26            15            27            23            18            26            18            14            0             7             7             18            11            14            14            19            4             4             11            23            8             8             11            16            
N19<19,19>    23            7             12            0             19            30            28            30            24            19            0             23            23            28            22            27            28            19            25            22            25            10            12            19            19            29            7             10            10            15            16            16            23            24            4             4             7             12            
N2<2,2>       4             15            7             14            0             11            20            14            16            19            14            4             4             20            22            8             20            19            11            22            11            18            7             0             0             11            15            18            18            15            3             3             4             16            15            15            15            18            
N18<18,18>    11            10            8             3             7             0             23            21            19            14            3             11            11            23            17            3             23            14            6             17            6             13            8             7             7             18            10            13            13            10            4             4             11            19            7             7             10            13            
N4<4,4>       3             14            14            13            7             10            0             2             10            15            13            9             3             0             18            7             0             15            10            18            10            17            14            7             7             5             14            17            17            14            10            10            9             10            17            17            14            17            
N5<5,5>       15            22            26            25            19            22            12            0             8             13            25            21            15            12            16            19            12            13            19            16            19            25            26            19            19            3             22            25            25            17            22            22            21            8             25            25            22            20            
N7<7,7>       7             14            18            17            11            14            4             6             0             5             17            13            7             4             8             11            4             5             11            8             11            17            18            11            11            5             14            17            17            9             14            14            13            0             17            17            14            12            
N8<8,8>       7             9             18            17            11            14            9             11            5             0             17            13            7             9             3             11            9             0             6             3             6             12            18            11            11            10            9             12            12            4             14            14            13            5             12            12            9             7             
A1<19,15>     19            3             8             29            15            26            24            26            20            15            29            19            19            24            18            23            24            15            21            18            21            6             8             15            15            25            3             6             6             11            12            12            19            20            0             0             3             8             
A2<3,6>       12            19            23            22            16            19            9             3             5             10            22            18            12            9             13            16            9             10            16            13            16            22            23            16            16            0             19            22            22            14            19            19            18            5             22            22            19            17            
A3<1,20>      14            7             11            6             10            3             20            22            16            11            6             14            14            20            14            0             20            11            3             14            3             10            11            10            10            21            7             10            10            7             7             7             14            16            10            10            7             10            
A4<4,1>       0             11            11            10            4             7             22            16            18            15            10            6             0             22            18            4             22            15            7             18            7             14            11            4             4             13            11            14            14            11            7             7             6             18            14            14            11            14            
A5<9,1>       0             11            11            10            4             7             22            16            18            15            10            6             0             22            18            4             22            15            7             18            7             14            11            4             4             13            11            14            14            11            7             7             6             18            14            14            11            14            
A6<20,10>     15            4             15            25            19            22            17            19            13            8             25            21            15            17            11            19            17            8             0             11            0             7             15            19            19            18            4             7             7             4             19            19            21            13            7             7             4             7             
A7<4,5>       15            22            26            25            19            22            12            0             8             13            25            21            15            12            16            19            12            13            19            16            19            25            26            19            19            3             22            25            25            17            22            22            21            8             25            25            22            20            
A8<8,9>       4             7             15            14            8             11            20            20            16            11            14            10            4             20            0             8             20            11            3             0             3             10            15            8             8             17            7             10            10            7             11            11            10            16            10            10            7             10            
A9<10,11>     11            5             16            21            15            18            13            15            9             4             21            17            11            13            7             15            13            4             10            7             10            8             16            15            15            14            5             8             8             0             18            18            17            9             8             8             5             3             
A10<9,10>     15            4             15            25            19            22            17            19            13            8             25            21            15            17            11            19            17            8             0             11            0             7             15            19            19            18            4             7             7             4             19            19            21            13            7             7             4             7             
A11<10,14>    19            0             11            29            18            26            21            23            17            12            29            22            19            21            15            23            21            12            18            15            18            3             11            18            18            22            0             3             3             8             15            15            22            17            3             3             0             5             
A12<13,12>    14            8             19            24            18            21            16            18            12            7             24            20            14            16            10            18            16            7             13            10            13            11            19            18            18            17            8             11            11            3             21            21            20            12            11            11            8             0             
E1<16,17>     7             15            4             17            3             14            23            17            19            22            17            7             7             23            25            11            23            22            14            25            14            18            4             3             3             14            15            18            18            18            0             0             7             19            12            12            15            20            
E2<2,17>      7             15            4             17            3             14            23            17            19            22            17            7             7             23            25            11            23            22            14            25            14            18            4             3             3             14            15            18            18            18            0             0             7             19            12            12            15            20            
E3<2,3>       6             17            11            16            4             13            16            10            12            17            16            0             6             16            20            10            16            17            13            20            13            20            11            4             4             7             17            20            20            17            7             7             0             12            19            19            17            20            
E4<6,7>       7             14            18            17            11            14            4             6             0             5             17            13            7             4             8             11            4             5             11            8             11            17            18            11            11            5             14            17            17            9             14            14            13            0             17            17            14            12            
E5<14,15>     19            3             8             29            15            26            24            26            20            15            29            19            19            24            18            23            24            15            21            18            21            6             8             15            15            25            3             6             6             11            12            12            19            20            0             0             3             8             
E6<13,15>     19            3             8             29            15            26            24            26            20            15            29            19            19            24            18            23            24            15            21            18            21            6             8             15            15            25            3             6             6             11            12            12            19            20            0             0             3             8             
E7<13,14>     19            0             11            29            18            26            21            23            17            12            29            22            19            21            15            23            21            12            18            15            18            3             11            18            18            22            0             3             3             8             15            15            22            17            3             3             0             5             
E8<11,12>     14            8             19            24            18            21            16            18            12            7             24            20            14            16            10            18            16            7             13            10            13            11            19            18            18            17            8             11            11            3             21            21            20            12            11            11            8             0             
E1<17,16>     11            11            0             21            7             18            27            21            23            23            21            11            11            27            26            15            27            23            18            26            18            14            0             7             7             18            11            14            14            19            4             4             11            23            8             8             11            16            
E2<17,2>      4             15            7             14            0             11            20            14            16            19            14            4             4             20            22            8             20            19            11            22            11            18            7             0             0             11            15            18            18            15            3             3             4             16            15            15            15            18            
E3<3,2>       4             15            7             14            0             11            20            14            16            19            14            4             4             20            22            8             20            19            11            22            11            18            7             0             0             11            15            18            18            15            3             3             4             16            15            15            15            18            
E4<7,6>       12            19            23            22            16            19            9             3             5             10            22            18            12            9             13            16            9             10            16            13            16            22            23            16            16            0             19            22            22            14            19            19            18            5             22            22            19            17            
E5<15,14>     19            0             11            29            18            26            21            23            17            12            29            22            19            21            15            23            21            12            18            15            18            3             11            18            18            22            0             3             3             8             15            15            22            17            3             3             0             5             
E6<15,13>     16            3             14            26            20            23            18            20            14            9             26            22            16            18            12            20            18            9             15            12            15            0             14            20            20            19            3             0             0             5             18            18            22            14            6             6             3             2             
E7<14,13>     16            3             14            26            20            23            18            20            14            9             26            22            16            18            12            20            18            9             15            12            15            0             14            20            20            19            3             0             0             5             18            18            22            14            6             6             3             2             
E8<12,11>     11            5             16            21            15            18            13            15            9             4             21            17            11            13            7             15            13            4             10            7             10            8             16            15            15            14            5             8             8             0             18            18            17            9             8             8             5             3             
