Data =>
	instName=TWs3
	optimalValue=-1
	vehicles=-1
	capacity=160
	depotNode=1
	nodes=140
	arcs=88
	edges=102
	requiredN=46
	requiredA=44
	requiredE=57
0		-1		-1		-1		-1		-1		-1		-1		-1		-1		-1		-1		-1		-1		-1		-1		-1		-1		-1		-1		-1		-1		-1		-1		-1		-1		-1		-1		-1		-1		-1		-1		-1		-1		-1		-1		-1		-1		-1		-1		-1		-1		-1		-1		-1		-1		-1		-1		-1		-1		-1		-1		-1		-1		-1		-1		-1		-1		-1		-1		-1		-1		-1		-1		-1		-1		-1		-1		-1		-1		-1		-1		-1		-1		-1		-1		-1		-1		-1		-1		-1		-1		-1		-1		-1		-1		-1		-1		-1		-1		-1		-1		-1		-1		-1		-1		-1		-1		-1		-1		-1		-1		-1		-1		-1		-1		-1		-1		-1		-1		-1		-1		-1		-1		-1		-1		-1		-1		-1		-1		-1		-1		-1		-1		-1		-1		-1		-1		-1		-1		-1		-1		-1		-1		-1		-1		-1		-1		-1		-1		-1		
-1		0		64		340		233		523		497		518		487		520		508		439		464		476		494		495		488		482		490		496		498		556		508		550		518		508		530		489		472		467		477		518		505		415		353		406		402		382		427		467		449		437		382		366		335		349		371		378		451		461		459		533		521		509		503		495		491		442		422		382		364		413		456		463		472		487		295		262		253		266		433		272		281		299		296		370		323		387		402		252		240		250		224		234		227		237		141		137		174		188		186		193		198		488		505		554		562		579		582		555		522		272		255		213		276		235		220		192		217		320		184		191		171		167		155		28		18		48		97		144		130		114		122		137		166		169		262		277		299		288		297		236		242		235		225		239		194		223		189		402		485		
-1		53		0		308		201		491		465		486		455		488		476		407		432		444		462		463		456		450		458		464		466		524		476		518		486		476		498		457		440		435		445		486		473		383		321		374		370		350		395		435		417		405		350		334		303		317		339		346		419		429		427		501		489		477		471		463		459		410		390		350		332		381		424		431		440		455		263		230		221		234		401		240		249		267		264		338		291		355		370		220		208		218		192		202		195		205		109		105		142		156		154		161		166		456		473		522		530		547		550		523		490		240		223		181		244		203		188		160		185		288		152		159		139		135		123		36		35		16		65		112		98		82		90		105		134		137		230		245		267		256		265		204		210		203		193		207		162		191		157		370		453		
-1		225		204		0		156		663		637		658		627		660		648		579		604		616		634		635		628		622		630		636		638		696		648		690		658		648		670		629		612		607		617		658		645		555		493		546		542		522		567		607		589		577		522		506		475		489		511		518		591		601		599		673		661		649		643		635		631		582		562		522		504		553		596		603		612		627		435		402		393		406		573		412		421		439		436		510		463		527		542		392		380		390		364		374		367		377		281		277		314		328		326		333		338		628		645		694		702		719		722		695		662		412		395		353		416		375		360		332		357		460		324		331		311		307		295		208		207		188		237		164		150		254		262		118		89		150		78		63		41		64		113		217		223		216		206		220		175		204		170		542		625		
-1		203		182		299		0		641		615		636		605		638		626		557		582		594		612		613		606		600		608		614		616		674		626		668		636		626		648		607		590		585		595		636		623		533		471		524		520		500		545		585		567		555		500		484		453		467		489		496		569		579		577		651		639		627		621		613		609		560		540		500		482		531		574		581		590		605		413		380		371		384		551		390		399		417		414		488		441		505		520		370		358		368		342		352		345		355		259		255		292		306		304		311		316		606		623		672		680		697		700		673		640		390		373		331		394		353		338		310		335		438		302		309		289		285		273		186		185		166		215		142		128		232		240		96		67		128		221		236		258		247		256		195		201		194		184		198		153		182		148		520		603		
-1		601		580		758		651		0		26		47		36		165		153		84		109		121		139		140		133		127		135		141		143		201		153		218		163		153		198		134		140		145		145		186		173		197		454		507		503		483		528		568		550		538		483		467		436		450		472		479		259		269		267		341		329		317		311		307		311		360		353		313		317		282		374		381		390		341		411		444		453		372		364		373		382		400		397		471		424		488		503		515		534		524		551		541		564		574		559		555		592		606		604		480		593		406		423		472		480		497		500		473		440		427		444		577		465		471		486		514		524		627		540		547		527		531		543		579		583		564		515		562		548		532		540		555		584		587		680		695		717		706		715		654		660		653		643		657		612		641		607		210		293		
-1		575		554		732		625		26		0		21		10		139		127		58		83		95		113		114		107		101		109		115		117		175		127		192		137		127		172		108		114		119		119		160		147		171		428		481		477		457		502		542		524		512		457		441		410		424		446		453		233		243		241		315		303		291		285		281		285		334		327		287		291		256		348		355		364		315		385		418		427		346		338		347		356		374		371		445		398		462		477		489		508		498		525		515		538		548		533		529		566		580		578		454		567		380		397		446		454		471		474		447		414		401		418		551		439		445		460		488		498		601		514		521		501		505		517		553		557		538		489		536		522		506		514		529		558		561		654		669		691		680		689		628		634		627		617		631		586		615		581		184		267		
-1		596		575		753		646		47		21		0		31		160		148		79		104		116		134		135		128		122		130		136		138		196		148		213		158		148		193		129		135		140		140		181		168		192		449		502		498		478		523		563		545		533		478		462		431		445		467		474		254		264		262		336		324		312		306		302		306		355		348		308		312		277		369		376		385		336		406		439		448		367		359		368		377		395		392		466		419		483		498		510		529		519		546		536		559		569		554		550		587		601		599		475		588		401		418		467		475		492		495		468		435		422		439		572		460		466		481		509		519		622		535		542		522		526		538		574		578		559		510		557		543		527		535		550		579		582		675		690		712		701		710		649		655		648		638		652		607		636		602		205		288		
-1		565		544		722		615		36		10		31		0		129		117		48		73		85		103		104		97		91		99		105		107		165		117		182		127		117		162		98		104		109		109		150		137		161		418		471		467		447		492		532		514		502		447		431		400		414		436		443		223		233		231		305		293		281		275		271		275		324		317		277		281		246		338		345		354		305		375		408		417		336		328		337		346		364		361		435		388		452		467		479		498		488		515		505		528		538		523		519		556		570		568		444		557		370		387		436		444		461		464		437		404		391		408		541		429		435		450		478		488		591		504		511		491		495		507		543		547		528		479		526		512		496		504		519		548		551		644		659		681		670		679		618		624		617		607		621		576		605		571		174		257		
-1		602		581		759		652		73		47		68		37		0		154		85		110		122		140		141		134		128		136		142		144		202		154		219		164		154		199		135		141		146		146		187		174		198		455		508		504		484		529		569		551		539		484		468		437		451		473		480		260		270		268		342		330		318		312		308		312		361		354		314		318		283		375		382		391		342		412		445		454		373		365		374		383		401		398		472		425		489		504		516		535		525		552		542		565		575		560		556		593		607		605		481		594		407		424		473		481		498		501		474		441		428		445		578		466		472		487		515		525		628		541		548		528		532		544		580		584		565		516		563		549		533		541		556		585		588		681		696		718		707		716		655		661		654		644		658		613		642		608		211		294		
-1		614		593		771		664		85		59		80		49		12		0		97		60		48		66		13		60		42		34		28		94		152		104		183		127		166		203		147		153		158		158		199		186		210		467		520		516		496		541		581		563		551		496		480		449		463		485		492		272		282		280		354		342		330		324		320		324		373		366		326		330		295		387		394		403		354		424		457		466		385		377		386		395		413		410		484		437		501		516		528		547		537		564		554		577		587		572		568		605		619		617		493		606		419		436		485		493		510		513		486		453		440		457		590		478		484		499		527		537		640		553		560		540		544		556		592		596		577		528		575		561		545		553		568		597		600		693		708		730		719		728		667		673		666		656		670		625		654		620		223		306		
-1		517		496		674		567		84		58		79		48		81		69		0		25		37		55		56		49		43		51		57		59		117		69		134		79		69		114		50		56		61		61		102		89		113		370		423		419		399		444		484		466		454		399		383		352		366		388		395		175		185		183		257		245		233		227		223		227		276		269		229		233		198		290		297		306		257		327		360		369		288		280		289		298		316		313		387		340		404		419		431		450		440		467		457		480		490		475		471		508		522		520		396		509		322		339		388		396		413		416		389		356		343		360		493		381		387		402		430		440		543		456		463		443		447		459		495		499		480		431		478		464		448		456		471		500		503		596		611		633		622		631		570		576		569		559		573		528		557		523		126		209		
-1		658		637		815		708		129		103		124		93		56		44		141		0		12		30		31		24		18		26		32		34		92		44		123		67		191		143		191		197		202		202		243		230		254		511		564		560		540		585		625		607		595		540		524		493		507		529		536		316		326		324		398		386		374		368		364		368		417		410		370		374		339		431		438		447		398		468		501		510		429		421		430		439		457		454		528		481		545		560		572		591		581		608		598		621		631		616		612		649		663		661		537		650		463		480		529		537		554		557		530		497		484		501		634		522		528		543		571		581		684		597		604		584		588		600		636		640		621		572		619		605		589		597		612		641		644		737		752		774		763		772		711		717		710		700		714		669		698		664		267		350		
-1		646		625		803		696		117		91		112		81		44		32		129		12		0		18		19		12		6		14		20		46		104		56		135		79		198		155		179		185		190		190		231		218		242		499		552		548		528		573		613		595		583		528		512		481		495		517		524		304		314		312		386		374		362		356		352		356		405		398		358		362		327		419		426		435		386		456		489		498		417		409		418		427		445		442		516		469		533		548		560		579		569		596		586		609		619		604		600		637		651		649		525		638		451		468		517		525		542		545		518		485		472		489		622		510		516		531		559		569		672		585		592		572		576		588		624		628		609		560		607		593		577		585		600		629		632		725		740		762		751		760		699		705		698		688		702		657		686		652		255		338		
-1		664		643		821		714		135		109		130		99		62		50		147		30		18		0		37		30		24		32		38		64		122		74		153		97		216		173		197		203		208		208		249		236		260		517		570		566		546		591		631		613		601		546		530		499		513		535		542		322		332		330		404		392		380		374		370		374		423		416		376		380		345		437		444		453		404		474		507		516		435		427		436		445		463		460		534		487		551		566		578		597		587		614		604		627		637		622		618		655		669		667		543		656		469		486		535		543		560		563		536		503		490		507		640		528		534		549		577		587		690		603		610		590		594		606		642		646		627		578		625		611		595		603		618		647		650		743		758		780		769		778		717		723		716		706		720		675		704		670		273		356		
-1		627		606		784		677		98		72		93		62		25		13		110		73		61		79		0		73		55		47		41		107		165		117		196		140		179		216		160		166		171		171		212		199		223		480		533		529		509		554		594		576		564		509		493		462		476		498		505		285		295		293		367		355		343		337		333		337		386		379		339		343		308		400		407		416		367		437		470		479		398		390		399		408		426		423		497		450		514		529		541		560		550		577		567		590		600		585		581		618		632		630		506		619		432		449		498		506		523		526		499		466		453		470		603		491		497		512		540		550		653		566		573		553		557		569		605		609		590		541		588		574		558		566		581		610		613		706		721		743		732		741		680		686		679		669		683		638		667		633		236		319		
-1		635		614		792		685		106		80		101		70		33		21		118		81		69		87		8		0		63		55		49		115		173		125		204		148		187		224		168		174		179		179		220		207		231		488		541		537		517		562		602		584		572		517		501		470		484		506		513		293		303		301		375		363		351		345		341		345		394		387		347		351		316		408		415		424		375		445		478		487		406		398		407		416		434		431		505		458		522		537		549		568		558		585		575		598		608		593		589		626		640		638		514		627		440		457		506		514		531		534		507		474		461		478		611		499		505		520		548		558		661		574		581		561		565		577		613		617		598		549		596		582		566		574		589		618		621		714		729		751		740		749		688		694		687		677		691		646		675		641		244		327		
-1		640		619		797		690		111		85		106		75		38		26		123		18		6		24		13		18		0		8		14		52		110		62		141		85		192		161		173		179		184		184		225		212		236		493		546		542		522		567		607		589		577		522		506		475		489		511		518		298		308		306		380		368		356		350		346		350		399		392		352		356		321		413		420		429		380		450		483		492		411		403		412		421		439		436		510		463		527		542		554		573		563		590		580		603		613		598		594		631		645		643		519		632		445		462		511		519		536		539		512		479		466		483		616		504		510		525		553		563		666		579		586		566		570		582		618		622		603		554		601		587		571		579		594		623		626		719		734		756		745		754		693		699		692		682		696		651		680		646		249		332		
-1		648		627		805		698		119		93		114		83		46		34		131		26		14		32		21		26		8		0		6		60		118		70		149		93		200		169		181		187		192		192		233		220		244		501		554		550		530		575		615		597		585		530		514		483		497		519		526		306		316		314		388		376		364		358		354		358		407		400		360		364		329		421		428		437		388		458		491		500		419		411		420		429		447		444		518		471		535		550		562		581		571		598		588		611		621		606		602		639		653		651		527		640		453		470		519		527		544		547		520		487		474		491		624		512		518		533		561		571		674		587		594		574		578		590		626		630		611		562		609		595		579		587		602		631		634		727		742		764		753		762		701		707		700		690		704		659		688		654		257		340		
-1		654		633		811		704		125		99		120		89		52		40		137		32		20		38		27		32		14		6		0		66		124		76		155		99		206		175		187		193		198		198		239		226		250		507		560		556		536		581		621		603		591		536		520		489		503		525		532		312		322		320		394		382		370		364		360		364		413		406		366		370		335		427		434		443		394		464		497		506		425		417		426		435		453		450		524		477		541		556		568		587		577		604		594		617		627		612		608		645		659		657		533		646		459		476		525		533		550		553		526		493		480		497		630		518		524		539		567		577		680		593		600		580		584		596		632		636		617		568		615		601		585		593		608		637		640		733		748		770		759		768		707		713		706		696		710		665		694		660		263		346		
-1		643		622		800		693		163		137		158		127		90		78		175		34		46		64		65		58		52		60		66		0		58		10		89		33		157		109		176		182		187		187		228		215		239		496		549		545		525		570		610		592		580		525		509		478		492		514		521		301		311		309		383		371		359		353		349		353		402		395		355		359		324		416		423		432		383		453		486		495		414		406		415		424		442		439		513		466		530		545		557		576		566		593		583		606		616		601		597		634		648		646		522		635		448		465		514		522		539		542		515		482		469		486		619		507		513		528		556		566		669		582		589		569		573		585		621		625		606		557		604		590		574		582		597		626		629		722		737		759		748		757		696		702		695		685		699		654		683		649		252		335		
-1		701		680		858		751		221		195		216		185		148		136		233		92		104		122		123		116		110		118		124		58		0		68		147		91		215		167		234		240		245		245		286		273		297		554		607		603		583		628		668		650		638		583		567		536		550		572		579		359		369		367		441		429		417		411		407		411		460		453		413		417		382		474		481		490		441		511		544		553		472		464		473		482		500		497		571		524		588		603		615		634		624		651		641		664		674		659		655		692		706		704		580		693		506		523		572		580		597		600		573		540		527		544		677		565		571		586		614		624		727		640		647		627		631		643		679		683		664		615		662		648		632		640		655		684		687		780		795		817		806		815		754		760		753		743		757		712		741		707		310		393		
-1		653		632		810		703		173		147		168		137		100		88		185		44		56		74		75		68		62		70		76		10		68		0		99		43		167		119		186		192		197		197		238		225		249		506		559		555		535		580		620		602		590		535		519		488		502		524		531		311		321		319		393		381		369		363		359		363		412		405		365		369		334		426		433		442		393		463		496		505		424		416		425		434		452		449		523		476		540		555		567		586		576		603		593		616		626		611		607		644		658		656		532		645		458		475		524		532		549		552		525		492		479		496		629		517		523		538		566		576		679		592		599		579		583		595		631		635		616		567		614		600		584		592		607		636		639		732		747		769		758		767		706		712		705		695		709		664		693		659		262		345		
-1		554		533		711		604		221		195		216		185		203		191		137		147		159		177		178		171		165		173		179		113		55		123		0		78		68		20		87		93		98		98		139		126		150		407		460		456		436		481		521		503		491		436		420		389		403		425		432		212		222		220		294		282		270		264		260		264		313		306		266		270		235		327		334		343		294		364		397		406		325		317		326		335		353		350		424		377		441		456		468		487		477		504		494		517		527		512		508		545		559		557		433		546		359		376		425		433		450		453		426		393		380		397		530		418		424		439		467		477		580		493		500		480		484		496		532		536		517		468		515		501		485		493		508		537		540		633		648		670		659		668		607		613		606		596		610		565		594		560		163		246		
-1		610		589		767		660		277		251		272		241		259		247		193		203		215		233		234		227		221		229		235		169		111		179		56		0		124		76		143		149		154		154		195		182		206		463		516		512		492		537		577		559		547		492		476		445		459		481		488		268		278		276		350		338		326		320		316		320		369		362		322		326		291		383		390		399		350		420		453		462		381		373		382		391		409		406		480		433		497		512		524		543		533		560		550		573		583		568		564		601		615		613		489		602		415		432		481		489		506		509		482		449		436		453		586		474		480		495		523		533		636		549		556		536		540		552		588		592		573		524		571		557		541		549		564		593		596		689		704		726		715		724		663		669		662		652		666		621		650		616		219		302		
-1		486		465		643		536		153		127		148		117		150		138		69		94		106		124		125		118		112		120		126		128		121		138		66		10		0		83		19		25		30		30		71		58		82		339		392		388		368		413		453		435		423		368		352		321		335		357		364		144		154		152		226		214		202		196		192		196		245		238		198		202		167		259		266		275		226		296		329		338		257		249		258		267		285		282		356		309		373		388		400		419		409		436		426		449		459		444		440		477		491		489		365		478		291		308		357		365		382		385		358		325		312		329		462		350		356		371		399		409		512		425		432		412		416		428		464		468		449		400		447		433		417		425		440		469		472		565		580		602		591		600		539		545		538		528		542		497		526		492		95		178		
-1		534		513		691		584		201		175		196		165		198		186		117		142		154		172		173		166		160		168		174		133		75		143		20		58		48		0		67		73		78		78		119		106		130		387		440		436		416		461		501		483		471		416		400		369		383		405		412		192		202		200		274		262		250		244		240		244		293		286		246		250		215		307		314		323		274		344		377		386		305		297		306		315		333		330		404		357		421		436		448		467		457		484		474		497		507		492		488		525		539		537		413		526		339		356		405		413		430		433		406		373		360		377		510		398		404		419		447		457		560		473		480		460		464		476		512		516		497		448		495		481		465		473		488		517		520		613		628		650		639		648		587		593		586		576		590		545		574		540		143		226		
-1		467		446		624		517		134		108		129		98		131		119		50		75		87		105		106		99		93		101		107		109		139		119		84		29		19		64		0		6		11		11		52		39		63		320		373		369		349		394		434		416		404		349		333		302		316		338		345		125		135		133		207		195		183		177		173		177		226		219		179		183		148		240		247		256		207		277		310		319		238		230		239		248		266		263		337		290		354		369		381		400		390		417		407		430		440		425		421		458		472		470		346		459		272		289		338		346		363		366		339		306		293		310		443		331		337		352		380		390		493		406		413		393		397		409		445		449		430		381		428		414		398		406		421		450		453		546		561		583		572		581		520		526		519		509		523		478		507		473		76		159		
-1		461		440		618		511		165		139		160		129		162		150		81		106		118		136		137		130		124		132		138		140		133		150		78		116		106		58		125		0		5		5		46		33		57		314		367		363		343		388		428		410		398		343		327		296		310		332		339		119		129		127		201		189		177		171		167		171		220		213		173		177		142		234		241		250		201		271		304		313		232		224		233		242		260		257		331		284		348		363		375		394		384		411		401		424		434		419		415		452		466		464		340		453		266		283		332		340		357		360		333		300		287		304		437		325		331		346		374		384		487		400		407		387		391		403		439		443		424		375		422		408		392		400		415		444		447		540		555		577		566		575		514		520		513		503		517		472		501		467		70		153		
-1		456		435		613		506		160		134		155		124		157		145		76		101		113		131		132		125		119		127		133		135		138		145		83		121		111		63		126		5		0		10		51		38		52		309		362		358		338		383		423		405		393		338		322		291		305		327		334		114		124		122		196		184		172		166		162		166		215		208		168		172		137		229		236		245		196		266		299		308		227		219		228		237		255		252		326		279		343		358		370		389		379		406		396		419		429		414		410		447		461		459		335		448		261		278		327		335		352		355		328		295		282		299		432		320		326		341		369		379		482		395		402		382		386		398		434		438		419		370		417		403		387		395		410		439		442		535		550		572		561		570		509		515		508		498		512		467		496		462		65		148		
-1		587		566		744		637		254		228		249		218		251		239		170		195		207		225		226		219		213		221		227		186		128		196		73		111		101		53		120		126		131		0		41		28		183		440		493		489		469		514		554		536		524		469		453		422		436		458		465		245		255		253		327		315		303		297		293		297		346		339		299		303		268		360		367		376		327		397		430		439		358		350		359		368		386		383		457		410		474		489		501		520		510		537		527		550		560		545		541		578		592		590		466		579		392		409		458		466		483		486		459		426		413		430		563		451		457		472		500		510		613		526		533		513		517		529		565		569		550		501		548		534		518		526		541		570		573		666		681		703		692		701		640		646		639		629		643		598		627		593		196		279		
-1		546		525		703		596		213		187		208		177		210		198		129		154		166		184		185		178		172		180		186		145		87		155		32		70		60		12		79		85		90		41		0		69		142		399		452		448		428		473		513		495		483		428		412		381		395		417		424		204		214		212		286		274		262		256		252		256		305		298		258		262		227		319		326		335		286		356		389		398		317		309		318		327		345		342		416		369		433		448		460		479		469		496		486		509		519		504		500		537		551		549		425		538		351		368		417		425		442		445		418		385		372		389		522		410		416		431		459		469		572		485		492		472		476		488		524		528		509		460		507		493		477		485		500		529		532		625		640		662		651		660		599		605		598		588		602		557		586		552		155		238		
-1		615		594		772		665		282		256		277		246		279		267		198		223		235		253		254		247		241		249		255		214		156		224		101		139		129		81		148		154		159		28		69		0		211		468		521		517		497		542		582		564		552		497		481		450		464		486		493		273		283		281		355		343		331		325		321		325		374		367		327		331		296		388		395		404		355		425		458		467		386		378		387		396		414		411		485		438		502		517		529		548		538		565		555		578		588		573		569		606		620		618		494		607		420		437		486		494		511		514		487		454		441		458		591		479		485		500		528		538		641		554		561		541		545		557		593		597		578		529		576		562		546		554		569		598		601		694		709		731		720		729		668		674		667		657		671		626		655		621		224		307		
-1		404		383		561		454		108		82		103		72		105		93		24		49		61		79		80		73		67		75		81		83		141		93		135		103		93		115		74		57		52		62		103		90		0		257		310		306		286		331		371		353		341		286		270		239		253		275		282		62		72		70		144		132		120		114		110		114		163		156		116		120		85		177		184		193		144		214		247		256		175		167		176		185		203		200		274		227		291		306		318		337		327		354		344		367		377		362		358		395		409		407		283		396		209		226		275		283		300		303		276		243		230		247		380		268		274		289		317		327		430		343		350		330		334		346		382		386		367		318		365		351		335		343		358		387		390		483		498		520		509		518		457		463		456		446		460		415		444		410		13		96		
-1		338		317		495		388		170		144		165		134		167		155		86		111		123		141		142		135		129		137		143		145		203		155		197		165		155		177		136		119		114		124		165		152		62		0		59		63		65		88		128		110		98		65		49		18		4		54		61		98		108		106		180		168		156		150		146		146		97		77		37		19		68		111		118		127		142		148		181		190		96		88		97		106		112		107		127		80		70		85		97		116		106		133		123		146		156		176		180		209		223		221		217		175		143		160		209		217		234		237		210		177		164		181		314		202		208		223		251		261		364		277		284		264		268		280		316		320		301		252		299		285		269		277		292		321		324		417		432		454		443		452		391		397		390		380		394		349		378		344		49		132		
-1		397		376		554		447		229		203		224		193		226		214		145		170		182		200		201		194		188		196		202		204		262		214		256		224		214		236		195		178		173		183		224		211		121		59		0		4		17		29		69		51		39		124		108		77		63		113		120		157		167		165		239		227		215		209		205		205		156		136		96		78		127		170		177		186		201		207		240		249		155		147		156		165		171		166		186		139		129		144		156		175		165		192		182		205		215		235		239		268		282		280		276		234		202		219		268		276		293		296		269		236		223		240		373		261		267		282		310		320		423		336		343		323		327		339		375		379		360		311		358		344		328		336		351		380		383		476		491		513		502		511		450		456		449		439		453		408		437		403		108		191		
-1		401		380		558		451		233		207		228		197		230		218		149		174		186		204		205		198		192		200		206		208		266		218		260		228		218		240		199		182		177		187		228		215		125		63		4		0		20		25		65		47		35		128		112		81		67		117		124		161		171		169		243		231		219		213		209		209		160		140		100		82		131		174		181		190		205		211		244		253		159		151		160		169		175		170		190		143		133		148		160		179		169		196		186		209		219		239		243		272		286		284		280		238		206		223		272		280		297		300		273		240		227		244		377		265		271		286		314		324		427		340		347		327		331		343		379		383		364		315		362		348		332		340		355		384		387		480		495		517		506		515		454		460		453		443		457		412		441		407		112		195		
-1		421		400		578		471		253		227		248		217		250		238		169		194		206		224		225		218		212		220		226		228		286		238		280		248		238		260		219		202		197		207		248		235		145		83		24		20		0		45		85		67		55		148		132		101		87		137		144		181		191		189		263		251		239		233		229		229		180		160		120		102		151		194		201		210		225		231		264		273		179		171		180		189		195		190		210		163		153		168		180		199		189		216		206		229		239		259		263		292		306		304		300		258		226		243		292		300		317		320		293		260		247		264		397		285		291		306		334		344		447		360		367		347		351		363		399		403		384		335		382		368		352		360		375		404		407		500		515		537		526		535		474		480		473		463		477		432		461		427		132		215		
-1		418		397		575		468		258		232		253		222		255		243		174		199		211		229		230		223		217		225		231		233		291		243		285		253		243		265		224		207		202		212		253		240		150		88		29		25		45		0		40		22		10		113		118		106		92		123		109		186		196		194		268		256		244		238		234		234		185		165		125		107		156		199		206		215		230		236		269		278		184		176		185		194		181		176		196		149		139		154		166		185		175		202		192		215		225		245		249		278		292		290		297		244		231		248		297		305		322		325		298		265		252		269		402		290		296		311		339		349		452		365		372		352		356		368		401		400		381		332		379		365		349		357		372		401		404		497		512		534		523		532		471		477		470		460		474		429		458		424		137		220		
-1		424		403		581		474		264		238		259		228		261		249		180		205		217		235		236		229		223		231		237		239		297		249		291		259		249		271		230		213		208		218		259		246		156		94		35		31		51		6		0		28		16		119		124		112		98		129		115		192		202		200		274		262		250		244		240		240		191		171		131		113		162		205		212		221		236		242		275		284		190		182		191		200		187		182		202		155		145		160		172		191		181		208		198		221		231		251		255		284		298		296		303		250		237		254		303		311		328		331		304		271		258		275		408		296		302		317		345		355		458		371		378		358		362		374		407		406		387		338		385		371		355		363		378		407		410		503		518		540		529		538		477		483		476		466		480		435		464		430		143		226		
-1		420		399		577		470		280		254		275		244		277		265		196		221		233		251		252		245		239		247		253		255		313		265		307		275		265		287		246		229		224		234		275		262		172		110		51		47		67		22		18		0		12		115		120		128		114		125		111		208		218		216		290		278		266		260		256		256		207		187		147		129		178		221		228		237		252		258		291		300		206		198		207		201		183		178		198		151		141		156		168		187		177		204		194		217		227		247		251		280		294		292		299		246		253		270		319		327		344		347		320		287		274		291		424		312		318		333		361		371		474		387		394		374		378		390		403		402		383		334		381		367		351		359		374		403		406		499		514		536		525		534		473		479		472		462		476		431		460		426		159		242		
-1		408		387		565		458		268		242		263		232		265		253		184		209		221		239		240		233		227		235		241		243		301		253		295		263		253		275		234		217		212		222		263		250		160		98		39		35		55		10		30		12		0		103		108		116		102		113		99		196		206		204		278		266		254		248		244		244		195		175		135		117		166		209		216		225		240		246		279		288		194		186		195		189		171		166		186		139		129		144		156		175		165		192		182		205		215		235		239		268		282		280		287		234		241		258		307		315		332		335		308		275		262		279		412		300		306		321		349		359		462		375		382		362		366		378		391		390		371		322		369		355		339		347		362		391		394		487		502		524		513		522		461		467		460		450		464		419		448		414		147		230		
-1		305		284		462		355		270		244		265		234		267		255		186		211		223		241		242		235		229		237		243		245		303		255		297		265		255		277		236		219		214		224		265		252		162		100		41		37		17		62		102		84		72		0		5		104		104		10		17		198		208		206		280		268		256		250		246		246		197		177		137		119		168		211		218		227		242		248		253		244		101		188		95		86		68		63		83		36		26		41		53		72		62		89		79		102		112		132		136		165		179		177		184		131		243		260		309		317		334		337		310		277		264		281		335		302		308		323		314		339		442		306		313		293		289		277		288		287		268		219		266		252		236		244		259		288		291		384		399		421		410		419		358		364		357		347		361		316		345		311		149		232		
-1		300		279		457		350		269		243		264		233		266		254		185		210		222		240		241		234		228		236		242		244		302		254		296		264		254		276		235		218		213		223		264		251		161		99		40		36		16		61		101		83		71		16		0		99		103		5		12		197		207		205		279		267		255		249		245		245		196		176		136		118		167		210		217		226		241		247		248		239		96		187		90		81		63		58		78		31		21		36		48		67		57		84		74		97		107		127		131		160		174		172		179		126		242		259		308		316		333		336		309		276		263		280		330		301		307		322		309		334		437		301		308		288		284		272		283		282		263		214		261		247		231		239		254		283		286		379		394		416		405		414		353		359		352		342		356		311		340		306		148		231		
-1		331		310		488		381		188		162		183		152		185		173		104		129		141		159		160		153		147		155		161		163		221		173		215		183		173		195		154		137		132		142		183		170		80		18		71		67		47		92		132		114		102		47		31		0		14		36		43		116		126		124		198		186		174		168		160		156		107		87		47		29		78		121		128		137		152		158		191		200		106		98		107		112		94		89		109		62		52		67		79		98		88		115		105		128		138		158		162		191		205		203		210		157		153		170		219		227		244		247		220		187		174		191		324		212		218		233		261		271		374		287		294		274		278		290		314		313		294		245		292		278		262		270		285		314		317		410		425		447		436		445		384		390		383		373		387		342		371		337		67		150		
-1		334		313		491		384		174		148		169		138		171		159		90		115		127		145		146		139		133		141		147		149		207		159		201		169		159		181		140		123		118		128		169		156		66		4		63		67		61		92		132		114		102		61		45		14		0		50		57		102		112		110		184		172		160		154		146		142		93		73		33		15		64		107		114		123		138		144		177		186		92		84		93		102		108		103		123		76		66		81		93		112		102		129		119		142		152		172		176		205		219		217		213		171		139		156		205		213		230		233		206		173		160		177		310		198		204		219		247		257		360		273		280		260		264		276		312		316		297		248		295		281		265		273		288		317		320		413		428		450		439		448		387		393		386		376		390		345		374		340		53		136		
-1		295		274		452		345		274		248		269		238		271		259		190		215		227		245		246		239		233		241		247		249		307		259		301		269		259		281		240		223		218		228		269		256		166		104		45		41		21		66		106		88		76		11		5		94		108		0		7		202		212		210		284		272		260		254		250		250		201		181		141		123		172		215		222		231		246		252		243		234		91		192		85		76		58		53		73		26		16		31		43		62		52		79		69		92		102		122		126		155		169		167		174		121		247		264		313		321		338		341		314		281		268		285		325		306		312		327		304		329		432		296		303		283		279		267		278		277		258		209		256		242		226		234		249		278		281		374		389		411		400		409		348		354		347		337		351		306		335		301		153		236		
-1		309		288		466		359		274		248		269		238		271		259		190		215		227		245		246		239		233		241		247		249		307		259		301		269		259		281		240		223		218		228		269		256		166		104		45		41		21		66		106		88		76		4		9		108		108		14		0		202		212		210		284		272		260		254		250		250		201		181		141		123		172		215		222		231		246		252		257		248		105		192		99		90		72		67		87		40		30		45		57		76		66		93		83		106		116		136		140		169		183		181		188		135		247		264		313		321		338		341		314		281		268		285		339		306		312		327		318		343		446		310		317		297		293		281		292		291		272		223		270		256		240		248		263		292		295		388		403		425		414		423		362		368		361		351		365		320		349		315		153		236		
-1		342		321		499		392		365		339		360		329		362		350		281		306		318		336		337		330		324		332		338		340		398		350		392		360		350		372		331		314		309		319		360		347		257		195		248		244		224		269		309		291		279		224		208		177		191		213		220		0		10		8		82		70		58		52		48		52		101		94		54		58		23		115		122		131		82		152		185		194		113		105		114		123		141		138		212		165		229		244		256		275		265		292		282		305		315		300		296		333		347		345		221		334		147		164		213		221		238		241		214		181		168		185		318		206		212		227		255		265		368		281		288		268		272		284		320		324		305		256		303		289		273		281		296		325		328		421		436		458		447		456		395		401		394		384		398		353		382		348		244		34		
-1		332		311		489		382		355		329		350		319		352		340		271		296		308		326		327		320		314		322		328		330		388		340		382		350		340		362		321		304		299		309		350		337		247		185		238		234		214		259		299		281		269		214		198		167		181		203		210		10		0		18		72		60		48		42		38		42		91		84		44		48		13		105		112		121		72		142		175		184		103		95		104		113		131		128		202		155		219		234		246		265		255		282		272		295		305		290		286		323		337		335		211		324		137		154		203		211		228		231		204		171		158		175		308		196		202		217		245		255		358		271		278		258		262		274		310		314		295		246		293		279		263		271		286		315		318		411		426		448		437		446		385		391		384		374		388		343		372		338		234		24		
-1		350		329		507		400		373		347		368		337		370		358		289		314		326		344		345		338		332		340		346		348		406		358		400		368		358		380		339		322		317		327		368		355		265		203		256		252		232		277		317		299		287		232		216		185		199		221		228		8		18		0		90		78		66		60		56		60		109		102		62		66		31		123		130		139		90		160		193		202		121		113		122		131		149		146		220		173		237		252		264		283		273		300		290		313		323		308		304		341		355		353		229		342		155		172		221		229		246		249		222		189		176		193		326		214		220		235		263		273		376		289		296		276		280		292		328		332		313		264		311		297		281		289		304		333		336		429		444		466		455		464		403		409		402		392		406		361		390		356		252		42		
-1		380		359		537		430		403		377		398		367		400		388		319		344		356		374		375		368		362		370		376		378		436		388		430		398		388		410		369		352		347		357		398		385		295		233		286		282		262		307		347		329		317		262		246		215		229		251		258		38		48		30		0		108		96		90		86		90		139		132		92		96		61		153		160		169		120		190		223		232		151		143		152		161		179		176		250		203		267		282		294		313		303		330		320		343		353		338		334		371		385		383		259		372		185		202		251		259		276		279		252		219		206		223		356		244		250		265		293		303		406		319		326		306		310		322		358		362		343		294		341		327		311		319		334		363		366		459		474		496		485		494		433		439		432		422		436		391		420		386		282		72		
-1		392		371		549		442		415		389		410		379		412		400		331		356		368		386		387		380		374		382		388		390		448		400		442		410		400		422		381		364		359		369		410		397		307		245		298		294		274		319		359		341		329		274		258		227		241		263		270		50		60		42		12		0		108		102		98		102		151		144		104		108		73		165		172		181		132		202		235		244		163		155		164		173		191		188		262		215		279		294		306		325		315		342		332		355		365		350		346		383		397		395		271		384		197		214		263		271		288		291		264		231		218		235		368		256		262		277		305		315		418		331		338		318		322		334		370		374		355		306		353		339		323		331		346		375		378		471		486		508		497		506		445		451		444		434		448		403		432		398		294		84		
-1		404		383		561		454		427		401		422		391		424		412		343		368		380		398		399		392		386		394		400		402		460		412		454		422		412		434		393		376		371		381		422		409		319		257		310		306		286		331		371		353		341		286		270		239		253		275		282		62		72		54		24		12		0		114		110		114		163		156		116		120		85		177		184		193		144		214		247		256		175		167		176		185		203		200		274		227		291		306		318		337		327		354		344		367		377		362		358		395		409		407		283		396		209		226		275		283		300		303		276		243		230		247		380		268		274		289		317		327		430		343		350		330		334		346		382		386		367		318		365		351		335		343		358		387		390		483		498		520		509		518		457		463		456		446		460		415		444		410		306		96		
-1		304		283		461		354		354		328		349		318		351		339		270		295		307		325		326		319		313		321		327		329		387		339		381		349		339		361		320		303		298		308		349		336		246		184		237		233		213		258		298		280		268		213		197		166		180		202		209		58		48		66		72		60		48		0		10		14		63		83		92		96		61		77		84		93		44		114		147		156		102		94		103		112		130		127		201		154		218		233		245		264		254		281		271		294		304		262		258		295		309		307		183		319		109		126		175		183		200		203		176		143		130		147		280		168		174		189		217		227		330		243		250		230		234		246		282		286		267		218		265		251		235		243		258		287		290		383		398		420		409		418		357		363		356		346		360		315		344		310		233		24		
-1		294		273		451		344		344		318		339		308		341		329		260		285		297		315		316		309		303		311		317		319		377		329		371		339		329		351		310		293		288		298		339		326		236		174		227		223		203		248		288		270		258		203		187		156		170		192		199		48		38		56		62		50		38		10		0		4		53		73		82		86		51		67		74		83		34		104		137		146		92		84		93		102		120		117		191		144		208		223		235		254		244		271		261		284		294		252		248		285		299		297		173		309		99		116		165		173		190		193		166		133		120		137		270		158		164		179		207		217		320		233		240		220		224		236		272		276		257		208		255		241		225		233		248		277		280		373		388		410		399		408		347		353		346		336		350		305		334		300		223		14		
-1		290		269		447		340		340		314		335		304		337		325		256		281		293		311		312		305		299		307		313		315		373		325		367		335		325		347		306		289		284		294		335		322		232		170		223		219		199		244		284		266		254		199		183		152		166		188		195		52		42		60		66		54		42		14		4		0		49		69		86		90		55		63		70		79		30		100		133		142		88		80		89		98		116		113		187		140		204		219		231		250		240		267		257		280		290		248		244		281		295		293		169		305		95		112		161		169		186		189		162		129		116		133		266		154		160		175		203		213		316		229		236		216		220		232		268		272		253		204		251		237		221		229		244		273		276		369		384		406		395		404		343		349		342		332		346		301		330		296		219		18		
-1		241		220		398		291		291		265		286		255		288		276		207		232		244		262		263		256		250		258		264		266		324		276		318		286		276		298		257		240		235		245		286		273		183		121		174		170		150		195		235		217		205		150		134		103		117		139		146		101		91		109		115		103		91		63		53		49		0		20		60		78		91		14		21		30		45		51		84		93		39		31		40		49		67		64		138		91		155		170		182		201		191		218		208		231		241		199		195		232		246		244		120		256		46		63		112		120		137		140		113		80		67		84		217		105		111		126		154		164		267		180		187		167		171		183		219		223		204		155		202		188		172		180		195		224		227		320		335		357		346		355		294		300		293		283		297		252		281		247		170		67		
-1		261		240		418		311		271		245		266		235		268		256		187		212		224		242		243		236		230		238		244		246		304		256		298		266		256		278		237		220		215		225		266		253		163		101		154		150		130		175		215		197		185		130		114		83		97		119		126		121		111		129		135		123		111		83		73		69		20		0		40		58		71		34		41		50		65		71		104		113		19		11		20		29		47		44		118		71		135		150		162		181		171		198		188		211		221		219		215		252		266		264		140		240		66		83		132		140		157		160		133		100		87		104		237		125		131		146		174		184		287		200		207		187		191		203		239		243		224		175		222		208		192		200		215		244		247		340		355		377		366		375		314		320		313		303		317		272		301		267		150		87		
-1		301		280		458		351		311		285		306		275		308		296		227		252		264		282		283		276		270		278		284		286		344		296		338		306		296		318		277		260		255		265		306		293		203		141		194		190		170		215		255		237		225		170		154		123		137		159		166		161		151		169		175		163		151		123		113		109		60		40		0		18		31		74		81		90		105		111		144		153		59		51		60		69		87		84		158		111		175		190		202		221		211		238		228		251		261		259		255		292		306		304		180		280		106		123		172		180		197		200		173		140		127		144		277		165		171		186		214		224		327		240		247		227		231		243		279		283		264		215		262		248		232		240		255		284		287		380		395		417		406		415		354		360		353		343		357		312		341		307		190		127		
-1		319		298		476		369		329		303		324		293		326		314		245		270		282		300		301		294		288		296		302		304		362		314		356		324		314		336		295		278		273		283		324		311		221		159		212		208		188		233		273		255		243		188		172		141		155		177		184		179		169		187		193		181		169		141		131		127		78		58		18		0		49		92		99		108		123		129		162		171		77		69		78		87		105		102		176		129		193		208		220		239		229		256		246		269		279		277		273		310		324		322		198		298		124		141		190		198		215		218		191		158		145		162		295		183		189		204		232		242		345		258		265		245		249		261		297		301		282		233		280		266		250		258		273		302		305		398		413		435		424		433		372		378		371		361		375		330		359		325		208		145		
-1		332		311		489		382		342		316		337		306		339		327		258		283		295		313		314		307		301		309		315		317		375		327		369		337		327		349		308		291		286		296		337		324		234		172		225		221		201		246		286		268		256		201		185		154		168		190		197		192		182		200		206		194		182		154		144		140		91		71		31		35		0		105		112		121		136		142		175		184		90		82		91		100		118		115		189		142		206		221		233		252		242		269		259		282		292		290		286		323		337		335		211		311		137		154		203		211		228		231		204		171		158		175		308		196		202		217		245		255		358		271		278		258		262		274		310		314		295		246		293		279		263		271		286		315		318		411		426		448		437		446		385		391		384		374		388		343		372		338		221		158		
-1		227		206		384		277		305		279		300		269		302		290		221		246		258		276		277		270		264		272		278		280		338		290		332		300		290		312		271		254		249		259		300		287		197		135		188		184		164		209		249		231		219		164		148		117		131		153		160		113		103		121		127		115		103		75		65		61		14		34		74		92		105		0		7		16		31		37		70		79		53		45		54		63		81		78		152		105		169		184		196		215		205		232		222		245		255		185		181		218		232		230		106		242		32		49		98		106		123		126		99		66		53		70		203		91		97		112		140		150		253		166		173		153		157		169		205		209		190		141		188		174		158		166		181		210		213		306		321		343		332		341		280		286		279		269		283		238		267		233		184		79		
-1		226		213		391		284		312		286		307		276		309		297		228		253		265		283		284		277		271		279		285		287		345		297		339		307		297		319		278		261		256		266		307		294		204		142		195		191		171		216		256		238		226		171		155		124		138		160		167		106		96		114		120		108		96		68		58		54		21		41		81		99		109		7		0		9		24		44		77		86		60		52		61		70		88		85		159		112		176		191		203		222		212		239		229		252		262		192		188		225		239		237		113		249		25		42		91		99		116		119		92		59		46		63		196		84		90		105		133		143		246		159		166		146		150		162		198		208		197		148		195		181		165		173		188		217		220		313		328		350		339		348		287		293		286		276		290		245		274		240		191		72		
-1		229		222		400		293		321		295		316		285		318		306		237		262		274		292		293		286		280		288		294		296		354		306		348		316		306		328		287		270		265		275		316		303		213		151		204		200		180		225		265		247		235		180		164		133		147		169		176		97		87		105		111		99		87		59		49		45		30		50		90		108		100		16		9		0		15		53		86		95		69		61		70		79		97		94		168		121		185		200		212		231		221		248		238		261		271		201		197		234		248		246		122		258		28		45		94		102		119		122		95		62		49		66		199		87		93		108		136		146		249		162		169		149		153		165		201		211		206		157		204		190		174		182		197		226		229		322		337		359		348		357		296		302		295		285		299		254		283		249		200		63		
-1		320		299		477		370		370		344		365		334		367		355		286		311		323		341		342		335		329		337		343		345		403		355		397		365		355		377		336		319		314		324		365		352		262		200		253		249		229		274		314		296		284		229		213		182		196		218		225		82		72		90		96		84		72		44		34		30		79		99		116		120		85		93		100		109		0		130		163		172		118		110		119		128		146		143		217		170		234		249		261		280		270		297		287		310		320		278		274		311		325		323		199		335		125		142		191		199		216		219		192		159		146		163		296		184		190		205		233		243		346		259		266		246		250		262		298		302		283		234		281		267		251		259		274		303		306		399		414		436		425		434		373		379		372		362		376		331		360		326		249		48		
-1		190		169		347		240		294		268		289		258		291		279		210		235		247		265		266		259		253		261		267		269		327		279		321		289		279		301		260		243		238		248		289		276		186		124		177		173		153		198		238		220		208		153		137		106		120		142		149		222		232		230		304		292		280		274		266		262		213		193		153		135		184		227		234		243		258		0		33		42		37		204		43		52		70		67		141		94		158		173		185		204		194		221		211		234		244		148		144		181		195		193		69		205		259		276		325		333		350		353		326		293		28		45		178		66		72		87		115		125		228		141		148		128		132		144		173		172		153		104		151		137		121		129		144		173		176		269		284		306		295		304		243		249		242		232		246		201		230		196		173		256		
-1		223		202		380		273		261		235		256		225		258		246		177		202		214		232		233		226		220		228		234		236		294		246		288		256		246		268		227		210		205		215		256		243		153		91		144		140		120		165		205		187		175		120		104		73		87		109		116		189		199		197		271		259		247		241		233		229		180		160		120		102		151		194		201		210		225		33		0		9		4		171		10		19		37		34		108		61		125		140		152		171		161		188		178		201		211		181		177		214		228		226		102		230		226		243		292		300		317		320		293		260		61		78		211		99		105		120		148		158		261		174		181		161		165		177		206		205		186		137		184		170		154		162		177		206		209		302		317		339		328		337		276		282		275		265		279		234		263		229		140		223		
-1		232		211		389		282		270		244		265		234		267		255		186		211		223		241		242		235		229		237		243		245		303		255		297		265		255		277		236		219		214		224		265		252		162		100		153		149		129		174		214		196		184		129		113		82		96		118		125		198		208		206		280		268		256		250		242		238		189		169		129		111		160		203		210		219		234		42		9		0		13		180		19		28		46		43		117		70		134		149		161		180		170		197		187		210		220		190		186		223		237		235		111		239		235		252		301		309		326		329		302		269		70		87		220		108		114		129		157		167		270		183		190		170		174		186		215		214		195		146		193		179		163		171		186		215		218		311		326		348		337		346		285		291		284		274		288		243		272		238		149		232		
-1		400		379		557		450		257		231		252		221		254		242		173		198		210		228		229		222		216		224		230		232		290		242		284		252		242		264		223		206		201		211		252		239		149		87		140		136		116		161		201		183		171		116		100		69		83		105		112		185		195		193		267		255		243		237		229		225		176		156		116		98		147		190		197		206		221		227		260		269		0		167		6		15		33		30		104		57		121		136		148		167		157		184		174		197		207		227		231		260		274		272		279		226		222		239		288		296		313		316		289		256		243		260		393		281		287		302		330		340		443		356		363		343		347		359		383		382		363		314		361		347		331		339		354		383		386		479		494		516		505		514		453		459		452		442		456		411		440		406		136		219		
-1		272		251		429		322		260		234		255		224		257		245		176		201		213		231		232		225		219		227		233		235		293		245		287		255		245		267		226		209		204		214		255		242		152		90		143		139		119		164		204		186		174		119		103		72		86		108		115		132		122		140		146		134		122		94		84		80		31		11		51		69		82		45		52		61		76		82		115		124		8		0		9		18		36		33		107		60		124		139		151		170		160		187		177		200		210		230		226		263		277		275		151		229		77		94		143		151		168		171		144		111		98		115		248		136		142		157		185		195		298		211		218		198		202		214		250		254		235		186		233		219		203		211		226		255		258		351		366		388		377		386		325		331		324		314		328		283		312		278		139		98		
-1		394		373		551		444		251		225		246		215		248		236		167		192		204		222		223		216		210		218		224		226		284		236		278		246		236		258		217		200		195		205		246		233		143		81		134		130		110		155		195		177		165		110		94		63		77		99		106		179		189		187		261		249		237		231		223		219		170		150		110		92		141		184		191		200		215		221		254		263		6		161		0		9		27		24		98		51		115		130		142		161		151		178		168		191		201		221		225		254		268		266		273		220		216		233		282		290		307		310		283		250		237		254		387		275		281		296		324		334		437		350		357		337		341		353		377		376		357		308		355		341		325		333		348		377		380		473		488		510		499		508		447		453		446		436		450		405		434		400		130		213		
-1		385		364		542		435		242		216		237		206		239		227		158		183		195		213		214		207		201		209		215		217		275		227		269		237		227		249		208		191		186		196		237		224		134		72		125		121		101		146		186		168		156		101		85		54		68		90		97		170		180		178		252		240		228		222		214		210		161		141		101		83		132		175		182		191		206		212		245		254		15		152		9		0		18		15		89		42		106		121		133		152		142		169		159		182		192		212		216		245		259		257		264		211		207		224		273		281		298		301		274		241		228		245		378		266		272		287		315		325		428		341		348		328		332		344		368		367		348		299		346		332		316		324		339		368		371		464		479		501		490		499		438		444		437		427		441		396		425		391		121		204		
-1		367		346		524		417		224		198		219		188		221		209		140		165		177		195		196		189		183		191		197		199		257		209		251		219		209		231		190		173		168		178		219		206		116		54		107		103		83		128		168		150		138		83		67		36		50		72		79		152		162		160		234		222		210		204		196		192		143		123		83		65		114		157		164		173		188		194		227		236		33		134		27		18		0		5		79		32		88		103		115		134		124		151		141		164		174		194		198		227		241		239		246		193		189		206		255		263		280		283		256		223		210		227		360		248		254		269		297		307		410		323		330		310		314		326		350		349		330		281		328		314		298		306		321		350		353		446		461		483		472		481		420		426		419		409		423		378		407		373		103		186		
-1		372		351		529		422		229		203		224		193		226		214		145		170		182		200		201		194		188		196		202		204		262		214		256		224		214		236		195		178		173		183		224		211		121		59		112		108		88		133		173		155		143		88		72		41		55		77		84		157		167		165		239		227		215		209		201		197		148		128		88		70		119		162		169		178		193		199		232		241		38		139		32		23		5		0		74		27		93		108		120		139		129		156		146		169		179		199		203		232		246		244		251		198		194		211		260		268		285		288		261		228		215		232		365		253		259		274		302		312		415		328		335		315		319		331		355		354		335		286		333		319		303		311		326		355		358		451		466		488		477		486		425		431		424		414		428		383		412		378		108		191		
-1		430		409		587		480		287		261		282		251		284		272		203		228		240		258		259		252		246		254		260		262		320		272		314		282		272		294		253		236		231		241		282		269		179		117		170		166		146		191		231		213		201		146		130		99		113		135		142		215		225		223		297		285		273		267		259		255		206		186		146		128		177		220		227		236		251		257		290		299		42		197		36		45		63		60		0		87		151		166		178		197		187		214		204		227		237		257		261		290		304		302		309		256		252		269		318		326		343		346		319		286		273		290		423		311		317		332		360		370		473		386		393		373		377		389		413		412		393		344		391		377		361		369		384		413		416		509		524		546		535		544		483		489		482		472		486		441		470		436		166		249		
-1		399		378		556		449		256		230		251		220		253		241		172		197		209		227		228		221		215		223		229		231		289		241		283		251		241		263		222		205		200		210		251		238		148		86		139		135		115		160		200		182		170		115		99		68		82		104		111		184		194		192		266		254		242		236		228		224		175		155		115		97		146		189		196		205		220		226		259		268		65		166		59		50		32		27		47		0		120		135		147		166		156		183		173		196		206		226		230		259		273		271		278		225		221		238		287		295		312		315		288		255		242		259		392		280		286		301		329		339		442		355		362		342		346		358		382		381		362		313		360		346		330		338		353		382		385		478		493		515		504		513		452		458		451		441		455		410		439		405		135		218		
-1		279		258		436		329		266		240		261		230		263		251		182		207		219		237		238		231		225		233		239		241		299		251		293		261		251		273		232		215		210		220		261		248		158		96		61		57		37		82		122		104		92		27		21		78		92		16		23		194		204		202		276		264		252		246		238		234		185		165		125		107		156		199		206		215		230		236		227		218		75		176		69		60		42		37		57		10		0		15		27		46		36		63		53		76		86		106		110		139		153		151		158		105		231		248		297		305		322		325		298		265		252		269		309		290		296		311		288		313		416		280		287		267		263		251		262		261		242		193		240		226		210		218		233		262		265		358		373		395		384		393		332		338		331		321		335		290		319		285		145		228		
-1		264		243		421		314		281		255		276		245		278		266		197		222		234		252		253		246		240		248		254		256		314		266		308		276		266		288		247		230		225		235		276		263		173		111		76		72		52		97		137		119		107		42		36		93		107		31		38		209		219		217		291		279		267		261		253		249		200		180		140		122		171		214		221		230		245		245		212		203		90		191		84		75		57		52		72		25		15		0		12		31		21		48		38		61		71		91		95		124		138		136		143		90		246		263		312		320		337		340		313		280		267		284		294		305		311		301		273		298		401		265		272		252		248		236		247		246		227		178		225		211		195		203		218		247		250		343		358		380		369		378		317		323		316		306		320		275		304		270		160		243		
-1		252		231		409		302		461		435		456		425		458		446		377		402		414		432		433		426		420		428		434		436		494		446		488		456		446		468		427		410		405		415		456		443		353		291		344		340		320		365		405		387		375		320		304		273		287		309		316		389		399		397		471		459		447		441		433		429		380		360		320		302		351		394		401		410		425		233		200		191		204		371		210		219		237		234		308		261		325		340		0		19		9		36		26		49		59		79		83		112		126		124		131		78		426		443		492		500		517		520		493		460		261		278		282		299		304		289		261		286		389		253		260		240		236		224		235		234		215		166		213		199		183		191		206		235		238		331		346		368		357		366		305		311		304		294		308		263		292		258		340		423		
-1		253		232		410		303		462		436		457		426		459		447		378		403		415		433		434		427		421		429		435		437		495		447		489		457		447		469		428		411		406		416		457		444		354		292		345		341		321		366		406		388		376		321		305		274		288		310		317		390		400		398		472		460		448		442		434		430		381		361		321		303		352		395		402		411		426		234		201		192		205		372		211		220		238		235		309		262		326		341		12		0		10		37		27		50		60		80		84		113		127		125		132		79		427		444		493		501		518		521		494		461		262		279		283		300		305		290		262		287		390		254		261		241		237		225		236		235		216		167		214		200		184		192		207		236		239		332		347		369		358		367		306		312		305		295		309		264		293		259		341		424		
-1		243		222		400		293		452		426		447		416		449		437		368		393		405		423		424		417		411		419		425		427		485		437		479		447		437		459		418		401		396		406		447		434		344		282		335		331		311		356		396		378		366		311		295		264		278		300		307		380		390		388		462		450		438		432		424		420		371		351		311		293		342		385		392		401		416		224		191		182		195		362		201		210		228		225		299		252		316		331		9		10		0		27		17		40		50		70		74		103		117		115		122		69		417		434		483		491		508		511		484		451		252		269		273		290		295		280		252		277		380		244		251		231		227		215		226		225		206		157		204		190		174		182		197		226		229		322		337		359		348		357		296		302		295		285		299		254		283		249		331		414		
-1		216		195		373		266		425		399		420		389		422		410		341		366		378		396		397		390		384		392		398		400		458		410		452		420		410		432		391		374		369		379		420		407		317		255		308		304		284		329		369		351		339		284		268		237		251		273		280		353		363		361		435		423		411		405		397		393		344		324		284		266		315		358		365		374		389		197		164		155		168		335		174		183		201		198		272		225		289		304		28		16		26		0		10		13		23		43		47		76		90		88		95		42		390		407		456		464		481		484		457		424		225		242		246		263		268		253		225		250		353		217		224		204		200		188		199		198		179		130		177		163		147		155		170		199		202		295		310		332		321		330		269		275		268		258		272		227		256		222		304		387		
-1		226		205		383		276		435		409		430		399		432		420		351		376		388		406		407		400		394		402		408		410		468		420		462		430		420		442		401		384		379		389		430		417		327		265		318		314		294		339		379		361		349		294		278		247		261		283		290		363		373		371		445		433		421		415		407		403		354		334		294		276		325		368		375		384		399		207		174		165		178		345		184		193		211		208		282		235		299		314		26		26		17		10		0		23		33		53		57		86		100		98		105		52		400		417		466		474		491		494		467		434		235		252		256		273		278		263		235		260		363		227		234		214		210		198		209		208		189		140		187		173		157		165		180		209		212		305		320		342		331		340		279		285		278		268		282		237		266		232		314		397		
-1		203		182		360		253		412		386		407		376		409		397		328		353		365		383		384		377		371		379		385		387		445		397		439		407		397		419		378		361		356		366		407		394		304		242		295		291		271		316		356		338		326		271		255		224		238		260		267		340		350		348		422		410		398		392		384		380		331		311		271		253		302		345		352		361		376		184		151		142		155		322		161		170		188		185		259		212		276		291		44		44		35		28		18		0		10		30		34		63		77		75		82		29		377		394		443		451		468		471		444		411		212		229		233		250		255		240		212		237		340		204		211		191		187		175		186		185		166		117		164		150		134		142		157		186		189		282		297		319		308		317		256		262		255		245		259		214		243		209		291		374		
-1		193		172		350		243		402		376		397		366		399		387		318		343		355		373		374		367		361		369		375		377		435		387		429		397		387		409		368		351		346		356		397		384		294		232		285		281		261		306		346		328		316		261		245		214		228		250		257		330		340		338		412		400		388		382		374		370		321		301		261		243		292		335		342		351		366		174		141		132		145		312		151		160		178		175		249		202		266		281		131		119		129		103		113		106		0		20		24		53		67		65		72		77		367		384		433		441		458		461		434		401		202		219		223		240		245		230		202		227		330		194		201		181		177		165		176		175		156		107		154		140		124		132		147		176		179		272		287		309		298		307		246		252		245		235		249		204		233		199		281		364		
-1		173		152		330		223		382		356		377		346		379		367		298		323		335		353		354		347		341		349		355		357		415		367		409		377		367		389		348		331		326		336		377		364		274		212		265		261		241		286		326		308		296		241		225		194		208		230		237		310		320		318		392		380		368		362		354		350		301		281		241		223		272		315		322		331		346		154		121		112		125		292		131		140		158		155		229		182		246		261		111		99		109		83		93		86		96		0		4		33		47		45		52		57		347		364		413		421		438		441		414		381		182		199		203		220		225		210		182		207		310		174		181		161		157		145		156		155		136		87		134		120		104		112		127		156		159		252		267		289		278		287		226		232		225		215		229		184		213		179		261		344		
-1		177		156		334		227		386		360		381		350		383		371		302		327		339		357		358		351		345		353		359		361		419		371		413		381		371		393		352		335		330		340		381		368		278		216		269		265		245		290		330		312		300		245		229		198		212		234		241		314		324		322		396		384		372		366		358		354		305		285		245		227		276		319		326		335		350		158		125		116		129		296		135		144		162		159		233		186		250		265		115		103		113		87		97		90		100		4		0		37		51		49		56		61		351		368		417		425		442		445		418		385		186		203		207		224		229		214		186		211		314		178		185		165		161		149		160		159		140		91		138		124		108		116		131		160		163		256		271		293		282		291		230		236		229		219		233		188		217		183		265		348		
-1		140		119		297		190		349		323		344		313		346		334		265		290		302		320		321		314		308		316		322		324		382		334		376		344		334		356		315		298		293		303		344		331		241		179		232		228		208		253		293		275		263		208		192		161		175		197		204		277		287		285		359		347		335		329		321		317		268		248		208		190		239		282		289		298		313		121		88		79		92		259		98		107		125		122		196		149		213		228		78		66		76		50		60		53		63		83		87		0		14		12		19		24		314		331		380		388		405		408		381		348		149		166		170		187		192		177		149		174		277		141		148		128		124		112		123		122		103		54		101		87		71		79		94		123		126		219		234		256		245		254		193		199		192		182		196		151		180		146		228		311		
-1		242		221		399		292		451		425		446		415		448		436		367		392		404		422		423		416		410		418		424		426		484		436		478		446		436		458		417		400		395		405		446		433		343		281		334		330		310		355		395		377		365		310		294		263		277		299		306		379		389		387		461		449		437		431		423		419		370		350		310		292		341		384		391		400		415		223		190		181		194		361		200		209		227		224		298		251		315		330		64		52		62		36		46		39		49		69		73		102		0		114		121		10		416		433		482		490		507		510		483		450		251		268		272		289		294		279		251		276		379		243		250		230		226		214		225		224		205		156		203		189		173		181		196		225		228		321		336		358		347		356		295		301		294		284		298		253		282		248		330		413		
-1		128		107		285		178		337		311		332		301		334		322		253		278		290		308		309		302		296		304		310		312		370		322		364		332		322		344		303		286		281		291		332		319		229		167		220		216		196		241		281		263		251		196		180		149		163		185		192		265		275		273		347		335		323		317		309		305		256		236		196		178		227		270		277		286		301		109		76		67		80		247		86		95		113		110		184		137		201		216		90		78		88		62		72		65		75		86		82		12		26		0		7		36		302		319		368		376		393		396		369		336		137		154		158		175		180		165		137		162		265		129		136		116		112		100		111		110		91		42		89		75		59		67		82		111		114		207		222		244		233		242		181		187		180		170		184		139		168		134		216		299		
-1		121		100		278		171		461		435		456		425		458		446		377		402		414		432		433		426		420		428		434		436		494		446		488		456		446		468		427		410		405		415		456		443		353		291		344		340		320		365		405		387		375		320		304		273		287		309		316		389		399		397		471		459		447		441		433		429		380		360		320		302		351		394		401		410		425		233		200		191		204		371		210		219		237		234		308		261		325		340		190		178		188		162		172		165		175		79		75		112		126		124		0		136		426		443		492		500		517		520		493		460		210		193		151		214		173		158		130		155		258		122		129		109		105		93		104		103		84		35		82		68		52		60		75		104		107		200		215		237		226		235		174		180		173		163		177		132		161		127		340		423		
-1		232		211		389		282		441		415		436		405		438		426		357		382		394		412		413		406		400		408		414		416		474		426		468		436		426		448		407		390		385		395		436		423		333		271		324		320		300		345		385		367		355		300		284		253		267		289		296		369		379		377		451		439		427		421		413		409		360		340		300		282		331		374		381		390		405		213		180		171		184		351		190		199		217		214		288		241		305		320		54		42		52		26		36		29		39		59		63		92		106		104		111		0		406		423		472		480		497		500		473		440		241		258		262		279		284		269		241		266		369		233		240		220		216		204		215		214		195		146		193		179		163		171		186		215		218		311		326		348		337		346		285		291		284		274		288		243		272		238		320		403		
-1		201		209		396		289		337		311		332		301		334		322		253		278		290		308		309		302		296		304		310		312		370		322		364		332		322		344		303		286		281		291		332		319		229		167		220		216		196		241		281		263		251		196		180		149		163		185		192		125		115		133		139		127		115		87		77		73		46		66		106		124		128		32		25		28		43		49		82		91		85		77		86		95		113		110		184		137		201		216		228		247		237		264		254		277		287		197		193		230		244		242		118		254		0		17		66		74		91		94		67		34		21		38		171		59		65		80		108		118		221		134		141		121		125		137		173		183		193		153		200		186		170		178		193		222		225		318		333		355		344		353		292		298		291		281		295		250		279		245		216		91		
-1		184		192		379		272		326		300		321		290		323		311		242		267		279		297		298		291		285		293		299		301		359		311		353		321		311		333		292		275		270		280		321		308		218		156		209		205		185		230		270		252		240		185		169		138		152		174		181		254		264		262		336		324		312		306		298		294		245		225		185		167		216		259		266		275		290		32		65		74		69		236		75		84		102		99		173		126		190		205		217		236		226		253		243		266		276		180		176		213		227		225		101		237		291		0		49		57		74		77		50		17		4		21		154		42		48		63		91		101		204		117		124		104		108		120		156		166		176		136		183		169		153		161		176		205		208		301		316		338		327		336		275		281		274		264		278		233		262		228		205		288		
-1		252		260		447		340		394		368		389		358		391		379		310		335		347		365		366		359		353		361		367		369		427		379		421		389		379		401		360		343		338		348		389		376		286		224		277		273		253		298		338		320		308		253		237		206		220		242		249		322		332		330		404		392		380		374		366		362		313		293		253		235		284		327		334		343		358		100		133		142		137		304		143		152		170		167		241		194		258		273		285		304		294		321		311		334		344		248		244		281		295		293		169		305		359		68		0		8		25		28		18		51		72		89		222		110		116		131		159		169		272		185		192		172		176		188		224		234		244		204		251		237		221		229		244		273		276		369		384		406		395		404		343		349		342		332		346		301		330		296		273		356		
-1		244		252		439		332		386		360		381		350		383		371		302		327		339		357		358		351		345		353		359		361		419		371		413		381		371		393		352		335		330		340		381		368		278		216		269		265		245		290		330		312		300		245		229		198		212		234		241		314		324		322		396		384		372		366		358		354		305		285		245		227		276		319		326		335		350		92		125		134		129		296		135		144		162		159		233		186		250		265		277		296		286		313		303		326		336		240		236		273		287		285		161		297		351		60		109		0		17		20		10		43		64		81		214		102		108		123		151		161		264		177		184		164		168		180		216		226		236		196		243		229		213		221		236		265		268		361		376		398		387		396		335		341		334		324		338		293		322		288		265		348		
-1		261		269		456		349		403		377		398		367		400		388		319		344		356		374		375		368		362		370		376		378		436		388		430		398		388		410		369		352		347		357		398		385		295		233		286		282		262		307		347		329		317		262		246		215		229		251		258		331		341		339		413		401		389		383		375		371		322		302		262		244		293		336		343		352		367		109		142		151		146		313		152		161		179		176		250		203		267		282		294		313		303		330		320		343		353		257		253		290		304		302		178		314		368		77		126		17		0		3		27		60		81		98		231		119		125		140		168		178		281		194		201		181		185		197		233		243		253		213		260		246		230		238		253		282		285		378		393		415		404		413		352		358		351		341		355		310		339		305		282		365		
-1		264		272		459		352		406		380		401		370		403		391		322		347		359		377		378		371		365		373		379		381		439		391		433		401		391		413		372		355		350		360		401		388		298		236		289		285		265		310		350		332		320		265		249		218		232		254		261		334		344		342		416		404		392		386		378		374		325		305		265		247		296		339		346		355		370		112		145		154		149		316		155		164		182		179		253		206		270		285		297		316		306		333		323		346		356		260		256		293		307		305		181		317		371		80		129		20		3		0		30		63		84		101		234		122		128		143		171		181		284		197		204		184		188		200		236		246		256		216		263		249		233		241		256		285		288		381		396		418		407		416		355		361		354		344		358		313		342		308		285		368		
-1		234		242		429		322		376		350		371		340		373		361		292		317		329		347		348		341		335		343		349		351		409		361		403		371		361		383		342		325		320		330		371		358		268		206		259		255		235		280		320		302		290		235		219		188		202		224		231		304		314		312		386		374		362		356		348		344		295		275		235		217		266		309		316		325		340		82		115		124		119		286		125		134		152		149		223		176		240		255		267		286		276		303		293		316		326		230		226		263		277		275		151		287		341		50		99		10		27		30		0		33		54		71		204		92		98		113		141		151		254		167		174		154		158		170		206		216		226		186		233		219		203		211		226		255		258		351		366		388		377		386		325		331		324		314		328		283		312		278		255		338		
-1		201		209		396		289		343		317		338		307		340		328		259		284		296		314		315		308		302		310		316		318		376		328		370		338		328		350		309		292		287		297		338		325		235		173		226		222		202		247		287		269		257		202		186		155		169		191		198		271		281		279		353		341		329		323		315		311		262		242		202		184		233		276		283		292		307		49		82		91		86		253		92		101		119		116		190		143		207		222		234		253		243		270		260		283		293		197		193		230		244		242		118		254		308		17		66		43		60		63		33		0		21		38		171		59		65		80		108		118		221		134		141		121		125		137		173		183		193		153		200		186		170		178		193		222		225		318		333		355		344		353		292		298		291		281		295		250		279		245		222		305		
-1		180		188		375		268		322		296		317		286		319		307		238		263		275		293		294		287		281		289		295		297		355		307		349		317		307		329		288		271		266		276		317		304		214		152		205		201		181		226		266		248		236		181		165		134		148		170		177		250		260		258		332		320		308		302		294		290		241		221		181		163		212		255		262		271		286		28		61		70		65		232		71		80		98		95		169		122		186		201		213		232		222		249		239		262		272		176		172		209		223		221		97		233		287		304		353		361		378		381		354		321		0		17		150		38		44		59		87		97		200		113		120		100		104		116		152		162		172		132		179		165		149		157		172		201		204		297		312		334		323		332		271		277		270		260		274		229		258		224		201		284		
-1		163		171		392		285		339		313		334		303		336		324		255		280		292		310		311		304		298		306		312		314		372		324		366		334		324		346		305		288		283		293		334		321		231		169		222		218		198		243		283		265		253		198		182		151		165		187		194		267		277		275		349		337		325		319		311		307		258		238		198		180		229		272		279		288		303		45		78		87		82		249		88		97		115		112		186		139		203		218		230		249		239		266		256		279		289		193		189		226		240		238		114		250		304		321		370		378		395		398		371		338		17		0		133		21		27		42		70		80		183		96		103		83		87		99		135		145		155		149		196		182		166		174		189		218		221		314		329		351		340		349		288		294		287		277		291		246		275		241		218		301		
-1		148		127		305		198		381		355		376		345		378		366		297		322		334		352		353		346		340		348		354		356		414		366		408		376		366		388		347		330		325		335		376		363		273		211		264		260		240		285		325		307		295		240		224		193		207		229		236		309		319		317		391		379		367		361		353		349		300		280		240		222		271		314		321		330		345		87		120		129		124		291		130		139		157		154		228		181		245		260		217		205		215		189		199		192		202		106		102		139		153		151		27		163		346		363		412		420		437		440		413		380		59		42		0		63		69		84		112		122		225		138		145		125		129		120		131		130		111		62		109		95		79		87		102		131		134		227		242		264		253		262		201		207		200		190		204		159		188		154		260		343		
-1		142		150		379		272		493		467		488		457		490		478		409		434		446		464		465		458		452		460		466		468		526		478		520		488		478		500		459		442		437		447		488		475		385		323		376		372		352		397		437		419		407		352		336		305		319		341		348		421		431		429		503		491		479		473		465		461		412		392		352		334		383		426		433		442		457		199		232		241		236		403		242		251		269		266		340		293		357		372		291		279		289		263		273		266		276		180		176		213		227		225		139		237		458		475		524		532		549		552		525		492		171		154		112		0		6		21		49		59		162		75		82		62		66		78		114		124		134		136		183		169		153		161		176		205		208		301		316		338		327		336		275		281		274		264		278		233		262		228		372		455		
-1		136		144		373		266		487		461		482		451		484		472		403		428		440		458		459		452		446		454		460		462		520		472		514		482		472		494		453		436		431		441		482		469		379		317		370		366		346		391		431		413		401		346		330		299		313		335		342		415		425		423		497		485		473		467		459		455		406		386		346		328		377		420		427		436		451		193		226		235		230		397		236		245		263		260		334		287		351		366		285		273		283		257		267		260		270		174		170		207		221		219		133		231		452		469		518		526		543		546		519		486		165		148		106		169		0		15		43		53		156		69		76		56		60		72		108		118		128		130		177		163		147		155		170		199		202		295		310		332		321		330		269		275		268		258		272		227		256		222		366		449		
-1		121		129		358		251		472		446		467		436		469		457		388		413		425		443		444		437		431		439		445		447		505		457		499		467		457		479		438		421		416		426		467		454		364		302		355		351		331		376		416		398		386		331		315		284		298		320		327		400		410		408		482		470		458		452		444		440		391		371		331		313		362		405		412		421		436		178		211		220		215		382		221		230		248		245		319		272		336		351		270		258		268		242		252		245		255		159		155		192		206		204		118		216		437		454		503		511		528		531		504		471		150		133		91		154		15		0		28		38		141		54		61		41		45		57		93		103		113		115		162		148		132		140		155		184		187		280		295		317		306		315		254		260		253		243		257		212		241		207		351		434		
-1		93		101		330		223		444		418		439		408		441		429		360		385		397		415		416		409		403		411		417		419		477		429		471		439		429		451		410		393		388		398		439		426		336		274		327		323		303		348		388		370		358		303		287		256		270		292		299		372		382		380		454		442		430		424		416		412		363		343		303		285		334		377		384		393		408		150		183		192		187		354		193		202		220		217		291		244		308		323		242		230		240		214		224		217		227		131		127		164		178		176		90		188		409		426		475		483		500		503		476		443		122		105		63		126		43		28		0		25		128		26		33		13		17		29		65		75		85		87		134		120		104		112		127		156		159		252		267		289		278		287		226		232		225		215		229		184		213		179		323		406		
-1		118		126		355		248		469		443		464		433		466		454		385		410		422		440		441		434		428		436		442		444		502		454		496		464		454		476		435		418		413		423		464		451		361		299		352		348		328		373		413		395		383		328		312		281		295		317		324		397		407		405		479		467		455		449		441		437		388		368		328		310		359		402		409		418		433		175		208		217		212		379		218		227		245		242		316		269		333		348		267		255		265		239		249		242		252		156		152		189		203		201		115		213		434		451		500		508		525		528		501		468		147		130		88		151		68		53		25		0		103		51		58		38		42		54		90		100		110		112		159		145		129		137		152		181		184		277		292		314		303		312		251		257		250		240		254		209		238		204		348		431		
-1		221		229		458		351		572		546		567		536		569		557		488		513		525		543		544		537		531		539		545		547		605		557		599		567		557		579		538		521		516		526		567		554		464		402		455		451		431		476		516		498		486		431		415		384		398		420		427		500		510		508		582		570		558		552		544		540		491		471		431		413		462		505		512		521		536		278		311		320		315		482		321		330		348		345		419		372		436		451		370		358		368		342		352		345		355		259		255		292		306		304		218		316		537		554		603		611		628		631		604		571		250		233		191		254		171		156		128		103		0		154		161		141		145		157		193		203		213		215		262		248		232		240		255		284		287		380		395		417		406		415		354		360		353		343		357		312		341		307		451		534		
-1		93		101		330		223		444		418		439		408		441		429		360		385		397		415		416		409		403		411		417		419		477		429		471		439		429		451		410		393		388		398		439		426		336		274		327		323		303		348		388		370		358		303		287		256		270		292		299		372		382		380		454		442		430		424		416		412		363		343		303		285		334		377		384		393		408		150		183		192		187		354		193		202		220		217		291		244		308		323		242		230		240		214		224		217		227		131		127		164		178		176		90		188		409		426		475		483		500		503		476		443		122		105		63		126		51		36		8		33		136		0		7		13		17		29		65		75		85		87		134		120		104		112		127		156		159		252		267		289		278		287		226		232		225		215		229		184		213		179		323		406		
-1		100		108		337		230		451		425		446		415		448		436		367		392		404		422		423		416		410		418		424		426		484		436		478		446		436		458		417		400		395		405		446		433		343		281		334		330		310		355		395		377		365		310		294		263		277		299		306		379		389		387		461		449		437		431		423		419		370		350		310		292		341		384		391		400		415		157		190		199		194		361		200		209		227		224		298		251		315		330		249		237		247		221		231		224		234		138		134		171		185		183		97		195		416		433		482		490		507		510		483		450		129		112		70		133		58		43		15		40		143		7		0		20		24		36		72		82		92		94		141		127		111		119		134		163		166		259		274		296		285		294		233		239		232		222		236		191		220		186		330		413		
-1		80		88		317		210		431		405		426		395		428		416		347		372		384		402		403		396		390		398		404		406		464		416		458		426		416		438		397		380		375		385		426		413		323		261		314		310		290		335		375		357		345		290		274		243		257		279		286		359		369		367		441		429		417		411		403		399		350		330		290		272		321		364		371		380		395		137		170		179		174		341		180		189		207		204		278		231		295		310		229		217		227		201		211		204		214		118		114		151		165		163		77		175		396		413		462		470		487		490		463		430		109		92		50		113		64		49		21		46		149		13		20		0		4		16		52		62		72		74		121		107		91		99		114		143		146		239		254		276		265		274		213		219		212		202		216		171		200		166		310		393		
-1		76		84		313		206		427		401		422		391		424		412		343		368		380		398		399		392		386		394		400		402		460		412		454		422		412		434		393		376		371		381		422		409		319		257		310		306		286		331		371		353		341		286		270		239		253		275		282		355		365		363		437		425		413		407		399		395		346		326		286		268		317		360		367		376		391		133		166		175		170		337		176		185		203		200		274		227		291		306		225		213		223		197		207		200		210		114		110		147		161		159		73		171		392		409		458		466		483		486		459		426		105		88		46		109		68		53		25		50		153		17		24		4		0		12		48		58		68		70		117		103		87		95		110		139		142		235		250		272		261		270		209		215		208		198		212		167		196		162		306		389		
-1		64		72		301		194		439		413		434		403		436		424		355		380		392		410		411		404		398		406		412		414		472		424		466		434		424		446		405		388		383		393		434		421		331		269		322		318		298		343		383		365		353		298		282		251		265		287		294		367		377		375		449		437		425		419		411		407		358		338		298		280		329		372		379		388		403		145		178		187		182		349		188		197		215		212		286		239		303		318		213		201		211		185		195		188		198		102		98		135		149		147		85		159		404		421		470		478		495		498		471		438		117		100		58		121		80		65		37		62		165		29		36		16		12		0		36		46		56		58		105		91		75		83		98		127		130		223		238		260		249		258		197		203		196		186		200		155		184		150		318		401		
-1		28		36		312		205		495		469		490		459		492		480		411		436		448		466		467		460		454		462		468		470		528		480		522		490		480		502		461		444		439		449		490		477		387		325		378		374		354		399		439		421		409		354		338		307		321		343		350		423		433		431		505		493		481		475		467		463		414		394		354		336		385		428		435		444		459		267		234		225		238		405		244		253		271		268		342		295		359		374		224		212		222		196		206		199		209		113		109		146		160		158		165		170		460		477		526		534		551		554		527		494		244		227		185		248		207		192		164		189		292		156		163		143		139		127		0		10		20		69		116		102		86		94		109		138		141		234		249		271		260		269		208		214		207		197		211		166		195		161		374		457		
-1		18		46		322		215		505		479		500		469		502		490		421		446		458		476		477		470		464		472		478		480		538		490		532		500		490		512		471		454		449		459		500		487		397		335		388		384		364		409		449		431		419		364		348		317		331		353		360		433		443		441		515		503		491		485		477		473		424		404		364		346		395		438		445		454		469		277		244		235		248		415		254		263		281		278		352		305		369		384		234		222		232		206		216		209		219		123		119		156		170		168		175		180		470		487		536		544		561		564		537		504		254		237		195		258		217		202		174		199		302		166		173		153		149		137		10		0		30		79		126		112		96		104		119		148		151		244		259		281		270		279		218		224		217		207		221		176		205		171		384		467		
-1		37		16		292		185		475		449		470		439		472		460		391		416		428		446		447		440		434		442		448		450		508		460		502		470		460		482		441		424		419		429		470		457		367		305		358		354		334		379		419		401		389		334		318		287		301		323		330		403		413		411		485		473		461		455		447		443		394		374		334		316		365		408		415		424		439		247		214		205		218		385		224		233		251		248		322		275		339		354		204		192		202		176		186		179		189		93		89		126		140		138		145		150		440		457		506		514		531		534		507		474		224		207		165		228		187		172		144		169		272		136		143		123		119		107		20		19		0		49		96		82		66		74		89		118		121		214		229		251		240		249		188		194		187		177		191		146		175		141		354		437		
-1		86		65		243		136		426		400		421		390		423		411		342		367		379		397		398		391		385		393		399		401		459		411		453		421		411		433		392		375		370		380		421		408		318		256		309		305		285		330		370		352		340		285		269		238		252		274		281		354		364		362		436		424		412		406		398		394		345		325		285		267		316		359		366		375		390		198		165		156		169		336		175		184		202		199		273		226		290		305		155		143		153		127		137		130		140		44		40		77		91		89		96		101		391		408		457		465		482		485		458		425		175		158		116		179		138		123		95		120		223		87		94		74		70		58		69		68		49		0		47		33		17		25		40		69		72		165		180		202		191		200		139		145		138		128		142		97		126		92		305		388		
-1		61		40		316		209		499		473		494		463		496		484		415		440		452		470		471		464		458		466		472		474		532		484		526		494		484		506		465		448		443		453		494		481		391		329		382		378		358		403		443		425		413		358		342		311		325		347		354		427		437		435		509		497		485		479		471		467		418		398		358		340		389		432		439		448		463		271		238		229		242		409		248		257		275		272		346		299		363		378		228		216		226		200		210		203		213		117		113		150		164		162		169		174		464		481		530		538		555		558		531		498		248		231		189		252		211		196		168		193		296		160		167		147		143		131		44		43		24		73		0		106		90		98		113		142		145		238		253		275		264		273		212		218		211		201		215		170		199		165		378		461		
-1		75		54		235		128		513		487		508		477		510		498		429		454		466		484		485		478		472		480		486		488		546		498		540		508		498		520		479		462		457		467		508		495		405		343		396		392		372		417		457		439		427		372		356		325		339		361		368		441		451		449		523		511		499		493		485		481		432		412		372		354		403		446		453		462		477		285		252		243		256		423		262		271		289		286		360		313		377		392		242		230		240		214		224		217		227		131		127		164		178		176		183		188		478		495		544		552		569		572		545		512		262		245		203		266		225		210		182		207		310		174		181		161		157		145		58		57		38		87		14		0		104		112		32		61		64		157		172		194		183		192		131		137		130		120		134		89		118		84		392		475		
-1		91		70		226		119		409		383		404		373		406		394		325		350		362		380		381		374		368		376		382		384		442		394		436		404		394		416		375		358		353		363		404		391		301		239		292		288		268		313		353		335		323		268		252		221		235		257		264		337		347		345		419		407		395		389		381		377		328		308		268		250		299		342		349		358		373		181		148		139		152		319		158		167		185		182		256		209		273		288		138		126		136		110		120		113		123		27		23		60		74		72		79		84		374		391		440		448		465		468		441		408		192		175		133		196		155		140		112		137		240		104		111		91		87		75		74		73		54		17		30		16		0		8		23		52		55		148		163		185		174		183		122		128		121		111		125		80		109		75		288		371		
-1		99		78		218		111		401		375		396		365		398		386		317		342		354		372		373		366		360		368		374		376		434		386		428		396		386		408		367		350		345		355		396		383		293		231		284		280		260		305		345		327		315		260		244		213		227		249		256		329		339		337		411		399		387		381		373		369		320		300		260		242		291		334		341		350		365		173		140		131		144		311		150		159		177		174		248		201		265		280		130		118		128		102		112		105		115		19		15		52		66		64		71		76		366		383		432		440		457		460		433		400		200		183		141		204		163		148		120		145		248		112		119		99		95		83		82		81		62		25		38		24		8		0		15		44		47		140		155		177		166		175		114		120		113		103		117		72		101		67		280		363		
-1		107		86		203		96		545		519		540		509		542		530		461		486		498		516		517		510		504		512		518		520		578		530		572		540		530		552		511		494		489		499		540		527		437		375		428		424		404		449		489		471		459		404		388		357		371		393		400		473		483		481		555		543		531		525		517		513		464		444		404		386		435		478		485		494		509		317		284		275		288		455		294		303		321		318		392		345		409		424		274		262		272		246		256		249		259		163		159		196		210		208		215		220		510		527		576		584		601		604		577		544		294		277		235		298		257		242		214		239		342		206		213		193		189		177		90		89		70		119		46		32		136		144		0		29		32		125		140		162		151		160		99		105		98		88		102		57		86		52		424		507		
-1		136		115		232		67		574		548		569		538		571		559		490		515		527		545		546		539		533		541		547		549		607		559		601		569		559		581		540		523		518		528		569		556		466		404		457		453		433		478		518		500		488		433		417		386		400		422		429		502		512		510		584		572		560		554		546		542		493		473		433		415		464		507		514		523		538		346		313		304		317		484		323		332		350		347		421		374		438		453		303		291		301		275		285		278		288		192		188		225		239		237		244		249		539		556		605		613		630		633		606		573		323		306		264		327		286		271		243		268		371		235		242		222		218		206		119		118		99		148		75		61		165		173		29		0		61		154		169		191		180		189		128		134		127		117		131		86		115		81		453		536		
-1		240		219		171		171		678		652		673		642		675		663		594		619		631		649		650		643		637		645		651		653		711		663		705		673		663		685		644		627		622		632		673		660		570		508		561		557		537		582		622		604		592		537		521		490		504		526		533		606		616		614		688		676		664		658		650		646		597		577		537		519		568		611		618		627		642		450		417		408		421		588		427		436		454		451		525		478		542		557		407		395		405		379		389		382		392		296		292		329		343		341		348		353		643		660		709		717		734		737		710		677		427		410		368		431		390		375		347		372		475		339		346		326		322		310		223		222		203		252		179		165		269		277		133		104		0		93		108		130		119		128		67		73		66		56		70		25		54		20		557		640		
-1		147		126		78		78		585		559		580		549		582		570		501		526		538		556		557		550		544		552		558		560		618		570		612		580		570		592		551		534		529		539		580		567		477		415		468		464		444		489		529		511		499		444		428		397		411		433		440		513		523		521		595		583		571		565		557		553		504		484		444		426		475		518		525		534		549		357		324		315		328		495		334		343		361		358		432		385		449		464		314		302		312		286		296		289		299		203		199		236		250		248		255		260		550		567		616		624		641		644		617		584		334		317		275		338		297		282		254		279		382		246		253		233		229		217		130		129		110		159		86		72		176		184		40		11		72		0		15		37		26		35		139		145		138		128		142		97		126		92		464		547		
-1		162		141		63		93		600		574		595		564		597		585		516		541		553		571		572		565		559		567		573		575		633		585		627		595		585		607		566		549		544		554		595		582		492		430		483		479		459		504		544		526		514		459		443		412		426		448		455		528		538		536		610		598		586		580		572		568		519		499		459		441		490		533		540		549		564		372		339		330		343		510		349		358		376		373		447		400		464		479		329		317		327		301		311		304		314		218		214		251		265		263		270		275		565		582		631		639		656		659		632		599		349		332		290		353		312		297		269		294		397		261		268		248		244		232		145		144		125		174		101		87		191		199		55		26		87		15		0		22		11		50		154		160		153		143		157		112		141		107		479		562		
-1		184		163		41		115		622		596		617		586		619		607		538		563		575		593		594		587		581		589		595		597		655		607		649		617		607		629		588		571		566		576		617		604		514		452		505		501		481		526		566		548		536		481		465		434		448		470		477		550		560		558		632		620		608		602		594		590		541		521		481		463		512		555		562		571		586		394		361		352		365		532		371		380		398		395		469		422		486		501		351		339		349		323		333		326		336		240		236		273		287		285		292		297		587		604		653		661		678		681		654		621		371		354		312		375		334		319		291		316		419		283		290		270		266		254		167		166		147		196		123		109		213		221		77		48		109		37		22		0		23		72		176		182		175		165		179		134		163		129		501		584		
-1		173		152		74		104		611		585		606		575		608		596		527		552		564		582		583		576		570		578		584		586		644		596		638		606		596		618		577		560		555		565		606		593		503		441		494		490		470		515		555		537		525		470		454		423		437		459		466		539		549		547		621		609		597		591		583		579		530		510		470		452		501		544		551		560		575		383		350		341		354		521		360		369		387		384		458		411		475		490		340		328		338		312		322		315		325		229		225		262		276		274		281		286		576		593		642		650		667		670		643		610		360		343		301		364		323		308		280		305		408		272		279		259		255		243		156		155		136		185		112		98		202		210		66		37		98		26		11		33		0		61		165		171		164		154		168		123		152		118		490		573		
-1		182		161		113		113		620		594		615		584		617		605		536		561		573		591		592		585		579		587		593		595		653		605		647		615		605		627		586		569		564		574		615		602		512		450		503		499		479		524		564		546		534		479		463		432		446		468		475		548		558		556		630		618		606		600		592		588		539		519		479		461		510		553		560		569		584		392		359		350		363		530		369		378		396		393		467		420		484		499		349		337		347		321		331		324		334		238		234		271		285		283		290		295		585		602		651		659		676		679		652		619		369		352		310		373		332		317		289		314		417		281		288		268		264		252		165		164		145		194		121		107		211		219		75		46		107		35		50		72		61		0		174		180		173		163		177		132		161		127		499		582		
-1		173		152		104		104		611		585		606		575		608		596		527		552		564		582		583		576		570		578		584		586		644		596		638		606		596		618		577		560		555		565		606		593		503		441		494		490		470		515		555		537		525		470		454		423		437		459		466		539		549		547		621		609		597		591		583		579		530		510		470		452		501		544		551		560		575		383		350		341		354		521		360		369		387		384		458		411		475		490		340		328		338		312		322		315		325		229		225		262		276		274		281		286		576		593		642		650		667		670		643		610		360		343		301		364		323		308		280		305		408		272		279		259		255		243		156		155		136		185		112		98		202		210		66		37		98		26		41		63		52		61		0		171		164		154		168		123		152		118		490		573		
-1		178		157		109		109		616		590		611		580		613		601		532		557		569		587		588		581		575		583		589		591		649		601		643		611		601		623		582		565		560		570		611		598		508		446		499		495		475		520		560		542		530		475		459		428		442		464		471		544		554		552		626		614		602		596		588		584		535		515		475		457		506		549		556		565		580		388		355		346		359		526		365		374		392		389		463		416		480		495		345		333		343		317		327		320		330		234		230		267		281		279		286		291		581		598		647		655		672		675		648		615		365		348		306		369		328		313		285		310		413		277		284		264		260		248		161		160		141		190		117		103		207		215		71		42		103		31		46		68		57		66		5		0		7		17		26		48		77		123		495		578		
-1		185		164		116		116		623		597		618		587		620		608		539		564		576		594		595		588		582		590		596		598		656		608		650		618		608		630		589		572		567		577		618		605		515		453		506		502		482		527		567		549		537		482		466		435		449		471		478		551		561		559		633		621		609		603		595		591		542		522		482		464		513		556		563		572		587		395		362		353		366		533		372		381		399		396		470		423		487		502		352		340		350		324		334		327		337		241		237		274		288		286		293		298		588		605		654		662		679		682		655		622		372		355		313		376		335		320		292		317		420		284		291		271		267		255		168		167		148		197		124		110		214		222		78		49		110		38		53		75		64		73		12		7		0		10		19		41		70		130		502		585		
-1		195		174		126		126		633		607		628		597		630		618		549		574		586		604		605		598		592		600		606		608		666		618		660		628		618		640		599		582		577		587		628		615		525		463		516		512		492		537		577		559		547		492		476		445		459		481		488		561		571		569		643		631		619		613		605		601		552		532		492		474		523		566		573		582		597		405		372		363		376		543		382		391		409		406		480		433		497		512		362		350		360		334		344		337		347		251		247		284		298		296		303		308		598		615		664		672		689		692		665		632		382		365		323		386		345		330		302		327		430		294		301		281		277		265		178		177		158		207		134		120		224		232		88		59		120		48		63		85		74		83		22		17		10		0		14		31		60		140		512		595		
-1		209		188		140		140		647		621		642		611		644		632		563		588		600		618		619		612		606		614		620		622		680		632		674		642		632		654		613		596		591		601		642		629		539		477		530		526		506		551		591		573		561		506		490		459		473		495		502		575		585		583		657		645		633		627		619		615		566		546		506		488		537		580		587		596		611		419		386		377		390		557		396		405		423		420		494		447		511		526		376		364		374		348		358		351		361		265		261		298		312		310		317		322		612		629		678		686		703		706		679		646		396		379		337		400		359		344		316		341		444		308		315		295		291		279		192		191		172		221		148		134		238		246		102		73		134		62		77		99		88		97		36		31		24		14		0		45		74		154		526		609		
-1		226		205		157		157		664		638		659		628		661		649		580		605		617		635		636		629		623		631		637		639		697		649		691		659		649		671		630		613		608		618		659		646		556		494		547		543		523		568		608		590		578		523		507		476		490		512		519		592		602		600		674		662		650		644		636		632		583		563		523		505		554		597		604		613		628		436		403		394		407		574		413		422		440		437		511		464		528		543		393		381		391		365		375		368		378		282		278		315		329		327		334		339		629		646		695		703		720		723		696		663		413		396		354		417		376		361		333		358		461		325		332		312		308		296		209		208		189		238		165		151		255		263		119		90		151		79		94		116		105		114		53		48		41		31		45		0		29		171		543		626		
-1		255		234		186		186		693		667		688		657		690		678		609		634		646		664		665		658		652		660		666		668		726		678		720		688		678		700		659		642		637		647		688		675		585		523		576		572		552		597		637		619		607		552		536		505		519		541		548		621		631		629		703		691		679		673		665		661		612		592		552		534		583		626		633		642		657		465		432		423		436		603		442		451		469		466		540		493		557		572		422		410		420		394		404		397		407		311		307		344		358		356		363		368		658		675		724		732		749		752		725		692		442		425		383		446		405		390		362		387		490		354		361		341		337		325		238		237		218		267		194		180		284		292		148		119		180		108		123		145		134		143		82		77		70		60		74		29		0		200		572		655		
-1		220		199		151		151		658		632		653		622		655		643		574		599		611		629		630		623		617		625		631		633		691		643		685		653		643		665		624		607		602		612		653		640		550		488		541		537		517		562		602		584		572		517		501		470		484		506		513		586		596		594		668		656		644		638		630		626		577		557		517		499		548		591		598		607		622		430		397		388		401		568		407		416		434		431		505		458		522		537		387		375		385		359		369		362		372		276		272		309		323		321		328		333		623		640		689		697		714		717		690		657		407		390		348		411		370		355		327		352		455		319		326		306		302		290		203		202		183		232		159		145		249		257		113		84		20		73		88		110		99		108		47		53		46		36		50		5		34		0		537		620		
-1		391		370		548		441		121		95		116		85		118		106		37		62		74		92		93		86		80		88		94		96		154		106		148		116		106		128		87		70		65		75		116		103		13		244		297		293		273		318		358		340		328		273		257		226		240		262		269		49		59		57		131		119		107		101		97		101		150		143		103		107		72		164		171		180		131		201		234		243		162		154		163		172		190		187		261		214		278		293		305		324		314		341		331		354		364		349		345		382		396		394		270		383		196		213		262		270		287		290		263		230		217		234		367		255		261		276		304		314		417		330		337		317		321		333		369		373		354		305		352		338		322		330		345		374		377		470		485		507		496		505		444		450		443		433		447		402		431		397		0		83		
-1		308		287		465		358		358		332		353		322		355		343		274		299		311		329		330		323		317		325		331		333		391		343		385		353		343		365		324		307		302		312		353		340		250		188		241		237		217		262		302		284		272		217		201		170		184		206		213		34		24		42		48		36		24		18		14		18		67		87		68		72		37		81		88		97		48		118		151		160		106		98		107		116		134		131		205		158		222		237		249		268		258		285		275		298		308		266		262		299		313		311		187		323		113		130		179		187		204		207		180		147		134		151		284		172		178		193		221		231		334		247		254		234		238		250		286		290		271		222		269		255		239		247		262		291		294		387		402		424		413		422		361		367		360		350		364		319		348		314		237		0		
