Data =>
	instName=TWs4
	optimalValue=-1
	vehicles=-1
	capacity=160
	depotNode=1
	nodes=140
	arcs=75
	edges=115
	requiredN=47
	requiredA=47
	requiredE=65
0		-1		-1		-1		-1		-1		-1		-1		-1		-1		-1		-1		-1		-1		-1		-1		-1		-1		-1		-1		-1		-1		-1		-1		-1		-1		-1		-1		-1		-1		-1		-1		-1		-1		-1		-1		-1		-1		-1		-1		-1		-1		-1		-1		-1		-1		-1		-1		-1		-1		-1		-1		-1		-1		-1		-1		-1		-1		-1		-1		-1		-1		-1		-1		-1		-1		-1		-1		-1		-1		-1		-1		-1		-1		-1		-1		-1		-1		-1		-1		-1		-1		-1		-1		-1		-1		-1		-1		-1		-1		-1		-1		-1		-1		-1		-1		-1		-1		-1		-1		-1		-1		-1		-1		-1		-1		-1		-1		-1		-1		-1		-1		-1		-1		-1		-1		-1		-1		-1		-1		-1		-1		-1		-1		-1		-1		-1		-1		-1		-1		-1		-1		-1		-1		-1		-1		-1		-1		-1		-1		-1		
-1		0		53		269		247		582		556		577		546		579		567		498		523		535		553		554		547		541		549		555		510		568		520		520		477		467		500		448		442		437		447		488		475		385		323		289		411		272		386		380		362		350		255		364		333		319		244		251		440		330		432		402		390		378		372		278		274		241		246		286		304		317		227		226		229		244		190		223		195		227		235		244		280		270		265		280		238		228		213		201		189		199		173		178		160		150		130		126		140		154		128		121		164		201		184		252		244		261		264		234		201		180		163		122		142		136		121		93		118		221		93		100		80		76		64		28		18		37		86		133		119		103		111		151		180		183		191		206		228		251		226		217		256		249		239		253		208		237		203		372		354		
-1		53		0		248		226		561		535		556		525		558		546		477		502		514		532		533		526		520		528		534		489		547		499		499		456		446		479		427		421		416		426		467		454		364		302		268		390		251		365		359		341		329		234		343		312		298		223		230		419		309		411		381		369		357		351		271		267		220		225		265		283		296		206		213		222		237		169		202		174		206		214		223		259		249		244		259		217		207		192		180		168		178		152		157		139		129		109		105		119		133		107		100		143		207		190		258		250		267		270		240		207		186		169		127		150		144		129		101		126		229		101		108		88		84		72		36		35		16		65		112		98		82		90		130		159		162		170		185		207		230		205		196		235		228		218		232		187		216		182		351		333		
-1		244		223		0		168		641		615		636		605		638		626		557		582		594		612		613		606		600		608		614		569		627		579		579		536		526		559		507		501		496		506		547		534		444		382		323		445		306		420		414		396		384		289		431		400		386		278		285		524		414		516		486		474		462		456		376		372		325		330		370		388		401		311		318		327		342		274		307		279		311		319		323		314		304		299		319		272		262		247		235		223		233		207		212		194		184		164		160		197		211		212		205		221		312		295		363		355		372		375		345		312		291		274		232		306		300		285		257		282		385		257		264		244		240		228		227		226		207		170		183		169		153		145		130		101		162		90		75		41		64		125		116		235		228		218		232		187		216		182		431		438		
-1		210		189		156		0		607		581		602		571		604		592		523		548		560		578		579		572		566		574		580		535		593		545		545		502		492		525		473		467		462		472		513		500		410		348		289		411		272		386		380		362		350		255		397		366		352		244		251		490		380		482		452		440		428		422		342		338		291		296		336		354		367		277		284		293		308		240		273		245		277		285		289		280		270		265		285		238		228		213		201		189		199		173		178		160		150		130		126		163		177		178		171		187		278		261		329		321		338		341		311		278		257		240		198		272		266		251		223		248		351		223		230		210		206		194		193		192		173		136		149		135		119		111		96		67		128		78		93		115		138		113		104		201		194		184		198		153		182		148		397		404		
-1		465		444		562		540		0		26		47		36		165		153		84		109		121		139		140		133		127		135		141		196		254		206		218		163		153		198		134		140		160		145		186		173		108		170		252		388		235		363		357		339		327		224		219		188		174		224		228		347		237		339		309		297		285		279		275		279		291		271		255		189		224		438		377		324		309		401		261		270		257		260		251		242		224		277		287		250		240		255		267		279		289		295		306		308		443		423		419		345		331		337		344		321		352		369		437		429		446		449		419		386		373		413		371		483		477		462		434		459		562		434		441		421		417		429		448		447		428		379		426		412		396		404		444		473		476		484		499		521		544		519		510		549		542		532		546		501		530		496		121		261		
-1		439		418		536		514		26		0		21		10		139		127		58		83		95		113		114		107		101		109		115		170		228		180		192		137		127		172		108		114		134		119		160		147		82		144		226		362		209		337		331		313		301		198		193		162		148		198		202		321		211		313		283		271		259		253		249		253		265		245		229		163		198		412		351		298		283		375		235		244		231		234		225		216		198		251		261		224		214		229		241		253		263		269		280		282		417		397		393		319		305		311		318		295		326		343		411		403		420		423		393		360		347		387		345		457		451		436		408		433		536		408		415		395		391		403		422		421		402		353		400		386		370		378		418		447		450		458		473		495		518		493		484		523		516		506		520		475		504		470		95		235		
-1		460		439		557		535		47		21		0		31		160		148		79		104		116		134		135		128		122		130		136		191		249		201		213		158		148		193		129		135		155		140		181		168		103		165		247		383		230		358		352		334		322		219		214		183		169		219		223		342		232		334		304		292		280		274		270		274		286		266		250		184		219		433		372		319		304		396		256		265		252		255		246		237		219		272		282		245		235		250		262		274		284		290		301		303		438		418		414		340		326		332		339		316		347		364		432		424		441		444		414		381		368		408		366		478		472		457		429		454		557		429		436		416		412		424		443		442		423		374		421		407		391		399		439		468		471		479		494		516		539		514		505		544		537		527		541		496		525		491		116		256		
-1		429		408		526		504		36		10		31		0		129		117		48		73		85		103		104		97		91		99		105		160		218		170		182		127		117		162		98		104		124		109		150		137		72		134		216		352		199		327		321		303		291		188		183		152		138		188		192		311		201		303		273		261		249		243		239		243		255		235		219		153		188		402		341		288		273		365		225		234		221		224		215		206		188		241		251		214		204		219		231		243		253		259		270		272		407		387		383		309		295		301		308		285		316		333		401		393		410		413		383		350		337		377		335		447		441		426		398		423		526		398		405		385		381		393		412		411		392		343		390		376		360		368		408		437		440		448		463		485		508		483		474		513		506		496		510		465		494		460		85		225		
-1		466		445		563		541		73		47		68		37		0		154		85		110		122		140		141		134		128		136		142		197		255		207		219		164		154		199		135		141		161		146		187		174		109		171		253		389		236		364		358		340		328		225		220		189		175		225		229		348		238		340		310		298		286		280		276		280		292		272		256		190		225		439		378		325		310		402		262		271		258		261		252		243		225		278		288		251		241		256		268		280		290		296		307		309		444		424		420		346		332		338		345		322		353		370		438		430		447		450		420		387		374		414		372		484		478		463		435		460		563		435		442		422		418		430		449		448		429		380		427		413		397		405		445		474		477		485		500		522		545		520		511		550		543		533		547		502		531		497		122		262		
-1		478		457		575		553		85		59		80		49		12		0		97		122		134		152		13		21		140		34		28		209		267		219		231		176		166		211		147		153		173		158		199		186		121		183		265		401		248		376		370		352		340		237		232		201		187		237		241		360		250		352		322		310		298		292		288		292		304		284		268		202		237		451		390		337		322		414		274		283		270		273		264		255		237		290		300		263		253		268		280		292		302		308		319		321		456		436		432		358		344		350		357		334		365		382		450		442		459		462		432		399		386		426		384		496		490		475		447		472		575		447		454		434		430		442		461		460		441		392		439		425		409		417		457		486		489		497		512		534		557		532		523		562		555		545		559		514		543		509		134		274		
-1		381		360		478		456		84		58		79		48		81		69		0		25		37		55		56		49		43		51		57		112		170		122		134		79		69		114		50		56		76		61		102		89		24		86		168		304		151		279		273		255		243		140		135		104		90		140		144		263		153		255		225		213		201		195		191		195		207		187		171		105		140		354		293		240		225		317		177		186		173		176		167		158		140		193		203		166		156		171		183		195		205		211		222		224		359		339		335		261		247		253		260		237		268		285		353		345		362		365		335		302		289		329		287		399		393		378		350		375		478		350		357		337		333		345		364		363		344		295		342		328		312		320		360		389		392		400		415		437		460		435		426		465		458		448		462		417		446		412		37		177		
-1		522		501		619		597		129		103		124		93		56		44		141		0		12		30		31		24		18		26		32		253		311		263		275		220		210		255		191		197		217		202		243		230		165		227		309		445		292		420		414		396		384		281		276		245		231		281		285		404		294		396		366		354		342		336		332		336		348		328		312		246		281		495		434		381		366		458		318		327		314		317		308		299		281		334		344		307		297		312		324		336		346		352		363		365		500		480		476		402		388		394		401		378		409		426		494		486		503		506		476		443		430		470		428		540		534		519		491		516		619		491		498		478		474		486		505		504		485		436		483		469		453		461		501		530		533		541		556		578		601		576		567		606		599		589		603		558		587		553		178		318		
-1		510		489		607		585		117		91		112		81		44		32		129		12		0		18		19		12		6		14		20		241		299		251		263		208		198		243		179		185		205		190		231		218		153		215		297		433		280		408		402		384		372		269		264		233		219		269		273		392		282		384		354		342		330		324		320		324		336		316		300		234		269		483		422		369		354		446		306		315		302		305		296		287		269		322		332		295		285		300		312		324		334		340		351		353		488		468		464		390		376		382		389		366		397		414		482		474		491		494		464		431		418		458		416		528		522		507		479		504		607		479		486		466		462		474		493		492		473		424		471		457		441		449		489		518		521		529		544		566		589		564		555		594		587		577		591		546		575		541		166		306		
-1		528		507		625		603		135		109		130		99		62		50		147		30		18		0		37		30		24		32		38		259		317		269		281		226		216		261		197		203		223		208		249		236		171		233		315		451		298		426		420		402		390		287		282		251		237		287		291		410		300		402		372		360		348		342		338		342		354		334		318		252		287		501		440		387		372		464		324		333		320		323		314		305		287		340		350		313		303		318		330		342		352		358		369		371		506		486		482		408		394		400		407		384		415		432		500		492		509		512		482		449		436		476		434		546		540		525		497		522		625		497		504		484		480		492		511		510		491		442		489		475		459		467		507		536		539		547		562		584		607		582		573		612		605		595		609		564		593		559		184		324		
-1		491		470		588		566		98		72		93		62		25		13		110		135		147		165		0		8		153		47		41		222		280		232		244		189		179		224		160		166		186		171		212		199		134		196		278		414		261		389		383		365		353		250		245		214		200		250		254		373		263		365		335		323		311		305		301		305		317		297		281		215		250		464		403		350		335		427		287		296		283		286		277		268		250		303		313		276		266		281		293		305		315		321		332		334		469		449		445		371		357		363		370		347		378		395		463		455		472		475		445		412		399		439		397		509		503		488		460		485		588		460		467		447		443		455		474		473		454		405		452		438		422		430		470		499		502		510		525		547		570		545		536		575		568		558		572		527		556		522		147		287		
-1		499		478		596		574		106		80		101		70		33		21		118		143		155		173		8		0		161		55		49		230		288		240		252		197		187		232		168		174		194		179		220		207		142		204		286		422		269		397		391		373		361		258		253		222		208		258		262		381		271		373		343		331		319		313		309		313		325		305		289		223		258		472		411		358		343		435		295		304		291		294		285		276		258		311		321		284		274		289		301		313		323		329		340		342		477		457		453		379		365		371		378		355		386		403		471		463		480		483		453		420		407		447		405		517		511		496		468		493		596		468		475		455		451		463		482		481		462		413		460		446		430		438		478		507		510		518		533		555		578		553		544		583		576		566		580		535		564		530		155		295		
-1		504		483		601		579		111		85		106		75		38		26		123		18		6		24		13		18		0		8		14		235		293		245		257		202		192		237		173		179		199		184		225		212		147		209		291		427		274		402		396		378		366		263		258		227		213		263		267		386		276		378		348		336		324		318		314		318		330		310		294		228		263		477		416		363		348		440		300		309		296		299		290		281		263		316		326		289		279		294		306		318		328		334		345		347		482		462		458		384		370		376		383		360		391		408		476		468		485		488		458		425		412		452		410		522		516		501		473		498		601		473		480		460		456		468		487		486		467		418		465		451		435		443		483		512		515		523		538		560		583		558		549		588		581		571		585		540		569		535		160		300		
-1		512		491		609		587		119		93		114		83		46		34		131		156		168		186		47		55		174		0		6		243		301		253		265		210		200		245		181		187		207		192		233		220		155		217		299		435		282		410		404		386		374		271		266		235		221		271		275		394		284		386		356		344		332		326		322		326		338		318		302		236		271		485		424		371		356		448		308		317		304		307		298		289		271		324		334		297		287		302		314		326		336		342		353		355		490		470		466		392		378		384		391		368		399		416		484		476		493		496		466		433		420		460		418		530		524		509		481		506		609		481		488		468		464		476		495		494		475		426		473		459		443		451		491		520		523		531		546		568		591		566		557		596		589		579		593		548		577		543		168		308		
-1		506		485		603		581		113		87		108		77		40		28		125		150		162		180		41		49		168		6		0		237		295		247		259		204		194		239		175		181		201		186		227		214		149		211		293		429		276		404		398		380		368		265		260		229		215		265		269		388		278		380		350		338		326		320		316		320		332		312		296		230		265		479		418		365		350		442		302		311		298		301		292		283		265		318		328		291		281		296		308		320		330		336		347		349		484		464		460		386		372		378		385		362		393		410		478		470		487		490		460		427		414		454		412		524		518		503		475		500		603		475		482		462		458		470		489		488		469		420		467		453		437		445		485		514		517		525		540		562		585		560		551		590		583		573		587		542		571		537		162		302		
-1		556		535		653		631		163		137		158		127		90		78		175		34		46		64		65		58		52		60		66		0		58		10		309		254		244		289		225		231		251		236		277		264		199		261		343		479		326		454		448		430		418		315		310		279		265		315		319		438		328		430		400		388		376		370		366		370		382		362		346		280		315		529		468		415		400		492		352		361		348		351		342		333		315		368		378		341		331		346		358		370		380		386		397		399		534		514		510		436		422		428		435		412		443		460		528		520		537		540		510		477		464		504		462		574		568		553		525		550		653		525		532		512		508		520		539		538		519		470		517		503		487		495		535		564		567		575		590		612		635		610		601		640		633		623		637		592		621		587		212		352		
-1		614		593		711		689		221		195		216		185		148		136		233		92		104		122		123		116		110		118		124		58		0		68		367		312		302		347		283		289		309		294		335		322		257		319		401		537		384		512		506		488		476		373		368		337		323		373		377		496		386		488		458		446		434		428		424		428		440		420		404		338		373		587		526		473		458		550		410		419		406		409		400		391		373		426		436		399		389		404		416		428		438		444		455		457		592		572		568		494		480		486		493		470		501		518		586		578		595		598		568		535		522		562		520		632		626		611		583		608		711		583		590		570		566		578		597		596		577		528		575		561		545		553		593		622		625		633		648		670		693		668		659		698		691		681		695		650		679		645		270		410		
-1		566		545		663		641		173		147		168		137		100		88		185		44		56		74		75		68		62		70		76		10		68		0		319		264		254		299		235		241		261		246		287		274		209		271		353		489		336		464		458		440		428		325		320		289		275		325		329		448		338		440		410		398		386		380		376		380		392		372		356		290		325		539		478		425		410		502		362		371		358		361		352		343		325		378		388		351		341		356		368		380		390		396		407		409		544		524		520		446		432		438		445		422		453		470		538		530		547		550		520		487		474		514		472		584		578		563		535		560		663		535		542		522		518		530		549		548		529		480		527		513		497		505		545		574		577		585		600		622		645		620		611		650		643		633		647		602		631		597		222		362		
-1		518		497		615		593		221		195		216		185		201		189		137		145		157		175		176		169		163		171		177		111		55		121		0		78		68		20		87		93		213		98		32		126		161		223		305		441		288		416		410		392		380		277		272		241		227		277		281		400		290		392		362		350		338		332		328		332		344		324		308		242		277		491		430		377		362		454		314		323		310		313		304		295		277		330		340		303		293		308		320		332		342		348		359		361		496		476		472		398		384		390		397		374		405		422		490		482		499		502		472		439		426		466		424		536		530		515		487		512		615		487		494		474		470		482		501		500		481		432		479		465		449		457		497		526		529		537		552		574		597		572		563		602		595		585		599		554		583		549		174		314		
-1		460		439		557		535		163		137		158		127		123		111		79		67		79		97		98		91		85		93		99		33		91		43		56		0		10		58		29		35		155		40		70		68		103		165		247		383		230		358		352		334		322		219		214		183		169		219		223		342		232		334		304		292		280		274		270		274		286		266		250		184		219		433		372		319		304		396		256		265		252		255		246		237		219		272		282		245		235		250		262		274		284		290		301		303		438		418		414		340		326		332		339		316		347		364		432		424		441		444		414		381		368		408		366		478		472		457		429		454		557		429		436		416		412		424		443		442		423		374		421		407		391		399		439		468		471		479		494		516		539		514		505		544		537		527		541		496		525		491		116		256		
-1		450		429		547		525		153		127		148		117		133		121		69		77		89		107		108		101		95		103		109		43		101		53		66		10		0		48		19		25		145		30		60		58		93		155		237		373		220		348		342		324		312		209		204		173		159		209		213		332		222		324		294		282		270		264		260		264		276		256		240		174		209		423		362		309		294		386		246		255		242		245		236		227		209		262		272		235		225		240		252		264		274		280		291		293		428		408		404		330		316		322		329		306		337		354		422		414		431		434		404		371		358		398		356		468		462		447		419		444		547		419		426		406		402		414		433		432		413		364		411		397		381		389		429		458		461		469		484		506		529		504		495		534		527		517		531		486		515		481		106		246		
-1		498		477		595		573		201		175		196		165		181		169		117		125		137		155		156		149		143		151		157		91		75		101		20		58		48		0		67		73		193		78		12		106		141		203		285		421		268		396		390		372		360		257		252		221		207		257		261		380		270		372		342		330		318		312		308		312		324		304		288		222		257		471		410		357		342		434		294		303		290		293		284		275		257		310		320		283		273		288		300		312		322		328		339		341		476		456		452		378		364		370		377		354		385		402		470		462		479		482		452		419		406		446		404		516		510		495		467		492		595		467		474		454		450		462		481		480		461		412		459		445		429		437		477		506		509		517		532		554		577		552		543		582		575		565		579		534		563		529		154		294		
-1		431		410		528		506		134		108		129		98		131		119		50		75		87		105		106		99		93		101		107		62		120		72		84		29		19		64		0		6		126		11		52		39		74		136		218		354		201		329		323		305		293		190		185		154		140		190		194		313		203		305		275		263		251		245		241		245		257		237		221		155		190		404		343		290		275		367		227		236		223		226		217		208		190		243		253		216		206		221		233		245		255		261		272		274		409		389		385		311		297		303		310		287		318		335		403		395		412		415		385		352		339		379		337		449		443		428		400		425		528		400		407		387		383		395		414		413		394		345		392		378		362		370		410		439		442		450		465		487		510		485		476		515		508		498		512		467		496		462		87		227		
-1		437		416		534		512		140		114		135		104		137		125		56		81		93		111		112		105		99		107		113		68		126		78		78		35		25		58		6		0		132		5		46		33		80		142		224		360		207		335		329		311		299		196		191		160		146		196		200		319		209		311		281		269		257		251		247		251		263		243		227		161		196		410		349		296		281		373		233		242		229		232		223		214		196		249		259		222		212		227		239		251		261		267		278		280		415		395		391		317		303		309		316		293		324		341		409		401		418		421		391		358		345		385		343		455		449		434		406		431		534		406		413		393		389		401		420		419		400		351		398		384		368		376		416		445		448		456		471		493		516		491		482		521		514		504		518		473		502		468		93		233		
-1		409		388		506		484		145		119		140		109		142		130		61		86		98		116		117		110		104		112		118		73		131		83		83		40		30		63		11		5		0		10		51		38		52		114		196		332		179		307		301		283		271		168		163		132		118		168		172		291		181		283		253		241		229		223		219		223		235		215		199		133		168		382		321		268		253		345		205		214		201		204		195		186		168		221		231		194		184		199		211		223		233		239		250		252		387		367		363		289		275		281		288		265		296		313		381		373		390		393		363		330		317		357		315		427		421		406		378		403		506		378		385		365		361		373		392		391		372		323		370		356		340		348		388		417		420		428		443		465		488		463		454		493		486		476		490		445		474		440		65		205		
-1		442		421		539		517		145		119		140		109		142		130		61		86		98		116		117		110		104		112		118		73		128		83		73		40		30		53		11		5		137		0		41		28		85		147		229		365		212		340		334		316		304		201		196		165		151		201		205		324		214		316		286		274		262		256		252		256		268		248		232		166		201		415		354		301		286		378		238		247		234		237		228		219		201		254		264		227		217		232		244		256		266		272		283		285		420		400		396		322		308		314		321		298		329		346		414		406		423		426		396		363		350		390		348		460		454		439		411		436		539		411		418		398		394		406		425		424		405		356		403		389		373		381		421		450		453		461		476		498		521		496		487		526		519		509		523		478		507		473		98		238		
-1		510		489		607		585		213		187		208		177		193		181		129		137		149		167		168		161		155		163		169		103		87		113		32		70		60		12		79		85		205		90		0		118		153		215		297		433		280		408		402		384		372		269		264		233		219		269		273		392		282		384		354		342		330		324		320		324		336		316		300		234		269		483		422		369		354		446		306		315		302		305		296		287		269		322		332		295		285		300		312		324		334		340		351		353		488		468		464		390		376		382		389		366		397		414		482		474		491		494		464		431		418		458		416		528		522		507		479		504		607		479		486		466		462		474		493		492		473		424		471		457		441		449		489		518		521		529		544		566		589		564		555		594		587		577		591		546		575		541		166		306		
-1		470		449		567		545		173		147		168		137		170		158		89		114		126		144		145		138		132		140		146		101		156		111		101		68		58		81		39		33		165		28		69		0		113		175		257		393		240		368		362		344		332		229		224		193		179		229		233		352		242		344		314		302		290		284		280		284		296		276		260		194		229		443		382		329		314		406		266		275		262		265		256		247		229		282		292		255		245		260		272		284		294		300		311		313		448		428		424		350		336		342		349		326		357		374		442		434		451		454		424		391		378		418		376		488		482		467		439		464		567		439		446		426		422		434		453		452		433		384		431		417		401		409		449		478		481		489		504		526		549		524		515		554		547		537		551		506		535		501		126		266		
-1		357		336		454		432		197		171		192		161		194		182		113		138		150		168		169		162		156		164		170		125		183		135		135		92		82		115		63		57		52		62		103		90		0		62		144		280		127		255		249		231		219		116		111		80		66		116		120		239		129		231		201		189		177		171		167		171		183		163		147		81		116		330		269		216		201		293		153		162		149		152		143		134		116		169		179		142		132		147		159		171		181		187		198		200		335		315		311		237		223		229		236		213		244		261		329		321		338		341		311		278		265		305		263		375		369		354		326		351		454		326		333		313		309		321		340		339		320		271		318		304		288		296		336		365		368		376		391		413		436		411		402		441		434		424		438		393		422		388		13		153		
-1		295		274		392		370		259		233		254		223		256		244		175		200		212		230		231		224		218		226		232		187		245		197		197		154		144		177		125		119		114		124		165		152		62		0		82		218		65		193		187		169		157		54		49		18		4		54		58		177		67		169		139		127		115		109		105		109		121		101		85		19		54		268		207		154		139		231		91		100		87		90		81		72		54		107		117		80		70		85		97		109		119		125		136		138		273		253		249		175		161		167		174		151		182		199		267		259		276		279		249		216		203		243		201		313		307		292		264		289		392		264		271		251		247		259		278		277		258		209		256		242		226		234		274		303		306		314		329		351		374		349		340		379		372		362		376		331		360		326		49		91		
-1		354		333		451		429		318		292		313		282		315		303		234		259		271		289		290		283		277		285		291		246		304		256		256		213		203		236		184		178		173		183		224		211		121		59		0		277		124		252		246		228		216		113		108		77		63		113		117		236		126		228		198		186		174		168		164		168		180		160		144		78		113		327		266		213		198		290		150		159		146		149		140		131		113		166		176		139		129		144		156		168		178		184		195		197		332		312		308		234		220		226		233		210		241		258		326		318		335		338		308		275		262		302		260		372		366		351		323		348		451		323		330		310		306		318		337		336		317		268		315		301		285		293		333		362		365		373		388		410		433		408		399		438		431		421		435		390		419		385		108		150		
-1		358		337		455		433		322		296		317		286		319		307		238		263		275		293		294		287		281		289		295		250		308		260		260		217		207		240		188		182		177		187		228		215		125		63		4		0		20		25		31		47		35		117		112		81		67		117		121		240		130		232		202		190		178		172		168		172		184		164		148		82		117		331		270		217		202		294		154		163		150		153		144		135		117		170		180		143		133		148		160		172		182		188		199		201		336		316		312		238		224		230		237		214		245		262		330		322		339		342		312		279		266		306		264		376		370		355		327		352		455		327		334		314		310		322		341		340		321		272		319		305		289		297		337		366		369		377		392		414		437		412		403		442		435		425		439		394		423		389		112		154		
-1		371		350		468		446		335		309		330		299		332		320		251		276		288		306		307		300		294		302		308		263		321		273		273		230		220		253		201		195		190		200		241		228		138		76		17		294		0		269		263		245		233		130		125		94		80		130		134		253		143		245		215		203		191		185		181		185		197		177		161		95		130		344		283		230		215		307		167		176		163		166		157		148		130		183		193		156		146		161		173		185		195		201		212		214		349		329		325		251		237		243		250		227		258		275		343		335		352		355		325		292		279		319		277		389		383		368		340		365		468		340		347		327		323		335		354		353		334		285		332		318		302		310		350		379		382		390		405		427		450		425		416		455		448		438		452		407		436		402		125		167		
-1		383		362		480		458		347		321		342		311		344		332		263		288		300		318		319		312		306		314		320		275		333		285		285		242		232		265		213		207		202		212		253		240		150		88		29		25		45		0		6		22		10		113		137		106		92		116		109		265		155		257		227		215		203		197		193		197		209		189		173		107		142		356		295		242		227		319		179		188		175		178		169		160		142		169		189		142		132		147		159		171		181		187		198		200		361		341		337		237		223		255		262		213		270		287		355		347		364		367		337		304		291		331		289		401		395		380		352		377		480		352		359		339		335		347		366		365		346		297		344		330		314		322		362		391		394		402		417		439		462		437		428		467		460		450		464		419		448		414		137		179		
-1		389		368		486		464		353		327		348		317		350		338		269		294		306		324		325		318		312		320		326		281		339		291		291		248		238		271		219		213		208		218		259		246		156		94		35		31		51		6		0		28		16		119		143		112		98		122		115		271		161		263		233		221		209		203		199		203		215		195		179		113		148		362		301		248		233		325		185		194		181		184		175		166		148		175		195		148		138		153		165		177		187		193		204		206		367		347		343		243		229		261		268		219		276		293		361		353		370		373		343		310		297		337		295		407		401		386		358		383		486		358		365		345		341		353		372		371		352		303		350		336		320		328		368		397		400		408		423		445		468		443		434		473		466		456		470		425		454		420		143		185		
-1		407		386		504		482		371		345		366		335		368		356		287		312		324		342		343		336		330		338		344		299		357		309		309		266		256		289		237		231		226		236		277		264		174		112		53		49		69		24		18		0		12		115		161		130		116		118		111		289		179		281		251		239		227		221		217		221		233		213		197		131		166		380		319		266		251		343		203		212		199		202		193		184		166		171		191		144		134		149		161		173		183		189		200		202		385		365		361		239		225		279		286		215		294		311		379		371		388		391		361		328		315		355		313		425		419		404		376		401		504		376		383		363		359		371		390		389		370		321		368		354		338		346		386		415		418		426		441		463		486		461		452		491		484		474		488		443		472		438		161		203		
-1		397		376		494		472		383		357		378		347		380		368		299		324		336		354		355		348		342		350		356		311		369		321		321		278		268		301		249		243		238		248		289		276		186		124		65		61		81		36		30		12		0		103		173		142		128		106		99		301		191		293		263		251		239		233		229		233		223		203		209		143		178		382		331		278		263		345		193		202		189		192		183		174		164		159		179		132		122		137		149		161		171		177		188		190		375		355		351		227		213		269		276		203		306		323		391		383		400		403		373		340		327		345		303		415		409		394		366		391		494		366		373		353		349		361		380		379		360		311		358		344		328		336		376		405		408		416		431		453		476		451		442		481		474		464		478		433		462		428		173		215		
-1		302		281		399		377		352		326		347		316		349		337		268		293		305		323		324		317		311		319		325		280		338		290		290		247		237		270		218		212		207		217		258		245		155		93		34		164		17		139		133		115		103		0		142		111		97		11		4		270		160		262		232		220		208		202		181		177		128		108		148		112		147		287		275		222		207		250		98		107		94		97		88		79		69		64		84		37		27		42		54		66		76		82		93		95		280		260		256		132		118		174		181		108		250		267		335		327		344		347		317		284		267		250		208		320		314		299		271		296		399		271		278		258		254		266		285		284		265		216		263		249		233		241		281		310		313		321		336		358		381		356		347		386		379		369		383		338		367		333		142		184		
-1		296		275		393		371		351		325		346		315		348		336		267		292		304		322		323		316		310		318		324		279		337		289		289		246		236		269		217		211		206		216		257		244		154		92		33		169		16		144		138		120		108		5		0		110		96		5		9		269		159		261		231		219		207		201		175		171		122		102		142		111		146		281		269		216		201		244		92		101		88		91		82		73		63		58		78		31		21		36		48		60		70		76		87		89		274		254		250		126		112		168		175		102		244		261		329		321		338		341		311		278		261		244		202		314		308		293		265		290		393		265		272		252		248		260		279		278		259		210		257		243		227		235		275		304		307		315		330		352		375		350		341		380		373		363		377		332		361		327		141		183		
-1		277		256		374		352		382		356		377		346		379		367		298		323		335		353		354		347		341		349		355		310		368		320		320		277		267		300		248		242		237		247		288		275		185		123		64		200		47		175		169		151		139		36		31		0		127		36		40		277		167		269		239		227		215		209		156		152		103		83		123		141		154		262		250		197		182		225		73		82		69		72		63		54		36		89		99		62		52		67		79		91		101		107		118		120		255		235		231		157		143		149		156		133		225		242		310		302		319		322		292		259		242		225		183		295		289		274		246		271		374		246		253		233		229		241		260		259		240		191		238		224		208		216		256		285		288		296		311		333		356		331		322		361		354		344		358		313		342		308		172		191		
-1		291		270		388		366		263		237		258		227		260		248		179		204		216		234		235		228		222		230		236		191		249		201		201		158		148		181		129		123		118		128		169		156		66		4		78		214		61		189		183		165		153		50		45		14		0		50		54		173		63		165		135		123		111		105		101		105		117		97		81		15		50		264		203		150		135		227		87		96		83		86		77		68		50		103		113		76		66		81		93		105		115		121		132		134		269		249		245		171		157		163		170		147		178		195		263		255		272		275		245		212		199		239		197		309		303		288		260		285		388		260		267		247		243		255		274		273		254		205		252		238		222		230		270		299		302		310		325		347		370		345		336		375		368		358		372		327		356		322		53		87		
-1		291		270		388		366		363		337		358		327		360		348		279		304		316		334		335		328		322		330		336		291		349		301		301		258		248		281		229		223		218		228		269		256		166		104		45		167		28		142		136		118		106		11		153		122		108		0		7		281		171		273		243		231		219		213		170		166		117		97		137		123		158		276		264		211		196		239		87		96		83		86		77		68		58		53		73		26		16		31		43		55		65		71		82		84		269		249		245		121		107		163		170		97		239		256		324		316		333		336		306		273		256		239		197		309		303		288		260		285		388		260		267		247		243		255		274		273		254		205		252		238		222		230		270		299		302		310		325		347		370		345		336		375		368		358		372		327		356		322		153		195		
-1		298		277		395		373		356		330		351		320		353		341		272		297		309		327		328		321		315		323		329		284		342		294		294		251		241		274		222		216		211		221		262		249		159		97		38		160		21		135		129		111		99		4		146		115		101		7		0		274		164		266		236		224		212		206		177		173		124		104		144		116		151		283		271		218		203		246		94		103		90		93		84		75		65		60		80		33		23		38		50		62		72		78		89		91		276		256		252		128		114		170		177		104		246		263		331		323		340		343		313		280		263		246		204		316		310		295		267		292		395		267		274		254		250		262		281		280		261		212		259		245		229		237		277		306		309		317		332		354		377		352		343		382		375		365		379		334		363		329		146		188		
-1		364		343		461		439		259		233		254		223		256		244		175		200		212		230		231		224		218		226		232		187		245		197		197		154		144		177		125		119		114		124		165		152		62		77		151		287		134		262		256		238		226		123		118		87		73		123		127		0		10		112		82		70		58		52		48		52		101		94		54		58		23		211		150		97		82		174		160		169		156		159		150		141		123		176		186		149		139		154		166		178		188		194		205		207		342		322		318		244		230		236		243		220		125		142		210		202		219		222		192		159		146		312		270		382		376		361		333		358		461		333		340		320		316		328		347		346		327		278		325		311		295		303		343		372		375		383		398		420		443		418		409		448		441		431		445		400		429		395		49		34		
-1		354		333		451		429		326		300		321		290		323		311		242		267		279		297		298		291		285		293		299		254		312		264		264		221		211		244		192		186		181		191		232		219		129		67		141		277		124		252		246		228		216		113		108		77		63		113		117		110		0		102		72		60		48		42		38		42		91		84		44		48		13		201		140		87		72		164		150		159		146		149		140		131		113		166		176		139		129		144		156		168		178		184		195		197		332		312		308		234		220		226		233		210		115		132		200		192		209		212		182		149		136		302		260		372		366		351		323		348		451		323		330		310		306		318		337		336		317		268		315		301		285		293		333		362		365		373		388		410		433		408		399		438		431		421		435		390		419		385		116		24		
-1		372		351		469		447		267		241		262		231		264		252		183		208		220		238		239		232		226		234		240		195		253		205		205		162		152		185		133		127		122		132		173		160		70		85		159		295		142		270		264		246		234		131		126		95		81		131		135		8		18		0		90		78		66		60		56		60		109		102		62		66		31		219		158		105		90		182		168		177		164		167		158		149		131		184		194		157		147		162		174		186		196		202		213		215		350		330		326		252		238		244		251		228		133		150		218		210		227		230		200		167		154		320		278		390		384		369		341		366		469		341		348		328		324		336		355		354		335		286		333		319		303		311		351		380		383		391		406		428		451		426		417		456		449		439		453		408		437		403		57		42		
-1		402		381		499		477		297		271		292		261		294		282		213		238		250		268		269		262		256		264		270		225		283		235		235		192		182		215		163		157		152		162		203		190		100		115		189		325		172		300		294		276		264		161		156		125		111		161		165		38		48		30		0		12		24		66		62		66		115		132		92		96		61		225		164		111		96		188		198		207		194		197		188		179		161		214		224		187		177		192		204		216		226		232		243		245		380		360		356		282		268		274		281		258		139		156		224		216		233		236		206		173		160		350		308		420		414		399		371		396		499		371		378		358		354		366		385		384		365		316		363		349		333		341		381		410		413		421		436		458		481		456		447		486		479		469		483		438		467		433		87		48		
-1		413		392		510		488		309		283		304		273		306		294		225		250		262		280		281		274		268		276		282		237		295		247		247		204		194		227		175		169		164		174		215		202		112		127		201		337		184		312		306		288		276		173		168		137		123		173		177		50		60		42		12		0		12		54		50		54		103		123		104		108		73		213		152		99		84		176		209		218		206		209		200		191		173		226		236		199		189		204		216		228		238		244		255		257		391		371		367		294		280		285		292		270		127		144		212		204		221		224		194		161		148		361		319		431		425		410		382		407		510		382		389		369		365		377		396		395		376		327		374		360		344		352		392		421		424		432		447		469		492		467		458		497		490		480		494		449		478		444		99		36		
-1		401		380		498		476		321		295		316		285		318		306		237		262		274		292		293		286		280		288		294		249		307		259		259		216		206		239		187		181		176		186		227		214		124		115		189		325		172		300		294		276		264		161		156		125		111		161		165		62		48		54		24		12		0		42		38		42		91		111		92		96		61		201		140		87		72		164		197		206		194		197		188		179		161		214		224		187		177		192		204		216		226		232		243		245		379		359		355		282		268		273		280		258		115		132		200		192		209		212		182		149		136		349		307		419		413		398		370		395		498		370		377		357		353		365		384		383		364		315		362		348		332		340		380		409		412		420		435		457		480		455		446		485		478		468		482		437		466		432		111		24		
-1		373		352		470		448		419		393		414		383		416		404		335		360		372		390		391		384		378		386		392		347		405		357		357		314		304		337		285		279		274		284		325		312		222		160		234		370		217		345		339		321		309		206		201		170		156		206		210		277		167		269		239		227		215		0		10		14		63		83		123		141		154		173		112		59		44		136		169		178		173		181		190		224		206		259		226		232		222		237		249		261		271		277		288		290		351		331		327		257		271		245		252		281		87		104		172		164		181		184		154		121		108		321		279		391		385		370		342		367		470		342		349		329		325		337		356		355		336		287		334		320		304		312		352		381		384		392		407		429		452		427		418		457		450		440		454		409		438		404		209		191		
-1		363		342		460		438		409		383		404		373		406		394		325		350		362		380		381		374		368		376		382		337		395		347		347		304		294		327		275		269		264		274		315		302		212		150		224		360		207		335		329		311		299		196		191		160		146		196		200		267		157		259		229		217		205		199		0		4		53		73		113		131		144		163		102		49		34		126		159		168		163		171		180		214		196		249		216		222		212		227		239		251		261		267		278		280		341		321		317		247		261		235		242		271		77		94		162		154		171		174		144		111		98		311		269		381		375		360		332		357		460		332		339		319		315		327		346		345		326		277		324		310		294		302		342		371		374		382		397		419		442		417		408		447		440		430		444		399		428		394		199		181		
-1		359		338		456		434		405		379		400		369		402		390		321		346		358		376		377		370		364		372		378		333		391		343		343		300		290		323		271		265		260		270		311		298		208		146		220		356		203		331		325		307		295		192		187		156		142		192		196		263		153		255		225		213		201		195		4		0		49		69		109		127		140		159		98		45		30		122		155		164		159		167		176		210		192		245		212		218		208		223		235		247		257		263		274		276		337		317		313		243		257		231		238		267		73		90		158		150		167		170		140		107		94		307		265		377		371		356		328		353		456		328		335		315		311		323		342		341		322		273		320		306		290		298		338		367		370		378		393		415		438		413		404		443		436		426		440		395		424		390		195		177		
-1		384		363		481		459		356		330		351		320		353		341		272		297		309		327		328		321		315		323		329		284		342		294		294		251		241		274		222		216		211		221		262		249		159		97		171		307		154		282		276		258		246		143		138		107		93		143		147		214		104		206		176		164		152		146		53		49		0		20		60		78		91		208		147		94		79		171		180		189		176		179		170		161		143		196		206		169		159		174		186		198		208		214		225		227		362		342		338		264		250		256		263		240		122		139		207		199		216		219		189		156		143		332		290		402		396		381		353		378		481		353		360		340		336		348		367		366		347		298		345		331		315		323		363		392		395		403		418		440		463		438		429		468		461		451		465		420		449		415		146		128		
-1		364		343		461		439		336		310		331		300		333		321		252		277		289		307		308		301		295		303		309		264		322		274		274		231		221		254		202		196		191		201		242		229		139		77		151		287		134		262		256		238		226		123		118		87		73		123		127		194		84		186		156		144		132		126		73		69		20		0		40		58		71		228		167		114		99		191		160		169		156		159		150		141		123		176		186		149		139		154		166		178		188		194		205		207		342		322		318		244		230		236		243		220		142		159		227		219		236		239		209		176		163		312		270		382		376		361		333		358		461		333		340		320		316		328		347		346		327		278		325		311		295		303		343		372		375		383		398		420		443		418		409		448		441		431		445		400		429		395		126		108		
-1		324		303		421		399		296		270		291		260		293		281		212		237		249		267		268		261		255		263		269		224		282		234		234		191		181		214		162		156		151		161		202		189		99		37		111		247		94		222		216		198		186		83		78		47		33		83		87		154		44		146		116		104		92		86		82		86		60		40		0		18		31		245		184		131		116		208		120		129		116		119		110		101		83		136		146		109		99		114		126		138		148		154		165		167		302		282		278		204		190		196		203		180		159		176		244		236		253		256		226		193		180		272		230		342		336		321		293		318		421		293		300		280		276		288		307		306		287		238		285		271		255		263		303		332		335		343		358		380		403		378		369		408		401		391		405		360		389		355		86		68		
-1		306		285		403		381		278		252		273		242		275		263		194		219		231		249		250		243		237		245		251		206		264		216		216		173		163		196		144		138		133		143		184		171		81		19		93		229		76		204		198		180		168		65		60		29		15		65		69		158		48		150		120		108		96		90		86		90		126		106		66		0		35		249		188		135		120		212		102		111		98		101		92		83		65		118		128		91		81		96		108		120		130		136		147		149		284		264		260		186		172		178		185		162		163		180		248		240		257		260		230		197		184		254		212		324		318		303		275		300		403		275		282		262		258		270		289		288		269		220		267		253		237		245		285		314		317		325		340		362		385		360		351		390		383		373		387		342		371		337		68		72		
-1		341		320		438		416		313		287		308		277		310		298		229		254		266		284		285		278		272		280		286		241		299		251		251		208		198		231		179		173		168		178		219		206		116		54		128		264		111		239		233		215		203		100		95		64		50		100		104		123		13		115		85		73		61		55		51		55		91		71		31		35		0		214		153		100		85		177		137		146		133		136		127		118		100		153		163		126		116		131		143		155		165		171		182		184		319		299		295		221		207		213		220		197		128		145		213		205		222		225		195		162		149		289		247		359		353		338		310		335		438		310		317		297		293		305		324		323		304		255		302		288		272		280		320		349		352		360		375		397		420		395		386		425		418		408		422		377		406		372		103		37		
-1		274		253		371		349		370		344		365		334		367		355		286		311		323		341		342		335		329		337		343		298		356		308		308		265		255		288		236		230		225		235		276		263		173		111		185		321		168		296		290		272		260		157		152		121		107		157		161		228		118		220		190		178		166		160		65		61		14		34		74		92		105		0		7		16		31		37		70		79		74		82		91		175		157		201		127		174		173		188		200		212		222		224		229		211		252		232		228		158		172		146		153		182		32		49		117		109		126		129		99		66		53		222		180		292		286		271		243		268		371		243		250		230		226		238		257		256		237		188		235		221		205		213		253		282		285		293		308		330		353		328		319		358		351		341		355		310		339		305		160		142		
-1		311		290		408		386		459		433		454		423		456		444		375		400		412		430		431		424		418		426		432		387		445		397		397		354		344		377		325		319		314		324		365		352		262		200		274		404		257		379		373		355		343		246		241		210		196		237		244		317		207		309		279		267		255		249		58		54		103		123		163		181		194		111		0		9		24		74		107		116		111		119		128		253		243		238		164		211		221		236		248		260		270		261		266		248		289		269		265		195		209		183		190		219		25		42		110		102		119		122		92		59		46		259		217		329		323		308		280		305		408		280		287		267		263		275		294		293		274		225		272		258		242		250		290		319		322		330		345		367		390		365		356		395		388		378		392		347		376		342		249		231		
-1		314		293		411		389		450		424		445		414		447		435		366		391		403		421		422		415		409		417		423		378		436		388		388		345		335		368		316		310		305		315		356		343		253		191		265		401		248		376		370		352		340		237		232		201		187		237		241		308		198		300		270		258		246		240		49		45		94		114		154		172		185		114		53		0		15		77		110		119		114		122		131		255		237		241		167		214		224		239		251		263		273		264		269		251		292		272		268		198		212		186		193		222		28		45		113		105		122		125		95		62		49		262		220		332		326		311		283		308		411		283		290		270		266		278		297		296		277		228		275		261		245		253		293		322		325		333		348		370		393		368		359		398		391		381		395		350		379		345		240		222		
-1		329		308		426		404		435		409		430		399		432		420		351		376		388		406		407		400		394		402		408		363		421		373		373		330		320		353		301		295		290		300		341		328		238		176		250		386		233		361		355		337		325		222		217		186		172		222		226		293		183		285		255		243		231		225		34		30		79		99		139		157		170		129		68		15		0		92		125		134		129		137		146		240		222		256		182		229		238		253		265		277		287		279		284		266		307		287		283		213		227		201		208		237		43		60		128		120		137		140		110		77		64		277		235		347		341		326		298		323		426		298		305		285		281		293		312		311		292		243		290		276		260		268		308		337		340		348		363		385		408		383		374		413		406		396		410		365		394		360		225		207		
-1		237		216		334		312		392		366		387		356		389		377		308		333		345		363		364		357		351		359		365		320		378		330		330		287		277		310		258		252		247		257		298		285		195		133		207		330		190		305		299		281		269		174		174		143		129		163		170		250		140		242		212		200		188		182		102		98		51		56		96		114		127		37		44		53		68		0		33		42		37		45		54		179		169		164		90		137		147		162		174		186		196		187		192		174		215		195		191		121		135		109		116		145		49		32		100		92		109		112		82		49		28		185		143		255		249		234		206		231		334		206		213		193		189		201		220		219		200		151		198		184		168		176		216		245		248		256		271		293		316		291		282		321		314		304		318		273		302		268		182		164		
-1		204		183		301		279		359		333		354		323		356		344		275		300		312		330		331		324		318		326		332		287		345		297		297		254		244		277		225		219		214		224		265		252		162		100		174		297		157		272		266		248		236		141		141		110		96		130		137		217		107		209		179		167		155		149		96		92		43		23		63		81		94		189		190		137		122		152		0		9		4		12		21		146		136		131		57		104		114		129		141		153		163		154		159		141		182		162		158		88		102		76		83		112		165		173		241		233		250		253		223		190		169		152		110		222		216		201		173		198		301		173		180		160		156		168		187		186		167		118		165		151		135		143		183		212		215		223		238		260		283		258		249		288		281		271		285		240		269		235		149		131		
-1		195		174		292		270		535		509		530		499		532		520		451		476		488		506		507		500		494		502		508		463		521		473		473		430		420		453		401		395		390		400		441		428		338		276		261		383		244		358		352		334		322		227		317		286		272		216		223		393		283		385		355		343		331		325		245		241		194		199		239		257		270		180		187		196		211		143		176		0		180		188		197		252		242		237		233		210		200		185		173		161		171		145		150		132		173		153		149		79		93		67		74		103		181		164		232		224		241		244		214		181		160		143		101		213		207		192		164		189		292		164		171		151		147		159		178		177		158		109		156		142		126		134		174		203		206		214		229		251		274		249		240		279		272		262		276		231		260		226		325		307		
-1		208		187		305		283		355		329		350		319		352		340		271		296		308		326		327		320		314		322		328		283		341		293		293		250		240		273		221		215		210		220		261		248		158		96		170		293		153		268		262		244		232		137		137		106		92		126		133		213		103		205		175		163		151		145		92		88		39		19		59		77		90		193		186		133		118		156		4		13		0		8		17		142		132		127		53		100		110		125		137		149		159		158		163		145		186		166		162		92		106		80		87		116		161		177		245		237		254		257		227		194		173		156		114		226		220		205		177		202		305		177		184		164		160		172		191		190		171		122		169		155		139		147		187		216		219		227		242		264		287		262		253		292		285		275		289		244		273		239		145		127		
-1		223		202		320		298		347		321		342		311		344		332		263		288		300		318		319		312		306		314		320		275		333		285		285		242		232		265		213		207		202		212		253		240		150		88		162		285		145		260		254		236		224		129		129		98		84		118		125		205		95		197		167		155		143		137		84		80		31		11		51		69		82		208		178		125		110		171		19		28		15		0		9		134		124		119		45		92		102		117		129		141		151		157		168		160		201		181		177		107		121		95		102		131		153		170		238		230		247		250		220		187		174		171		129		241		235		220		192		217		320		192		199		179		175		187		206		205		186		137		184		170		154		162		202		231		234		242		257		279		302		277		268		307		300		290		304		259		288		254		137		119		
-1		214		193		311		289		356		330		351		320		353		341		272		297		309		327		328		321		315		323		329		284		342		294		294		251		241		274		222		216		211		221		262		249		159		97		154		276		137		251		245		227		215		120		138		107		93		109		116		214		104		206		176		164		152		146		93		89		40		20		60		78		91		199		187		134		119		162		10		19		6		9		0		125		115		110		36		83		93		108		120		132		142		148		159		151		192		172		168		98		112		86		93		122		162		179		247		239		256		259		229		196		179		162		120		232		226		211		183		208		311		183		190		170		166		178		197		196		177		128		175		161		145		153		193		222		225		233		248		270		293		268		259		298		291		281		295		250		279		245		146		128		
-1		223		202		320		298		365		339		360		329		362		350		281		306		318		336		337		330		324		332		338		293		351		303		303		260		250		283		231		225		220		230		271		258		168		106		163		285		146		260		254		236		224		129		147		116		102		118		125		223		113		215		185		173		161		155		102		98		49		29		69		87		100		208		196		143		128		171		19		28		15		18		9		0		18		119		45		92		102		117		129		141		151		157		168		160		201		181		177		107		121		95		102		131		171		188		256		248		265		268		238		205		188		171		129		241		235		220		192		217		320		192		199		179		175		187		206		205		186		137		184		170		154		162		202		231		234		242		257		279		302		277		268		307		300		290		304		259		288		254		155		137		
-1		241		220		338		316		383		357		378		347		380		368		299		324		336		354		355		348		342		350		356		311		369		321		321		278		268		301		249		243		238		248		289		276		186		124		181		303		164		278		272		254		242		147		165		134		120		136		143		241		131		233		203		191		179		173		120		116		67		47		87		105		118		226		214		161		146		189		37		46		33		36		27		18		0		137		63		110		120		135		147		159		169		175		186		178		219		199		195		125		139		113		120		149		189		206		274		266		283		286		256		223		206		189		147		259		253		238		210		235		338		210		217		197		193		205		224		223		204		155		202		188		172		180		220		249		252		260		275		297		320		295		286		325		318		308		322		277		306		272		173		155		
-1		238		217		335		313		380		354		375		344		377		365		296		321		333		351		352		345		339		347		353		308		366		318		318		275		265		298		246		240		235		245		286		273		183		121		178		300		161		275		269		251		239		144		162		131		117		133		140		238		128		230		200		188		176		170		117		113		64		44		84		102		115		223		211		158		143		186		34		43		30		33		24		15		5		0		60		107		117		132		144		156		166		172		183		175		216		196		192		122		136		110		117		146		186		203		271		263		280		283		253		220		203		186		144		256		250		235		207		232		335		207		214		194		190		202		221		220		201		152		199		185		169		177		217		246		249		257		272		294		317		292		283		322		315		305		319		274		303		269		170		152		
-1		250		229		347		325		392		366		387		356		389		377		308		333		345		363		364		357		351		359		365		320		378		330		330		287		277		310		258		252		247		257		298		285		195		133		118		240		101		215		209		191		179		84		174		143		129		73		80		250		140		242		212		200		188		182		129		125		76		56		96		114		127		235		223		170		155		198		46		55		42		45		36		89		79		74		0		47		57		72		84		96		106		112		123		125		228		208		204		134		148		122		129		138		198		215		283		275		292		295		265		232		215		198		156		268		262		247		219		244		347		219		226		206		202		214		233		232		213		164		211		197		181		189		229		258		261		269		284		306		329		304		295		334		327		317		331		286		315		281		182		164		
-1		265		244		362		340		389		363		384		353		386		374		305		330		342		360		361		354		348		356		362		317		375		327		327		284		274		307		255		249		244		254		295		282		192		130		71		193		54		168		162		144		132		37		179		148		134		26		33		265		155		257		227		215		203		197		144		140		91		71		111		129		142		250		238		185		170		213		61		70		57		60		51		42		32		27		47		0		10		25		37		49		59		65		76		78		243		223		219		115		101		137		144		91		213		230		298		290		307		310		280		247		230		213		171		283		277		262		234		259		362		234		241		221		217		229		248		247		228		179		226		212		196		204		244		273		276		284		299		321		344		319		310		349		342		332		346		301		330		296		179		179		
-1		275		254		372		350		379		353		374		343		376		364		295		320		332		350		351		344		338		346		352		307		365		317		317		274		264		297		245		239		234		244		285		272		182		120		61		183		44		158		152		134		122		27		169		138		124		16		23		275		165		267		237		225		213		207		154		150		101		81		121		139		152		260		248		195		180		223		71		80		67		70		61		52		42		37		57		10		0		15		27		39		49		55		66		68		253		233		229		105		91		147		154		81		223		240		308		300		317		320		290		257		240		223		181		293		287		272		244		269		372		244		251		231		227		239		258		257		238		189		236		222		206		214		254		283		286		294		309		331		354		329		320		359		352		342		356		311		340		306		169		189		
-1		290		269		387		365		394		368		389		358		391		379		310		335		347		365		366		359		353		361		367		322		380		332		332		289		279		312		260		254		249		259		300		287		197		135		76		198		59		173		167		149		137		42		184		153		139		31		38		290		180		282		252		240		228		222		169		165		116		96		136		154		167		275		263		210		195		238		86		95		82		85		76		67		57		52		72		25		15		0		12		24		34		40		51		53		268		248		244		90		76		162		169		66		238		255		323		315		332		335		305		272		255		238		196		308		302		287		259		284		387		259		266		246		242		254		273		272		253		204		251		237		221		229		269		298		301		309		324		346		369		344		335		374		367		357		371		326		355		321		184		204		
-1		302		281		399		377		406		380		401		370		403		391		322		347		359		377		378		371		365		373		379		334		392		344		344		301		291		324		272		266		261		271		312		299		209		147		88		210		71		185		179		161		149		54		196		165		151		43		50		302		192		294		264		252		240		234		181		177		128		108		148		166		179		287		275		222		207		250		98		107		94		97		88		79		69		64		84		37		27		12		0		12		22		28		39		41		280		260		256		78		64		174		181		54		250		267		335		327		344		347		317		284		267		250		208		320		314		299		271		296		399		271		278		258		254		266		285		284		265		216		263		249		233		241		281		310		313		321		336		358		381		356		347		386		379		369		383		338		367		333		196		216		
-1		314		293		411		389		418		392		413		382		415		403		334		359		371		389		390		383		377		385		391		346		404		356		356		313		303		336		284		278		273		283		324		311		221		159		100		222		83		197		191		173		161		66		208		177		163		55		62		314		204		306		276		264		252		246		193		189		140		120		160		178		191		299		287		234		219		262		110		119		106		109		100		91		81		76		96		49		39		24		12		0		10		16		27		29		292		272		268		66		52		186		193		42		262		279		347		339		356		359		329		296		279		262		220		332		326		311		283		308		411		283		290		270		266		278		297		296		277		228		275		261		245		253		293		322		325		333		348		370		393		368		359		398		391		381		395		350		379		345		208		228		
-1		311		290		408		386		415		389		410		379		412		400		331		356		368		386		387		380		374		382		388		343		401		353		353		310		300		333		281		275		270		280		321		308		218		156		97		219		80		194		188		170		158		63		205		174		160		52		59		311		201		303		273		261		249		243		190		186		137		117		157		175		188		296		284		231		216		259		107		116		103		106		97		88		78		73		93		46		36		21		9		10		0		26		17		35		289		269		265		76		62		183		190		52		259		276		344		336		353		356		326		293		276		259		217		329		323		308		280		305		408		280		287		267		263		275		294		293		274		225		272		258		242		250		290		319		322		330		345		367		390		365		356		395		388		378		392		347		376		342		205		225		
-1		330		309		427		405		434		408		429		398		431		419		350		375		387		405		406		399		393		401		407		362		420		372		372		329		319		352		300		294		289		299		340		327		237		175		116		238		99		213		207		189		177		82		224		193		179		71		78		330		220		322		292		280		268		262		209		205		156		136		176		194		207		315		303		250		235		278		126		135		122		125		116		107		97		92		112		65		55		40		28		16		26		0		31		13		308		288		284		50		36		202		209		26		278		295		363		355		372		375		345		312		295		278		236		348		342		327		299		324		427		299		306		286		282		294		313		312		293		244		291		277		261		269		309		338		341		349		364		386		409		384		375		414		407		397		411		366		395		361		224		244		
-1		340		319		437		415		444		418		439		408		441		429		360		385		397		415		416		409		403		411		417		372		430		382		382		339		329		362		310		304		299		309		350		337		247		185		126		248		109		223		217		199		187		92		234		203		189		81		88		340		230		332		302		290		278		272		219		215		166		146		186		204		217		325		313		260		245		288		136		145		132		135		126		117		107		102		122		75		65		50		38		26		36		10		0		18		318		298		294		60		46		212		219		36		288		305		373		365		382		385		355		322		305		288		246		358		352		337		309		334		437		309		316		296		292		304		323		322		303		254		301		287		271		279		319		348		351		359		374		396		419		394		385		424		417		407		421		376		405		371		234		254		
-1		343		322		440		418		447		421		442		411		444		432		363		388		400		418		419		412		406		414		420		375		433		385		385		342		332		365		313		307		302		312		353		340		250		188		129		251		112		226		220		202		190		95		237		206		192		84		91		343		233		335		305		293		281		275		222		218		169		149		189		207		220		328		316		263		248		291		139		148		135		138		129		120		110		105		125		78		68		53		41		29		39		13		18		0		321		301		297		53		39		215		222		29		291		308		376		368		385		388		358		325		308		291		249		361		355		340		312		337		440		312		319		299		295		307		326		325		306		257		304		290		274		282		322		351		354		362		377		399		422		397		388		427		420		410		424		379		408		374		237		257		
-1		353		332		450		428		457		431		452		421		454		442		373		398		410		428		429		422		416		424		430		385		443		395		395		352		342		375		323		317		312		322		363		350		260		198		139		261		122		236		230		212		200		105		247		216		202		94		101		353		243		345		315		303		291		285		232		228		179		159		199		217		230		338		326		273		258		301		149		158		145		148		139		130		120		115		135		88		78		63		51		39		49		23		28		10		0		20		24		53		49		225		232		39		301		318		386		378		395		398		368		335		318		301		259		371		365		350		322		347		450		322		329		309		305		317		336		335		316		267		314		300		284		292		332		361		364		372		387		409		432		407		398		437		430		420		434		389		418		384		247		267		
-1		373		352		470		448		477		451		472		441		474		462		393		418		430		448		449		442		436		444		450		405		463		415		415		372		362		395		343		337		332		342		383		370		280		218		159		281		142		256		250		232		220		125		267		236		222		114		121		373		263		365		335		323		311		305		252		248		199		179		219		237		250		358		346		293		278		321		169		178		165		168		159		150		140		135		155		108		98		83		71		59		69		43		48		30		20		0		4		33		47		245		252		57		321		338		406		398		415		418		388		355		338		321		279		391		385		370		342		367		470		342		349		329		325		337		356		355		336		287		334		320		304		312		352		381		384		392		407		429		452		427		418		457		450		440		454		409		438		404		267		287		
-1		377		356		474		452		481		455		476		445		478		466		397		422		434		452		453		446		440		448		454		409		467		419		419		376		366		399		347		341		336		346		387		374		284		222		163		285		146		260		254		236		224		129		271		240		226		118		125		377		267		369		339		327		315		309		256		252		203		183		223		241		254		362		350		297		282		325		173		182		169		172		163		154		144		139		159		112		102		87		75		63		73		47		52		34		24		4		0		37		51		249		256		61		325		342		410		402		419		422		392		359		342		325		283		395		389		374		346		371		474		346		353		333		329		341		360		359		340		291		338		324		308		316		356		385		388		396		411		433		456		431		422		461		454		444		458		413		442		408		271		291		
-1		396		375		493		471		500		474		495		464		497		485		416		441		453		471		472		465		459		467		473		428		486		438		438		395		385		418		366		360		355		365		406		393		303		241		182		304		165		279		273		255		243		148		290		259		245		137		144		396		286		388		358		346		334		328		275		271		222		202		242		260		273		381		369		316		301		344		192		201		188		191		182		173		163		158		178		131		121		106		94		82		92		66		71		53		374		354		350		0		14		268		275		24		344		361		429		421		438		441		411		378		361		344		302		414		408		393		365		390		493		365		372		352		348		360		379		378		359		310		357		343		327		335		375		404		407		415		430		452		475		450		441		480		473		463		477		432		461		427		290		310		
-1		382		361		479		457		486		460		481		450		483		471		402		427		439		457		458		451		445		453		459		414		472		424		424		381		371		404		352		346		341		351		392		379		289		227		168		290		151		265		259		241		229		134		276		245		231		123		130		382		272		374		344		332		320		314		261		257		208		188		228		246		259		367		355		302		287		330		178		187		174		177		168		159		149		144		164		117		107		92		80		68		78		52		57		39		360		340		336		14		0		254		261		10		330		347		415		407		424		427		397		364		347		330		288		400		394		379		351		376		479		351		358		338		334		346		365		364		345		296		343		329		313		321		361		390		393		401		416		438		461		436		427		466		459		449		463		418		447		413		276		296		
-1		128		107		225		203		468		442		463		432		465		453		384		409		421		439		440		433		427		435		441		396		454		406		406		363		353		386		334		328		323		333		374		361		271		209		194		316		177		291		285		267		255		160		250		219		205		149		156		326		216		318		288		276		264		258		178		174		127		132		172		190		203		113		120		129		144		76		109		67		113		121		130		185		175		170		166		143		133		118		106		94		104		78		83		65		106		86		82		12		26		0		7		36		114		97		165		157		174		177		147		114		93		76		34		146		140		125		97		122		225		97		104		84		80		92		111		110		91		42		89		75		59		67		107		136		139		147		162		184		207		182		173		212		205		195		209		164		193		159		258		240		
-1		121		100		218		196		461		435		456		425		458		446		377		402		414		432		433		426		420		428		434		389		447		399		399		356		346		379		327		321		316		326		367		354		264		202		201		323		184		298		292		274		262		167		243		212		198		156		163		319		209		311		281		269		257		251		171		167		120		125		165		183		196		106		113		122		137		69		102		74		106		114		123		192		182		177		159		150		140		125		113		101		111		85		90		72		99		79		75		19		33		7		0		43		107		90		158		150		167		170		140		107		86		69		27		139		133		118		90		115		218		90		97		77		73		85		104		103		84		35		82		68		52		60		100		129		132		140		155		177		200		175		166		205		198		188		202		157		186		152		251		233		
-1		372		351		469		447		476		450		471		440		473		461		392		417		429		447		448		441		435		443		449		404		462		414		414		371		361		394		342		336		331		341		382		369		279		217		158		280		141		255		249		231		219		124		266		235		221		113		120		372		262		364		334		322		310		304		251		247		198		178		218		236		249		357		345		292		277		320		168		177		164		167		158		149		139		134		154		107		97		82		70		58		68		42		47		29		350		330		326		24		10		244		251		0		320		337		405		397		414		417		387		354		337		320		278		390		384		369		341		366		469		341		348		328		324		336		355		354		335		286		333		319		303		311		351		380		383		391		406		428		451		426		417		456		449		439		453		408		437		403		266		286		
-1		286		265		383		361		441		415		436		405		438		426		357		382		394		412		413		406		400		408		414		369		427		379		379		336		326		359		307		301		296		306		347		334		244		182		256		379		239		354		348		330		318		223		223		192		178		212		219		299		189		291		261		249		237		231		77		73		100		105		145		163		176		86		25		28		43		49		82		91		86		94		103		228		218		213		139		186		196		211		223		235		245		236		241		223		264		244		240		170		184		158		165		194		0		17		85		77		94		97		67		34		21		234		192		304		298		283		255		280		383		255		262		242		238		250		269		268		249		200		247		233		217		225		265		294		297		305		320		342		365		340		331		370		363		353		367		322		351		317		231		213		
-1		269		248		366		344		424		398		419		388		421		409		340		365		377		395		396		389		383		391		397		352		410		362		362		319		309		342		290		284		279		289		330		317		227		165		239		362		222		337		331		313		301		206		206		175		161		195		202		282		172		274		244		232		220		214		94		90		83		88		128		146		159		69		42		45		60		32		65		74		69		77		86		211		201		196		122		169		179		194		206		218		228		219		224		206		247		227		223		153		167		141		148		177		17		0		68		60		77		80		50		17		4		217		175		287		281		266		238		263		366		238		245		225		221		233		252		251		232		183		230		216		200		208		248		277		280		288		303		325		348		323		314		353		346		336		350		305		334		300		214		196		
-1		318		297		415		393		473		447		468		437		470		458		389		414		426		444		445		438		432		440		446		401		459		411		411		368		358		391		339		333		328		338		379		366		276		214		288		411		271		386		380		362		350		255		255		224		210		244		251		331		221		323		293		281		269		263		143		139		132		137		177		195		208		118		91		94		109		81		114		123		118		126		135		260		250		245		171		218		228		243		255		267		277		268		273		255		296		276		272		202		216		190		197		226		66		49		0		8		25		28		18		51		53		266		224		336		330		315		287		312		415		287		294		274		270		282		301		300		281		232		279		265		249		257		297		326		329		337		352		374		397		372		363		402		395		385		399		354		383		349		263		245		
-1		326		305		423		401		481		455		476		445		478		466		397		422		434		452		453		446		440		448		454		409		467		419		419		376		366		399		347		341		336		346		387		374		284		222		296		419		279		394		388		370		358		263		263		232		218		252		259		339		229		331		301		289		277		271		151		147		140		145		185		203		216		126		99		102		117		89		122		131		126		134		143		268		258		253		179		226		236		251		263		275		285		276		281		263		304		284		280		210		224		198		205		234		74		57		8		0		17		20		10		43		61		274		232		344		338		323		295		320		423		295		302		282		278		290		309		308		289		240		287		273		257		265		305		334		337		345		360		382		405		380		371		410		403		393		407		362		391		357		271		253		
-1		356		335		453		431		511		485		506		475		508		496		427		452		464		482		483		476		470		478		484		439		497		449		449		406		396		429		377		371		366		376		417		404		314		252		326		449		309		424		418		400		388		293		293		262		248		282		289		369		259		361		331		319		307		301		181		177		170		175		215		233		246		156		129		132		147		119		152		161		156		164		173		298		288		283		209		256		266		281		293		305		315		306		311		293		334		314		310		240		254		228		235		264		104		87		55		47		0		3		37		70		91		304		262		374		368		353		325		350		453		325		332		312		308		320		339		338		319		270		317		303		287		295		335		364		367		375		390		412		435		410		401		440		433		423		437		392		421		387		301		283		
-1		359		338		456		434		514		488		509		478		511		499		430		455		467		485		486		479		473		481		487		442		500		452		452		409		399		432		380		374		369		379		420		407		317		255		329		452		312		427		421		403		391		296		296		265		251		285		292		372		262		364		334		322		310		304		184		180		173		178		218		236		249		159		132		135		150		122		155		164		159		167		176		301		291		286		212		259		269		284		296		308		318		309		314		296		337		317		313		243		257		231		238		267		107		90		58		50		3		0		40		73		94		307		265		377		371		356		328		353		456		328		335		315		311		323		342		341		322		273		320		306		290		298		338		367		370		378		393		415		438		413		404		443		436		426		440		395		424		390		304		286		
-1		319		298		416		394		474		448		469		438		471		459		390		415		427		445		446		439		433		441		447		402		460		412		412		369		359		392		340		334		329		339		380		367		277		215		289		412		272		387		381		363		351		256		256		225		211		245		252		332		222		324		294		282		270		264		144		140		133		138		178		196		209		119		92		95		110		82		115		124		119		127		136		261		251		246		172		219		229		244		256		268		278		269		274		256		297		277		273		203		217		191		198		227		67		50		18		10		27		30		0		33		54		267		225		337		331		316		288		313		416		288		295		275		271		283		302		301		282		233		280		266		250		258		298		327		330		338		353		375		398		373		364		403		396		386		400		355		384		350		264		246		
-1		286		265		383		361		441		415		436		405		438		426		357		382		394		412		413		406		400		408		414		369		427		379		379		336		326		359		307		301		296		306		347		334		244		182		256		379		239		354		348		330		318		223		223		192		178		212		219		299		189		291		261		249		237		231		111		107		100		105		145		163		176		86		59		62		77		49		82		91		86		94		103		228		218		213		139		186		196		211		223		235		245		236		241		223		264		244		240		170		184		158		165		194		34		17		51		43		60		63		33		0		21		234		192		304		298		283		255		280		383		255		262		242		238		250		269		268		249		200		247		233		217		225		265		294		297		305		320		342		365		340		331		370		363		353		367		322		351		317		231		213		
-1		265		244		362		340		420		394		415		384		417		405		336		361		373		391		392		385		379		387		393		348		406		358		358		315		305		338		286		280		275		285		326		313		223		161		235		358		218		333		327		309		297		202		202		171		157		191		198		278		168		270		240		228		216		210		98		94		79		84		124		142		155		65		46		49		64		28		61		70		65		73		82		207		197		192		118		165		175		190		202		214		224		215		220		202		243		223		219		149		163		137		144		173		21		4		72		64		81		84		54		21		0		213		171		283		277		262		234		259		362		234		241		221		217		229		248		247		228		179		226		212		196		204		244		273		276		284		299		321		344		319		310		349		342		332		346		301		330		296		210		192		
-1		282		261		379		357		437		411		432		401		434		422		353		378		390		408		409		402		396		404		410		365		423		375		375		332		322		355		303		297		292		302		343		330		240		178		252		375		235		350		344		326		314		219		219		188		174		208		215		295		185		287		257		245		233		227		115		111		96		101		141		159		172		82		63		66		81		45		78		87		82		90		99		224		214		209		135		182		192		207		219		231		241		232		237		219		260		240		236		166		180		154		161		190		38		21		89		81		98		101		71		38		17		0		188		300		294		279		251		276		379		251		258		238		234		246		265		264		245		196		243		229		213		221		261		290		293		301		316		338		361		336		327		366		359		349		363		318		347		313		227		209		
-1		148		127		245		223		479		453		474		443		476		464		395		420		432		450		451		444		438		446		452		407		465		417		417		374		364		397		345		339		334		344		385		372		282		220		228		350		211		325		319		301		289		194		261		230		216		183		190		337		227		329		299		287		275		269		157		153		138		143		183		201		214		124		105		108		123		87		120		101		124		132		141		219		209		204		177		177		167		152		140		128		138		112		117		99		126		106		102		46		60		34		27		70		80		63		131		123		140		143		113		80		59		42		0		112		106		91		63		88		191		63		70		50		46		58		94		130		111		62		109		95		79		87		127		156		159		167		182		204		227		202		193		232		225		215		229		184		213		179		269		251		
-1		303		282		400		378		458		432		453		422		455		443		374		399		411		429		430		423		417		425		431		386		444		396		396		353		343		376		324		318		313		323		364		351		261		199		273		396		256		371		365		347		335		240		240		209		195		229		236		316		206		308		278		266		254		248		136		132		117		122		162		180		193		103		84		87		102		66		99		108		103		111		120		245		235		230		156		203		213		228		240		252		262		253		258		240		281		261		257		187		201		175		182		211		59		42		110		102		119		122		92		59		38		21		209		0		6		21		272		59		162		272		279		259		255		267		286		285		266		217		264		250		234		242		282		311		314		322		337		359		382		357		348		387		380		370		384		339		368		334		248		230		
-1		309		288		406		384		464		438		459		428		461		449		380		405		417		435		436		429		423		431		437		392		450		402		402		359		349		382		330		324		319		329		370		357		267		205		279		402		262		377		371		353		341		246		246		215		201		235		242		322		212		314		284		272		260		254		142		138		123		128		168		186		199		109		90		93		108		72		105		114		109		117		126		251		241		236		162		209		219		234		246		258		268		259		264		246		287		267		263		193		207		181		188		217		65		48		116		108		125		128		98		65		44		27		215		6		0		15		278		53		156		278		285		265		261		273		292		291		272		223		270		256		240		248		288		317		320		328		343		365		388		363		354		393		386		376		390		345		374		340		254		236		
-1		324		303		421		399		479		453		474		443		476		464		395		420		432		450		451		444		438		446		452		407		465		417		417		374		364		397		345		339		334		344		385		372		282		220		294		417		277		392		386		368		356		261		261		230		216		250		257		337		227		329		299		287		275		269		157		153		138		143		183		201		214		124		105		108		123		87		120		129		124		132		141		266		256		251		177		224		234		249		261		273		283		274		279		261		302		282		278		208		222		196		203		232		80		63		131		123		140		143		113		80		59		42		230		21		15		0		293		38		141		293		300		280		276		288		307		306		287		238		285		271		255		263		303		332		335		343		358		380		403		378		369		408		401		391		405		360		389		355		269		251		
-1		352		331		449		427		507		481		502		471		504		492		423		448		460		478		479		472		466		474		480		435		493		445		445		402		392		425		373		367		362		372		413		400		310		248		322		445		305		420		414		396		384		289		289		258		244		278		285		365		255		357		327		315		303		297		185		181		166		171		211		229		242		152		133		136		151		115		148		157		152		160		169		294		284		279		205		252		262		277		289		301		311		302		307		289		330		310		306		236		250		224		231		260		108		91		159		151		168		171		141		108		87		70		258		49		43		28		0		25		128		8		15		21		304		316		335		334		315		266		313		299		283		291		331		360		363		371		386		408		431		406		397		436		429		419		433		388		417		383		297		279		
-1		362		341		459		437		517		491		512		481		514		502		433		458		470		488		489		482		476		484		490		445		503		455		455		412		402		435		383		377		372		382		423		410		320		258		332		455		315		430		424		406		394		299		299		268		254		288		295		375		265		367		337		325		313		307		195		191		176		181		221		239		252		162		143		146		161		125		158		167		162		170		179		304		294		289		215		262		272		287		299		311		321		312		317		299		340		320		316		246		260		234		241		270		118		101		169		161		178		181		151		118		97		80		268		59		53		38		331		0		103		331		338		318		314		326		345		344		325		276		323		309		293		301		341		370		373		381		396		418		441		416		407		446		439		429		443		398		427		393		307		289		
-1		465		444		562		540		620		594		615		584		617		605		536		561		573		591		592		585		579		587		593		548		606		558		558		515		505		538		486		480		475		485		526		513		423		361		435		558		418		533		527		509		497		402		402		371		357		391		398		478		368		470		440		428		416		410		298		294		279		284		324		342		355		265		246		249		264		228		261		270		265		273		282		407		397		392		318		365		375		390		402		414		424		415		420		402		443		423		419		349		363		337		344		373		221		204		272		264		281		284		254		221		200		183		371		162		156		141		434		103		0		434		441		421		417		429		448		447		428		379		426		412		396		404		444		473		476		484		499		521		544		519		510		549		542		532		546		501		530		496		410		392		
-1		378		357		475		453		533		507		528		497		530		518		449		474		486		504		505		498		492		500		506		461		519		471		471		428		418		451		399		393		388		398		439		426		336		274		348		471		331		446		440		422		410		315		315		284		270		304		311		391		281		383		353		341		329		323		211		207		192		197		237		255		268		178		159		162		177		141		174		183		178		186		195		320		310		305		231		278		288		303		315		327		337		328		333		315		356		336		332		262		276		250		257		286		134		117		185		177		194		197		167		134		113		96		284		75		69		54		26		51		154		0		7		13		330		342		361		360		341		292		339		325		309		317		357		386		389		397		412		434		457		432		423		462		455		445		459		414		443		409		323		305		
-1		385		364		482		460		540		514		535		504		537		525		456		481		493		511		512		505		499		507		513		468		526		478		478		435		425		458		406		400		395		405		446		433		343		281		355		478		338		453		447		429		417		322		322		291		277		311		318		398		288		390		360		348		336		330		218		214		199		204		244		262		275		185		166		169		184		148		181		190		185		193		202		327		317		312		238		285		295		310		322		334		344		335		340		322		363		343		339		269		283		257		264		293		141		124		192		184		201		204		174		141		120		103		291		82		76		61		33		58		161		7		0		20		337		349		368		367		348		299		346		332		316		324		364		393		396		404		419		441		464		439		430		469		462		452		466		421		450		416		330		312		
-1		365		344		462		440		520		494		515		484		517		505		436		461		473		491		492		485		479		487		493		448		506		458		458		415		405		438		386		380		375		385		426		413		323		261		335		458		318		433		427		409		397		302		302		271		257		291		298		378		268		370		340		328		316		310		198		194		179		184		224		242		255		165		146		149		164		128		161		170		165		173		182		307		297		292		218		265		275		290		302		314		324		315		320		302		343		323		319		249		263		237		244		273		121		104		172		164		181		184		154		121		100		83		271		62		56		41		13		38		141		13		20		0		317		329		348		347		328		279		326		312		296		304		344		373		376		384		399		421		444		419		410		449		442		432		446		401		430		396		310		292		
-1		156		135		253		231		524		498		519		488		521		509		440		465		477		495		496		489		483		491		497		452		510		462		462		419		409		442		390		384		379		389		430		417		327		265		273		395		256		370		364		346		334		239		306		275		261		228		235		382		272		374		344		332		320		314		202		198		183		188		228		246		259		169		150		153		168		132		165		147		169		177		186		264		254		249		222		222		212		197		185		173		183		157		162		144		134		114		110		92		106		80		73		116		125		108		176		168		185		188		158		125		104		87		46		66		60		45		17		42		145		17		24		4		0		12		48		138		119		70		117		103		87		95		135		164		167		175		190		212		235		210		201		240		233		223		237		192		221		187		314		296		
-1		144		123		241		219		536		510		531		500		533		521		452		477		489		507		508		501		495		503		509		464		522		474		474		431		421		454		402		396		391		401		442		429		339		277		261		383		244		358		352		334		322		227		318		287		273		216		223		394		284		386		356		344		332		326		214		210		195		200		240		258		271		181		162		165		180		144		177		159		181		189		198		252		242		237		234		210		200		185		173		161		171		145		150		132		122		102		98		104		118		92		85		128		137		120		188		180		197		200		170		137		116		99		58		78		72		57		29		54		157		29		36		16		12		0		36		126		107		58		105		91		75		83		123		152		155		163		178		200		223		198		189		228		221		211		225		180		209		175		326		308		
-1		180		159		277		255		572		546		567		536		569		557		488		513		525		543		544		537		531		539		545		500		558		510		510		467		457		490		438		432		427		437		478		465		375		313		297		419		280		394		388		370		358		263		354		323		309		252		259		430		320		422		392		380		368		362		250		246		231		236		276		294		307		217		198		201		216		180		213		195		217		225		234		288		278		273		270		246		236		221		209		197		207		181		186		168		158		138		134		140		154		128		121		164		173		156		224		216		233		236		206		173		152		135		94		114		108		93		65		90		193		65		72		52		48		36		0		162		143		94		141		127		111		119		159		188		191		199		214		236		259		234		225		264		257		247		261		216		245		211		362		344		
-1		18		35		251		229		564		538		559		528		561		549		480		505		517		535		536		529		523		531		537		492		550		502		502		459		449		482		430		424		419		429		470		457		367		305		271		393		254		368		362		344		332		237		346		315		301		226		233		422		312		414		384		372		360		354		260		256		223		228		268		286		299		209		208		211		226		172		205		177		209		217		226		262		252		247		262		220		210		195		183		171		181		155		160		142		132		112		108		122		136		110		103		146		183		166		234		226		243		246		216		183		162		145		104		124		118		103		75		100		203		75		82		62		58		46		10		0		19		68		115		101		85		93		133		162		165		173		188		210		233		208		199		238		231		221		235		190		219		185		354		336		
-1		37		16		232		210		545		519		540		509		542		530		461		486		498		516		517		510		504		512		518		473		531		483		483		440		430		463		411		405		400		410		451		438		348		286		252		374		235		349		343		325		313		218		327		296		282		207		214		403		293		395		365		353		341		335		255		251		204		209		249		267		280		190		197		206		221		153		186		158		190		198		207		243		233		228		243		201		191		176		164		152		162		136		141		123		113		93		89		103		117		91		84		127		191		174		242		234		251		254		224		191		170		153		111		134		128		113		85		110		213		85		92		72		68		56		20		19		0		49		96		82		66		74		114		143		146		154		169		191		214		189		180		219		212		202		216		171		200		166		335		317		
-1		86		65		183		161		496		470		491		460		493		481		412		437		449		467		468		461		455		463		469		424		482		434		434		391		381		414		362		356		351		361		402		389		299		237		203		325		186		300		294		276		264		169		278		247		233		158		165		354		244		346		316		304		292		286		206		202		155		160		200		218		231		141		148		157		172		104		137		109		141		149		158		194		184		179		194		152		142		127		115		103		113		87		92		74		64		44		40		54		68		42		35		78		142		125		193		185		202		205		175		142		121		104		62		136		130		115		87		112		215		87		94		74		70		58		69		68		49		0		47		33		17		25		65		94		97		105		120		142		165		140		131		170		163		153		167		122		151		117		286		268		
-1		61		40		164		142		534		508		529		498		531		519		450		475		487		505		506		499		493		501		507		462		520		472		472		429		419		452		400		394		389		399		440		427		337		275		216		338		199		313		307		289		277		182		324		293		279		171		178		401		291		393		363		351		339		333		253		249		202		207		247		265		278		188		195		204		219		151		184		156		188		196		205		207		197		192		212		165		155		140		128		116		126		100		105		87		77		57		53		90		104		89		82		114		189		172		240		232		249		252		222		189		168		151		109		158		152		137		109		134		237		109		116		96		92		80		44		43		24		47		0		14		30		38		46		75		78		86		101		123		146		121		112		151		144		134		148		103		132		98		324		315		
-1		75		54		150		128		520		494		515		484		517		505		436		461		473		491		492		485		479		487		493		448		506		458		458		415		405		438		386		380		375		385		426		413		323		261		202		324		185		299		293		275		263		168		310		279		265		157		164		387		277		379		349		337		325		319		239		235		188		193		233		251		264		174		181		190		205		137		170		142		174		182		191		193		183		178		198		151		141		126		114		102		112		86		91		73		63		43		39		76		90		75		68		100		175		158		226		218		235		238		208		175		154		137		95		169		163		148		120		145		248		120		127		107		103		91		58		57		38		33		14		0		16		24		32		61		64		72		87		109		132		107		98		137		130		120		134		89		118		84		310		301		
-1		91		70		166		144		504		478		499		468		501		489		420		445		457		475		476		469		463		471		477		432		490		442		442		399		389		422		370		364		359		369		410		397		307		245		186		308		169		283		277		259		247		152		294		263		249		141		148		371		261		363		333		321		309		303		223		219		172		177		217		235		248		158		165		174		189		121		154		126		158		166		175		177		167		162		182		135		125		110		98		86		96		70		75		57		47		27		23		60		74		59		52		84		159		142		210		202		219		222		192		159		138		121		79		153		147		132		104		129		232		104		111		91		87		75		74		73		54		17		30		16		0		8		48		77		80		88		103		125		148		123		114		153		146		136		150		105		134		100		294		285		
-1		99		78		174		152		496		470		491		460		493		481		412		437		449		467		468		461		455		463		469		424		482		434		434		391		381		414		362		356		351		361		402		389		299		237		178		300		161		275		269		251		239		144		286		255		241		133		140		379		269		371		341		329		317		311		231		227		180		185		225		243		256		166		173		182		197		129		162		134		166		174		178		169		159		154		174		127		117		102		90		78		88		62		67		49		39		19		15		52		66		67		60		76		167		150		218		210		227		230		200		167		146		129		87		161		155		140		112		137		240		112		119		99		95		83		82		81		62		25		38		24		8		0		56		85		88		96		111		133		156		131		122		161		154		144		158		113		142		108		286		293		
-1		114		93		118		96		511		485		506		475		508		496		427		452		464		482		483		476		470		478		484		439		497		449		449		406		396		429		377		371		366		376		417		404		314		252		193		315		176		290		284		266		254		159		301		270		256		148		155		394		284		386		356		344		332		326		246		242		195		200		240		258		271		181		188		197		212		144		177		149		181		189		193		184		174		169		189		142		132		117		105		93		103		77		82		64		54		34		30		67		81		82		75		91		182		165		233		225		242		245		215		182		161		144		102		176		170		155		127		152		255		127		134		114		110		98		97		96		77		40		53		39		23		15		0		29		32		40		55		77		100		75		66		105		98		88		102		57		86		52		301		308		
-1		143		122		89		67		540		514		535		504		537		525		456		481		493		511		512		505		499		507		513		468		526		478		478		435		425		458		406		400		395		405		446		433		343		281		222		344		205		319		313		295		283		188		330		299		285		177		184		423		313		415		385		373		361		355		275		271		224		229		269		287		300		210		217		226		241		173		206		178		210		218		222		213		203		198		218		171		161		146		134		122		132		106		111		93		83		63		59		96		110		111		104		120		211		194		262		254		271		274		244		211		190		173		131		205		199		184		156		181		284		156		163		143		139		127		126		125		106		69		82		68		52		44		29		0		61		11		26		48		71		46		37		134		127		117		131		86		115		81		330		337		
-1		146		125		150		128		543		517		538		507		540		528		459		484		496		514		515		508		502		510		516		471		529		481		481		438		428		461		409		403		398		408		449		436		346		284		225		347		208		322		316		298		286		191		333		302		288		180		187		426		316		418		388		376		364		358		278		274		227		232		272		290		303		213		220		229		244		176		209		181		213		221		225		216		206		201		221		174		164		149		137		125		135		109		114		96		86		66		62		99		113		114		107		123		214		197		265		257		274		277		247		214		193		176		134		208		202		187		159		184		287		159		166		146		142		130		129		128		109		72		85		71		55		47		32		61		0		72		87		109		132		107		67		73		66		56		70		25		54		20		333		340		
-1		154		133		78		78		551		525		546		515		548		536		467		492		504		522		523		516		510		518		524		479		537		489		489		446		436		469		417		411		406		416		457		444		354		292		233		355		216		330		324		306		294		199		341		310		296		188		195		434		324		426		396		384		372		366		286		282		235		240		280		298		311		221		228		237		252		184		217		189		221		229		233		224		214		209		229		182		172		157		145		133		143		117		122		104		94		74		70		107		121		122		115		131		222		205		273		265		282		285		255		222		201		184		142		216		210		195		167		192		295		167		174		154		150		138		137		136		117		80		93		79		63		55		40		11		72		0		15		37		60		35		26		145		138		128		142		97		126		92		341		348		
-1		169		148		63		93		566		540		561		530		563		551		482		507		519		537		538		531		525		533		539		494		552		504		504		461		451		484		432		426		421		431		472		459		369		307		248		370		231		345		339		321		309		214		356		325		311		203		210		449		339		441		411		399		387		381		301		297		250		255		295		313		326		236		243		252		267		199		232		204		236		244		248		239		229		224		244		197		187		172		160		148		158		132		137		119		109		89		85		122		136		137		130		146		237		220		288		280		297		300		270		237		216		199		157		231		225		210		182		207		310		182		189		169		165		153		152		151		132		95		108		94		78		70		55		26		87		15		0		22		45		50		41		160		153		143		157		112		141		107		356		363		
-1		203		182		41		127		600		574		595		564		597		585		516		541		553		571		572		565		559		567		573		528		586		538		538		495		485		518		466		460		455		465		506		493		403		341		282		404		265		379		373		355		343		248		390		359		345		237		244		483		373		475		445		433		421		415		335		331		284		289		329		347		360		270		277		286		301		233		266		238		270		278		282		273		263		258		278		231		221		206		194		182		192		166		171		153		143		123		119		156		170		171		164		180		271		254		322		314		331		334		304		271		250		233		191		265		259		244		216		241		344		216		223		203		199		187		186		185		166		129		142		128		112		104		89		60		121		49		34		0		23		84		75		194		187		177		191		146		175		141		390		397		
-1		180		159		64		104		577		551		572		541		574		562		493		518		530		548		549		542		536		544		550		505		563		515		515		472		462		495		443		437		432		442		483		470		380		318		259		381		242		356		350		332		320		225		367		336		322		214		221		460		350		452		422		410		398		392		312		308		261		266		306		324		337		247		254		263		278		210		243		215		247		255		259		250		240		235		255		208		198		183		171		159		169		143		148		130		120		100		96		133		147		148		141		157		248		231		299		291		308		311		281		248		227		210		168		242		236		221		193		218		321		193		200		180		176		164		163		162		143		106		119		105		89		81		66		37		98		26		11		23		0		61		52		171		164		154		168		123		152		118		367		374		
-1		189		168		113		113		586		560		581		550		583		571		502		527		539		557		558		551		545		553		559		514		572		524		524		481		471		504		452		446		441		451		492		479		389		327		268		390		251		365		359		341		329		234		376		345		331		223		230		469		359		461		431		419		407		401		321		317		270		275		315		333		346		256		263		272		287		219		252		224		256		264		268		259		249		244		264		217		207		192		180		168		178		152		157		139		129		109		105		142		156		157		150		166		257		240		308		300		317		320		290		257		236		219		177		251		245		230		202		227		330		202		209		189		185		173		172		171		152		115		128		114		98		90		75		46		107		35		50		72		95		0		61		180		173		163		177		132		161		127		376		383		
-1		180		159		104		104		577		551		572		541		574		562		493		518		530		548		549		542		536		544		550		505		563		515		515		472		462		495		443		437		432		442		483		470		380		318		259		381		242		356		350		332		320		225		367		336		322		214		221		460		350		452		422		410		398		392		312		308		261		266		306		324		337		247		254		263		278		210		243		215		247		255		259		250		240		235		255		208		198		183		171		159		169		143		148		130		120		100		96		133		147		148		141		157		248		231		299		291		308		311		281		248		227		210		168		242		236		221		193		218		321		193		200		180		176		164		163		162		143		106		119		105		89		81		66		37		98		26		41		63		86		61		0		171		164		154		168		123		152		118		367		374		
-1		185		164		109		109		582		556		577		546		579		567		498		523		535		553		554		547		541		549		555		510		568		520		520		477		467		500		448		442		437		447		488		475		385		323		264		386		247		361		355		337		325		230		372		341		327		219		226		465		355		457		427		415		403		397		317		313		266		271		311		329		342		252		259		268		283		215		248		220		252		260		264		255		245		240		260		213		203		188		176		164		174		148		153		135		125		105		101		138		152		153		146		162		253		236		304		296		313		316		286		253		232		215		173		247		241		226		198		223		326		198		205		185		181		169		168		167		148		111		124		110		94		86		71		42		103		31		46		68		91		66		5		0		7		17		26		48		77		53		372		379		
-1		192		171		116		116		589		563		584		553		586		574		505		530		542		560		561		554		548		556		562		517		575		527		527		484		474		507		455		449		444		454		495		482		392		330		271		393		254		368		362		344		332		237		379		348		334		226		233		472		362		464		434		422		410		404		324		320		273		278		318		336		349		259		266		275		290		222		255		227		259		267		271		262		252		247		267		220		210		195		183		171		181		155		160		142		132		112		108		145		159		160		153		169		260		243		311		303		320		323		293		260		239		222		180		254		248		233		205		230		333		205		212		192		188		176		175		174		155		118		131		117		101		93		78		49		110		38		53		75		98		73		12		7		0		10		19		41		70		46		379		386		
-1		202		181		126		126		599		573		594		563		596		584		515		540		552		570		571		564		558		566		572		527		585		537		537		494		484		517		465		459		454		464		505		492		402		340		281		403		264		378		372		354		342		247		389		358		344		236		243		482		372		474		444		432		420		414		334		330		283		288		328		346		359		269		276		285		300		232		265		237		269		277		281		272		262		257		277		230		220		205		193		181		191		165		170		152		142		122		118		155		169		170		163		179		270		253		321		313		330		333		303		270		249		232		190		264		258		243		215		240		343		215		222		202		198		186		185		184		165		128		141		127		111		103		88		59		120		48		63		85		108		83		22		17		10		0		14		31		60		36		389		396		
-1		211		190		135		135		608		582		603		572		605		593		524		549		561		579		580		573		567		575		581		536		594		546		546		503		493		526		474		468		463		473		514		501		411		349		290		412		273		387		381		363		351		256		398		367		353		245		252		491		381		483		453		441		429		423		343		339		292		297		337		355		368		278		285		294		309		241		274		246		278		286		290		281		271		266		286		239		229		214		202		190		200		174		179		161		151		131		127		164		178		179		172		188		279		262		330		322		339		342		312		279		258		241		199		273		267		252		224		249		352		224		231		211		207		195		194		193		174		137		150		136		120		112		97		68		129		57		72		94		117		92		31		26		19		14		0		45		74		50		398		405		
-1		232		211		156		156		629		603		624		593		626		614		545		570		582		600		601		594		588		596		602		557		615		567		567		524		514		547		495		489		484		494		535		522		432		370		311		433		294		408		402		384		372		277		419		388		374		266		273		512		402		504		474		462		450		444		364		360		313		318		358		376		389		299		306		315		330		262		295		267		299		307		311		302		292		287		307		260		250		235		223		211		221		195		200		182		172		152		148		185		199		200		193		209		300		283		351		343		360		363		333		300		279		262		220		294		288		273		245		270		373		245		252		232		228		216		215		214		195		158		171		157		141		133		118		89		150		78		93		115		138		113		52		48		41		31		45		0		29		5		419		426		
-1		261		240		185		185		658		632		653		622		655		643		574		599		611		629		630		623		617		625		631		586		644		596		596		553		543		576		524		518		513		523		564		551		461		399		340		462		323		437		431		413		401		306		448		417		403		295		302		541		431		533		503		491		479		473		393		389		342		347		387		405		418		328		335		344		359		291		324		296		328		336		340		331		321		316		336		289		279		264		252		240		250		224		229		211		201		181		177		214		228		229		222		238		329		312		380		372		389		392		362		329		308		291		249		323		317		302		274		299		402		274		281		261		257		245		244		243		224		187		200		186		170		162		147		118		179		107		122		144		167		142		81		77		70		60		74		29		0		34		448		455		
-1		227		206		151		151		624		598		619		588		621		609		540		565		577		595		596		589		583		591		597		552		610		562		562		519		509		542		490		484		479		489		530		517		427		365		306		428		289		403		397		379		367		272		414		383		369		261		268		507		397		499		469		457		445		439		359		355		308		313		353		371		384		294		301		310		325		257		290		262		294		302		306		297		287		282		302		255		245		230		218		206		216		190		195		177		167		147		143		180		194		195		188		204		295		278		346		338		355		358		328		295		274		257		215		289		283		268		240		265		368		240		247		227		223		211		210		209		190		153		166		152		136		128		113		84		145		73		88		110		133		108		47		53		46		36		50		5		34		0		414		421		
-1		344		323		441		419		210		184		205		174		207		195		126		151		163		181		182		175		169		177		183		138		196		148		148		105		95		128		76		70		65		75		116		103		13		49		131		267		114		242		236		218		206		103		98		67		53		103		107		226		116		218		188		176		164		158		154		158		170		150		134		68		103		317		256		203		188		280		140		149		136		139		130		121		103		156		166		129		119		134		146		158		168		174		185		187		322		302		298		224		210		216		223		200		231		248		316		308		325		328		298		265		252		292		250		362		356		341		313		338		441		313		320		300		296		308		327		326		307		258		305		291		275		283		323		352		355		363		378		400		423		398		389		428		421		411		425		380		409		375		0		140		
-1		377		356		474		452		345		319		340		309		342		330		261		286		298		316		317		310		304		312		318		273		331		283		283		240		230		263		211		205		200		210		251		238		148		91		165		301		148		276		270		252		240		137		132		101		87		137		141		86		24		78		48		36		24		18		14		18		67		87		68		72		37		177		116		63		48		140		173		182		170		173		164		155		137		190		200		163		153		168		180		192		202		208		219		221		355		335		331		258		244		249		256		234		91		108		176		168		185		188		158		125		112		325		283		395		389		374		346		371		474		346		353		333		329		341		360		359		340		291		338		324		308		316		356		385		388		396		411		433		456		431		422		461		454		444		458		413		442		408		135		0		
