Data =>
	instName=TWs8
	optimalValue=-1
	vehicles=-1
	capacity=120
	depotNode=1
	nodes=140
	arcs=88
	edges=102
	requiredN=55
	requiredA=63
	requiredE=72
0		-1		-1		-1		-1		-1		-1		-1		-1		-1		-1		-1		-1		-1		-1		-1		-1		-1		-1		-1		-1		-1		-1		-1		-1		-1		-1		-1		-1		-1		-1		-1		-1		-1		-1		-1		-1		-1		-1		-1		-1		-1		-1		-1		-1		-1		-1		-1		-1		-1		-1		-1		-1		-1		-1		-1		-1		-1		-1		-1		-1		-1		-1		-1		-1		-1		-1		-1		-1		-1		-1		-1		-1		-1		-1		-1		-1		-1		-1		-1		-1		-1		-1		-1		-1		-1		-1		-1		-1		-1		-1		-1		-1		-1		-1		-1		-1		-1		-1		-1		-1		-1		-1		-1		-1		-1		-1		-1		-1		-1		-1		-1		-1		-1		-1		-1		-1		-1		-1		-1		-1		-1		-1		-1		-1		-1		-1		-1		-1		-1		-1		-1		-1		-1		-1		-1		-1		-1		-1		-1		-1		
-1		0		53		333		203		651		625		646		615		648		636		567		592		604		622		623		616		610		670		664		579		637		589		589		546		536		569		517		511		506		516		557		544		454		435		494		512		492		537		543		561		573		481		476		445		431		481		488		392		402		384		354		342		330		302		292		288		241		358		398		416		415		227		234		243		258		190		348		357		344		347		338		347		365		362		302		255		245		230		218		206		216		190		211		193		203		223		227		140		154		128		121		164		228		211		260		268		315		318		278		311		207		190		148		257		251		236		173		198		301		173		180		160		156		144		28		18		37		86		61		75		91		99		107		136		139		243		258		292		269		278		217		212		205		195		209		164		193		159		441		306		
-1		53		0		312		182		630		604		625		594		627		615		546		571		583		601		602		595		589		649		643		558		616		568		568		525		515		548		496		490		485		495		536		523		433		414		473		491		471		516		522		540		552		460		455		424		410		460		467		371		381		363		333		321		309		281		271		267		220		337		377		395		394		206		213		222		237		169		327		336		323		326		317		326		344		341		281		234		224		209		197		185		195		169		190		172		182		202		206		119		133		107		100		143		207		190		239		247		294		297		257		290		186		169		127		236		230		215		152		177		280		152		159		139		135		123		36		35		16		65		40		54		70		78		86		115		118		222		237		271		248		257		196		191		184		174		188		143		172		138		420		285		
-1		225		204		0		156		723		697		718		687		720		708		639		664		676		694		695		688		682		742		736		651		709		661		661		618		608		641		589		583		578		588		629		616		526		507		566		584		564		609		615		633		645		553		548		517		503		553		560		464		474		456		426		414		402		374		364		360		313		430		470		488		487		299		306		315		330		262		420		429		416		419		410		419		437		434		374		327		317		302		290		278		288		262		283		265		275		295		299		212		226		200		193		236		300		283		332		340		387		390		350		383		279		262		220		329		323		308		245		270		373		245		252		232		228		216		208		207		188		158		164		150		141		133		118		89		150		78		63		41		74		113		228		223		216		206		220		175		204		170		513		378		
-1		203		182		322		0		701		675		696		665		698		686		617		642		654		672		673		666		660		720		714		629		687		639		639		596		586		619		567		561		556		566		607		594		504		485		544		562		542		587		593		611		623		531		526		495		481		531		538		442		452		434		404		392		380		352		342		338		291		408		448		466		465		277		284		293		308		240		398		407		394		397		388		397		415		412		352		305		295		280		268		256		266		240		261		243		253		273		277		190		204		178		171		214		278		261		310		318		365		368		328		361		257		240		198		307		301		286		223		248		351		223		230		210		206		194		186		185		166		136		142		128		119		111		96		67		128		232		247		281		258		267		206		201		194		184		198		153		182		148		491		356		
-1		841		820		983		853		0		26		47		36		165		153		84		109		121		139		140		133		127		187		181		143		201		153		232		176		190		223		171		165		160		170		211		198		108		170		229		266		246		291		297		315		327		430		435		649		635		433		426		170		180		282		252		240		228		228		218		657		582		562		602		620		193		596		603		612		627		585		552		561		548		551		542		551		569		566		506		459		449		464		718		706		716		690		711		693		703		723		727		640		654		628		735		664		628		645		694		702		749		752		712		745		649		666		708		855		849		834		771		796		899		771		778		758		754		825		824		823		804		767		780		766		750		742		757		786		789		893		908		942		919		928		867		862		855		845		859		814		843		809		121		204		
-1		815		794		957		827		26		0		21		10		139		127		58		83		95		113		114		107		101		161		155		117		175		127		206		150		164		197		145		139		134		144		185		172		82		144		203		240		220		265		271		289		301		404		409		623		609		407		400		144		154		256		226		214		202		202		192		631		556		536		576		594		167		570		577		586		601		559		526		535		522		525		516		525		543		540		480		433		423		438		692		680		690		664		685		667		677		697		701		614		628		602		709		638		602		619		668		676		723		726		686		719		623		640		682		829		823		808		745		770		873		745		752		732		728		799		798		797		778		741		754		740		724		716		731		760		763		867		882		916		893		902		841		836		829		819		833		788		817		783		95		178		
-1		836		815		978		848		47		21		0		31		160		148		79		104		116		134		135		128		122		182		176		138		196		148		227		171		185		218		166		160		155		165		206		193		103		165		224		261		241		286		292		310		322		425		430		644		630		428		421		165		175		277		247		235		223		223		213		652		577		557		597		615		188		591		598		607		622		580		547		556		543		546		537		546		564		561		501		454		444		459		713		701		711		685		706		688		698		718		722		635		649		623		730		659		623		640		689		697		744		747		707		740		644		661		703		850		844		829		766		791		894		766		773		753		749		820		819		818		799		762		775		761		745		737		752		781		784		888		903		937		914		923		862		857		850		840		854		809		838		804		116		199		
-1		805		784		947		817		36		10		31		0		129		117		48		73		85		103		104		97		91		151		145		107		165		117		196		140		154		187		135		129		124		134		175		162		72		134		193		230		210		255		261		279		291		394		399		613		599		397		390		134		144		246		216		204		192		192		182		621		546		526		566		584		157		560		567		576		591		549		516		525		512		515		506		515		533		530		470		423		413		428		682		670		680		654		675		657		667		687		691		604		618		592		699		628		592		609		658		666		713		716		676		709		613		630		672		819		813		798		735		760		863		735		742		722		718		789		788		787		768		731		744		730		714		706		721		750		753		857		872		906		883		892		831		826		819		809		823		778		807		773		85		168		
-1		842		821		984		854		73		47		68		37		0		12		85		110		45		63		25		33		38		46		40		144		202		154		233		177		191		224		172		166		161		171		212		199		109		171		230		267		247		292		298		316		328		431		436		650		636		434		427		171		181		283		253		241		229		229		219		658		583		563		603		621		194		597		604		613		628		586		553		562		549		552		543		552		570		567		507		460		450		465		719		707		717		691		712		694		704		724		728		641		655		629		736		665		629		646		695		703		750		753		713		746		650		667		709		856		850		835		772		797		900		772		779		759		755		826		825		824		805		768		781		767		751		743		758		787		790		894		909		943		920		929		868		863		856		846		860		815		844		810		122		205		
-1		854		833		996		866		85		59		80		49		12		0		97		122		33		51		13		21		26		34		28		156		214		166		245		189		203		236		184		178		173		183		224		211		121		183		242		279		259		304		310		328		340		443		448		662		648		446		439		183		193		295		265		253		241		241		231		670		595		575		615		633		206		609		616		625		640		598		565		574		561		564		555		564		582		579		519		472		462		477		731		719		729		703		724		706		716		736		740		653		667		641		748		677		641		658		707		715		762		765		725		758		662		679		721		868		862		847		784		809		912		784		791		771		767		838		837		836		817		780		793		779		763		755		770		799		802		906		921		955		932		941		880		875		868		858		872		827		856		822		134		217		
-1		757		736		899		769		84		58		79		48		81		69		0		25		37		55		56		49		43		103		97		59		117		69		148		92		106		139		87		81		76		86		127		114		24		86		145		182		162		207		213		231		243		346		351		565		551		349		342		86		96		198		168		156		144		144		134		573		498		478		518		536		109		512		519		528		543		501		468		477		464		467		458		467		485		482		422		375		365		380		634		622		632		606		627		609		619		639		643		556		570		544		651		580		544		561		610		618		665		668		628		661		565		582		624		771		765		750		687		712		815		687		694		674		670		741		740		739		720		683		696		682		666		658		673		702		705		809		824		858		835		844		783		778		771		761		775		730		759		725		37		120		
-1		898		877		1040		910		129		103		124		93		56		44		141		0		12		30		31		24		18		78		72		34		92		44		123		67		247		280		228		222		217		227		268		255		165		227		286		323		303		348		354		372		384		487		492		706		692		490		483		227		237		339		309		297		285		285		275		714		639		619		659		677		250		653		660		669		684		642		609		618		605		608		599		608		626		623		563		516		506		521		775		763		773		747		768		750		760		780		784		697		711		685		792		721		685		702		751		759		806		809		769		802		706		723		765		912		906		891		828		853		956		828		835		815		811		882		881		880		861		824		837		823		807		799		814		843		846		950		965		999		976		985		924		919		912		902		916		871		900		866		178		261		
-1		886		865		1028		898		117		91		112		81		44		32		129		154		0		18		19		12		6		66		60		188		246		198		277		221		235		268		216		210		205		215		256		243		153		215		274		311		291		336		342		360		372		475		480		694		680		478		471		215		225		327		297		285		273		273		263		702		627		607		647		665		238		641		648		657		672		630		597		606		593		596		587		596		614		611		551		504		494		509		763		751		761		735		756		738		748		768		772		685		699		673		780		709		673		690		739		747		794		797		757		790		694		711		753		900		894		879		816		841		944		816		823		803		799		870		869		868		849		812		825		811		795		787		802		831		834		938		953		987		964		973		912		907		900		890		904		859		888		854		166		249		
-1		904		883		1046		916		135		109		130		99		62		50		147		172		18		0		37		30		24		84		78		206		264		216		295		239		253		286		234		228		223		233		274		261		171		233		292		329		309		354		360		378		390		493		498		712		698		496		489		233		243		345		315		303		291		291		281		720		645		625		665		683		256		659		666		675		690		648		615		624		611		614		605		614		632		629		569		522		512		527		781		769		779		753		774		756		766		786		790		703		717		691		798		727		691		708		757		765		812		815		775		808		712		729		771		918		912		897		834		859		962		834		841		821		817		888		887		886		867		830		843		829		813		805		820		849		852		956		971		1005		982		991		930		925		918		908		922		877		906		872		184		267		
-1		867		846		1009		879		98		72		93		62		25		13		110		135		20		38		0		8		13		47		41		169		227		179		258		202		216		249		197		191		186		196		237		224		134		196		255		292		272		317		323		341		353		456		461		675		661		459		452		196		206		308		278		266		254		254		244		683		608		588		628		646		219		622		629		638		653		611		578		587		574		577		568		577		595		592		532		485		475		490		744		732		742		716		737		719		729		749		753		666		680		654		761		690		654		671		720		728		775		778		738		771		675		692		734		881		875		860		797		822		925		797		804		784		780		851		850		849		830		793		806		792		776		768		783		812		815		919		934		968		945		954		893		888		881		871		885		840		869		835		147		230		
-1		898		877		1040		910		129		103		124		93		56		44		141		166		12		30		31		0		18		78		72		200		258		210		289		233		247		280		228		222		217		227		268		255		165		227		286		323		303		348		354		372		384		487		492		706		692		490		483		227		237		339		309		297		285		285		275		714		639		619		659		677		250		653		660		669		684		642		609		618		605		608		599		608		626		623		563		516		506		521		775		763		773		747		768		750		760		780		784		697		711		685		792		721		685		702		751		759		806		809		769		802		706		723		765		912		906		891		828		853		956		828		835		815		811		882		881		880		861		824		837		823		807		799		814		843		846		950		965		999		976		985		924		919		912		902		916		871		900		866		178		261		
-1		880		859		1022		892		111		85		106		75		38		26		123		148		33		51		13		21		0		60		54		182		240		192		271		215		229		262		210		204		199		209		250		237		147		209		268		305		285		330		336		354		366		469		474		688		674		472		465		209		219		321		291		279		267		267		257		696		621		601		641		659		232		635		642		651		666		624		591		600		587		590		581		590		608		605		545		498		488		503		757		745		755		729		750		732		742		762		766		679		693		667		774		703		667		684		733		741		788		791		751		784		688		705		747		894		888		873		810		835		938		810		817		797		793		864		863		862		843		806		819		805		789		781		796		825		828		932		947		981		958		967		906		901		894		884		898		853		882		848		160		243		
-1		888		867		1030		900		119		93		114		83		46		34		131		156		41		59		21		29		8		0		6		190		248		200		279		223		237		270		218		212		207		217		258		245		155		217		276		313		293		338		344		362		374		477		482		696		682		480		473		217		227		329		299		287		275		275		265		704		629		609		649		667		240		643		650		659		674		632		599		608		595		598		589		598		616		613		553		506		496		511		765		753		763		737		758		740		750		770		774		687		701		675		782		711		675		692		741		749		796		799		759		792		696		713		755		902		896		881		818		843		946		818		825		805		801		872		871		870		851		814		827		813		797		789		804		833		836		940		955		989		966		975		914		909		902		892		906		861		890		856		168		251		
-1		894		873		1036		906		125		99		120		89		52		40		137		162		47		65		27		35		14		6		0		196		254		206		285		229		243		276		224		218		213		223		264		251		161		223		282		319		299		344		350		368		380		483		488		702		688		486		479		223		233		335		305		293		281		281		271		710		635		615		655		673		246		649		656		665		680		638		605		614		601		604		595		604		622		619		559		512		502		517		771		759		769		743		764		746		756		776		780		693		707		681		788		717		681		698		747		755		802		805		765		798		702		719		761		908		902		887		824		849		952		824		831		811		807		878		877		876		857		820		833		819		803		795		810		839		842		946		961		995		972		981		920		915		908		898		912		867		896		862		174		257		
-1		932		911		1074		944		163		137		158		127		90		78		175		34		46		64		65		58		52		112		106		0		58		10		89		33		281		314		262		256		251		261		302		289		199		261		320		357		337		382		388		406		418		521		526		740		726		524		517		261		271		373		343		331		319		319		309		748		673		653		693		711		284		687		694		703		718		676		643		652		639		642		633		642		660		657		597		550		540		555		809		797		807		781		802		784		794		814		818		731		745		719		826		755		719		736		785		793		840		843		803		836		740		757		799		946		940		925		862		887		990		862		869		849		845		916		915		914		895		858		871		857		841		833		848		877		880		984		999		1033		1010		1019		958		953		946		936		950		905		934		900		212		295		
-1		990		969		1132		1002		221		195		216		185		148		136		233		92		104		122		123		116		110		170		164		58		0		68		55		91		339		372		320		314		309		319		360		347		257		319		378		415		395		440		446		464		476		579		584		798		784		582		575		319		329		431		401		389		377		377		367		806		731		711		751		769		342		745		752		761		776		734		701		710		697		700		691		700		718		715		655		608		598		613		867		855		865		839		860		842		852		872		876		789		803		777		884		813		777		794		843		851		898		901		861		894		798		815		857		1004		998		983		920		945		1048		920		927		907		903		974		973		972		953		916		929		915		899		891		906		935		938		1042		1057		1091		1068		1077		1016		1011		1004		994		1008		963		992		958		270		353		
-1		942		921		1084		954		173		147		168		137		100		88		185		44		56		74		75		68		62		122		116		10		68		0		99		43		291		324		272		266		261		271		312		299		209		271		330		367		347		392		398		416		428		531		536		750		736		534		527		271		281		383		353		341		329		329		319		758		683		663		703		721		294		697		704		713		728		686		653		662		649		652		643		652		670		667		607		560		550		565		819		807		817		791		812		794		804		824		828		741		755		729		836		765		729		746		795		803		850		853		813		846		750		767		809		956		950		935		872		897		1000		872		879		859		855		926		925		924		905		868		881		867		851		843		858		887		890		994		1009		1043		1020		1029		968		963		956		946		960		915		944		910		222		305		
-1		1045		1024		1187		1057		276		250		271		240		203		191		288		147		159		177		178		171		165		225		219		113		55		123		0		146		394		427		375		369		364		374		415		402		312		374		433		470		450		495		501		519		531		634		639		853		839		637		630		374		384		486		456		444		432		432		422		861		786		766		806		824		397		800		807		816		831		789		756		765		752		755		746		755		773		770		710		663		653		668		922		910		920		894		915		897		907		927		931		844		858		832		939		868		832		849		898		906		953		956		916		949		853		870		912		1059		1053		1038		975		1000		1103		975		982		962		958		1029		1028		1027		1008		971		984		970		954		946		961		990		993		1097		1112		1146		1123		1132		1071		1066		1059		1049		1063		1018		1047		1013		325		408		
-1		965		944		1107		977		196		170		191		160		123		111		208		67		79		97		98		91		85		145		139		33		91		43		56		0		314		347		295		289		284		294		335		322		232		294		353		390		370		415		421		439		451		554		559		773		759		557		550		294		304		406		376		364		352		352		342		781		706		686		726		744		317		720		727		736		751		709		676		685		672		675		666		675		693		690		630		583		573		588		842		830		840		814		835		817		827		847		851		764		778		752		859		788		752		769		818		826		873		876		836		869		773		790		832		979		973		958		895		920		1023		895		902		882		878		949		948		947		928		891		904		890		874		866		881		910		913		1017		1032		1066		1043		1052		991		986		979		969		983		938		967		933		245		328		
-1		826		805		968		838		153		127		148		117		133		121		69		77		89		107		108		101		95		155		149		43		101		53		66		10		0		48		19		150		145		155		60		183		93		155		214		251		231		276		282		300		312		415		420		634		620		418		411		155		165		267		237		225		213		213		203		642		567		547		587		605		178		581		588		597		612		570		537		546		533		536		527		536		554		551		491		444		434		449		703		691		701		675		696		678		688		708		712		625		639		613		720		649		613		630		679		687		734		737		697		730		634		651		693		840		834		819		756		781		884		756		763		743		739		810		809		808		789		752		765		751		735		727		742		771		774		878		893		927		904		913		852		847		840		830		844		799		828		794		106		189		
-1		1065		1044		1207		1077		296		270		291		260		223		211		308		167		179		197		198		191		185		245		239		133		75		143		20		166		414		0		395		389		384		394		12		422		332		394		453		490		470		515		521		539		551		654		659		873		859		657		650		394		404		506		476		464		452		452		442		881		806		786		826		844		417		820		827		836		851		809		776		785		772		775		766		775		793		790		730		683		673		688		942		930		940		914		935		917		927		947		951		864		878		852		959		888		852		869		918		926		973		976		936		969		873		890		932		1079		1073		1058		995		1020		1123		995		1002		982		978		1049		1048		1047		1028		991		1004		990		974		966		981		1010		1013		1117		1132		1166		1143		1152		1091		1086		1079		1069		1083		1038		1067		1033		345		428		
-1		807		786		949		819		134		108		129		98		131		119		50		75		87		105		106		99		93		153		147		62		120		72		85		29		19		67		0		131		126		136		79		164		74		136		195		232		212		257		263		281		293		396		401		615		601		399		392		136		146		248		218		206		194		194		184		623		548		528		568		586		159		562		569		578		593		551		518		527		514		517		508		517		535		532		472		425		415		430		684		672		682		656		677		659		669		689		693		606		620		594		701		630		594		611		660		668		715		718		678		711		615		632		674		821		815		800		737		762		865		737		744		724		720		791		790		789		770		733		746		732		716		708		723		752		755		859		874		908		885		894		833		828		821		811		825		780		809		775		87		170		
-1		813		792		955		825		140		114		135		104		137		125		56		81		93		111		112		105		99		159		153		68		126		78		78		35		25		58		6		0		132		5		46		33		80		142		201		238		218		263		269		287		299		402		407		621		607		405		398		142		152		254		224		212		200		200		190		629		554		534		574		592		165		568		575		584		599		557		524		533		520		523		514		523		541		538		478		431		421		436		690		678		688		662		683		665		675		695		699		612		626		600		707		636		600		617		666		674		721		724		684		717		621		638		680		827		821		806		743		768		871		743		750		730		726		797		796		795		776		739		752		738		722		714		729		758		761		865		880		914		891		900		839		834		827		817		831		786		815		781		93		176		
-1		785		764		927		797		145		119		140		109		142		130		61		86		98		116		117		110		104		164		158		73		131		83		83		40		30		63		11		5		0		10		51		38		52		114		173		210		190		235		241		259		271		374		379		593		579		377		370		114		124		226		196		184		172		172		162		601		526		506		546		564		137		540		547		556		571		529		496		505		492		495		486		495		513		510		450		403		393		408		662		650		660		634		655		637		647		667		671		584		598		572		679		608		572		589		638		646		693		696		656		689		593		610		652		799		793		778		715		740		843		715		722		702		698		769		768		767		748		711		724		710		694		686		701		730		733		837		852		886		863		872		811		806		799		789		803		758		787		753		65		148		
-1		1118		1097		1260		1130		349		323		344		313		276		264		361		220		232		250		251		244		238		298		292		186		128		196		73		219		467		53		448		442		437		0		41		28		385		447		506		543		523		568		574		592		604		707		712		926		912		710		703		447		457		559		529		517		505		505		495		934		859		839		879		897		470		873		880		889		904		862		829		838		825		828		819		828		846		843		783		736		726		741		995		983		993		967		988		970		980		1000		1004		917		931		905		1012		941		905		922		971		979		1026		1029		989		1022		926		943		985		1132		1126		1111		1048		1073		1176		1048		1055		1035		1031		1102		1101		1100		1081		1044		1057		1043		1027		1019		1034		1063		1066		1170		1185		1219		1196		1205		1144		1139		1132		1122		1136		1091		1120		1086		398		481		
-1		1077		1056		1219		1089		308		282		303		272		235		223		320		179		191		209		210		203		197		257		251		145		87		155		32		178		426		12		407		401		396		406		0		434		344		406		465		502		482		527		533		551		563		666		671		885		871		669		662		406		416		518		488		476		464		464		454		893		818		798		838		856		429		832		839		848		863		821		788		797		784		787		778		787		805		802		742		695		685		700		954		942		952		926		947		929		939		959		963		876		890		864		971		900		864		881		930		938		985		988		948		981		885		902		944		1091		1085		1070		1007		1032		1135		1007		1014		994		990		1061		1060		1059		1040		1003		1016		1002		986		978		993		1022		1025		1129		1144		1178		1155		1164		1103		1098		1091		1081		1095		1050		1079		1045		357		440		
-1		1146		1125		1288		1158		377		351		372		341		304		292		389		248		260		278		279		272		266		326		320		214		156		224		101		247		495		81		476		470		465		28		69		0		413		475		534		571		551		596		602		620		632		735		740		954		940		738		731		475		485		587		557		545		533		533		523		962		887		867		907		925		498		901		908		917		932		890		857		866		853		856		847		856		874		871		811		764		754		769		1023		1011		1021		995		1016		998		1008		1028		1032		945		959		933		1040		969		933		950		999		1007		1054		1057		1017		1050		954		971		1013		1160		1154		1139		1076		1101		1204		1076		1083		1063		1059		1130		1129		1128		1109		1072		1085		1071		1055		1047		1062		1091		1094		1198		1213		1247		1224		1233		1172		1167		1160		1150		1164		1119		1148		1114		426		509		
-1		733		712		875		745		197		171		192		161		194		182		113		138		150		168		169		162		156		216		210		125		183		135		135		92		82		115		63		57		52		62		103		90		0		62		121		158		138		183		189		207		219		322		327		541		527		325		318		62		72		174		144		132		120		120		110		549		474		454		494		512		85		488		495		504		519		477		444		453		440		443		434		443		461		458		398		351		341		356		610		598		608		582		603		585		595		615		619		532		546		520		627		556		520		537		586		594		641		644		604		637		541		558		600		747		741		726		663		688		791		663		670		650		646		717		716		715		696		659		672		658		642		634		649		678		681		785		800		834		811		820		759		754		747		737		751		706		735		701		13		96		
-1		671		650		813		683		259		233		254		223		256		244		175		200		212		230		231		224		218		278		272		187		245		197		197		154		144		177		125		119		114		124		165		152		62		0		59		96		76		121		127		145		157		260		265		479		465		263		256		98		108		210		180		168		156		156		146		487		412		392		432		450		121		426		433		442		457		415		382		391		378		381		372		381		399		396		336		289		279		294		548		536		546		520		541		523		533		553		557		470		484		458		565		494		458		475		524		532		579		582		542		575		479		496		538		685		679		664		601		626		729		601		608		588		584		655		654		653		634		597		610		596		580		572		587		616		619		723		738		772		749		758		697		692		685		675		689		644		673		639		49		132		
-1		612		591		754		624		669		643		664		633		666		654		585		610		622		640		641		634		628		688		682		597		655		607		607		564		554		587		535		529		524		534		575		562		472		410		0		37		17		62		68		86		98		201		206		420		406		204		197		427		417		519		489		477		465		442		432		428		353		333		373		391		404		367		374		383		398		356		323		332		319		322		313		322		340		337		277		230		220		235		489		477		487		461		482		464		474		494		498		411		425		399		506		435		399		416		465		473		520		523		483		516		420		437		479		626		620		605		542		567		670		542		549		529		525		596		595		594		575		538		551		537		521		513		528		557		560		664		679		713		690		699		638		633		626		616		630		585		614		580		459		441		
-1		575		554		717		587		632		606		627		596		629		617		548		573		585		603		604		597		591		651		645		560		618		570		570		527		517		550		498		492		487		497		538		525		435		373		4		0		20		25		31		49		61		164		169		383		369		167		160		390		380		482		452		440		428		405		395		391		316		296		336		354		367		330		337		346		361		319		286		295		282		285		276		285		303		300		240		193		183		198		452		440		450		424		445		427		437		457		461		374		388		362		469		398		362		379		428		436		483		486		446		479		383		400		442		589		583		568		505		530		633		505		512		492		488		559		558		557		538		501		514		500		484		476		491		520		523		627		642		676		653		662		601		596		589		579		593		548		577		543		422		404		
-1		595		574		737		607		652		626		647		616		649		637		568		593		605		623		624		617		611		671		665		580		638		590		590		547		537		570		518		512		507		517		558		545		455		393		24		20		0		45		51		69		81		184		189		403		389		187		180		410		400		502		472		460		448		425		415		411		336		316		356		374		387		350		357		366		381		339		306		315		302		305		296		305		323		320		260		213		203		218		472		460		470		444		465		447		457		477		481		394		408		382		489		418		382		399		448		456		503		506		466		499		403		420		462		609		603		588		525		550		653		525		532		512		508		579		578		577		558		521		534		520		504		496		511		540		543		647		662		696		673		682		621		616		609		599		613		568		597		563		442		424		
-1		550		529		692		562		607		581		602		571		604		592		523		548		560		578		579		572		566		626		620		535		593		545		545		502		492		525		473		467		462		472		513		500		410		348		29		25		45		0		6		24		36		139		144		358		344		142		135		365		355		457		427		415		403		380		370		366		291		271		311		329		342		305		312		321		336		294		261		270		257		260		251		260		278		275		215		168		158		173		427		415		425		399		420		402		412		432		436		349		363		337		444		373		337		354		403		411		458		461		421		454		358		375		417		564		558		543		480		505		608		480		487		467		463		534		533		532		513		476		489		475		459		451		466		495		498		602		617		651		628		637		576		571		564		554		568		523		552		518		397		379		
-1		544		523		686		556		601		575		596		565		598		586		517		542		554		572		573		566		560		620		614		529		587		539		539		496		486		519		467		461		456		466		507		494		404		342		35		31		51		6		0		18		30		133		138		352		338		136		129		359		349		451		421		409		397		374		364		360		285		265		305		323		336		299		306		315		330		288		255		264		251		254		245		254		272		269		209		162		152		167		421		409		419		393		414		396		406		426		430		343		357		331		438		367		331		348		397		405		452		455		415		448		352		369		411		558		552		537		474		499		602		474		481		461		457		528		527		526		507		470		483		469		453		445		460		489		492		596		611		645		622		631		570		565		558		548		562		517		546		512		391		373		
-1		526		505		668		538		583		557		578		547		580		568		499		524		536		554		555		548		542		602		596		511		569		521		521		478		468		501		449		443		438		448		489		476		386		324		51		47		67		22		18		0		12		115		120		334		320		118		111		341		331		433		403		391		379		356		346		342		267		247		287		305		318		281		288		297		312		270		237		246		233		236		227		236		254		251		191		144		134		149		403		391		401		375		396		378		388		408		412		325		339		313		420		349		313		330		379		387		434		437		397		430		334		351		393		540		534		519		456		481		584		456		463		443		439		510		509		508		489		452		465		451		435		427		442		471		474		578		593		627		604		613		552		547		540		530		544		499		528		494		373		355		
-1		514		493		656		526		571		545		566		535		568		556		487		512		524		542		543		536		530		590		584		499		557		509		509		466		456		489		437		431		426		436		477		464		374		312		39		35		55		10		16		12		0		103		108		322		308		106		99		329		319		421		391		379		367		344		334		330		255		235		275		293		306		269		276		285		300		258		225		234		221		224		215		224		242		239		179		132		122		137		391		379		389		363		384		366		376		396		400		313		327		301		408		337		301		318		367		375		422		425		385		418		322		339		381		528		522		507		444		469		572		444		451		431		427		498		497		496		477		440		453		439		423		415		430		459		462		566		581		615		592		601		540		535		528		518		532		487		516		482		361		343		
-1		418		397		560		430		475		449		470		439		472		460		391		416		428		446		447		440		434		494		488		403		461		413		413		370		360		393		341		335		330		340		381		368		278		216		41		37		17		62		68		86		98		0		5		226		212		10		17		233		223		325		295		283		271		248		238		234		159		139		179		197		210		173		180		189		204		162		129		138		125		128		119		128		146		143		83		36		26		41		295		283		293		267		288		270		280		300		304		217		231		205		312		241		205		222		271		279		326		329		289		322		226		243		285		432		426		411		348		373		476		348		355		335		331		402		401		400		381		344		357		343		327		319		334		363		366		470		485		519		496		505		444		439		432		422		436		391		420		386		265		247		
-1		413		392		555		425		470		444		465		434		467		455		386		411		423		441		442		435		429		489		483		398		456		408		408		365		355		388		336		330		325		335		376		363		273		211		40		36		16		61		67		85		97		5		0		221		207		5		12		228		218		320		290		278		266		243		233		229		154		134		174		192		205		168		175		184		199		157		124		133		120		123		114		123		141		138		78		31		21		36		290		278		288		262		283		265		275		295		299		212		226		200		307		236		200		217		266		274		321		324		284		317		221		238		280		427		421		406		343		368		471		343		350		330		326		397		396		395		376		339		352		338		322		314		329		358		361		465		480		514		491		500		439		434		427		417		431		386		415		381		260		242		
-1		444		423		586		456		501		475		496		465		498		486		417		442		454		472		473		466		460		520		514		429		487		439		439		396		386		419		367		361		356		366		407		394		304		242		71		67		47		92		98		116		128		36		31		0		238		36		43		259		249		351		321		309		297		274		264		260		185		165		205		223		236		199		206		215		230		188		155		164		151		154		145		54		36		41		109		62		52		67		321		309		319		293		314		296		306		326		330		243		257		231		338		267		231		248		297		305		352		355		315		348		252		269		311		458		452		437		374		399		502		374		381		361		357		428		427		426		407		370		383		369		353		345		360		389		392		496		511		545		522		531		470		465		458		448		462		417		446		412		291		273		
-1		458		437		600		470		263		237		258		227		260		248		179		204		216		234		235		228		222		282		276		191		249		201		201		158		148		181		129		123		118		128		169		156		66		4		63		81		61		106		112		130		142		50		45		14		0		50		57		73		63		165		135		123		111		111		101		274		199		179		33		15		50		213		220		229		244		202		169		178		165		168		159		68		50		55		123		76		66		81		335		323		333		307		328		310		320		340		344		257		271		245		352		281		245		262		311		319		366		369		329		362		266		283		325		472		466		451		388		413		516		388		395		375		371		442		441		440		421		384		397		383		367		359		374		403		406		510		525		559		536		545		484		479		472		462		476		431		460		426		53		87		
-1		408		387		550		420		465		439		460		429		462		450		381		406		418		436		437		430		424		484		478		393		451		403		403		360		350		383		331		325		320		330		371		358		268		206		45		41		21		66		72		90		102		10		5		216		202		0		7		223		213		315		285		273		261		238		228		224		149		129		169		187		200		163		170		179		194		152		119		128		115		118		109		118		136		133		73		26		16		31		285		273		283		257		278		260		270		290		294		207		221		195		302		231		195		212		261		269		316		319		279		312		216		233		275		422		416		401		338		363		466		338		345		325		321		392		391		390		371		334		347		333		317		309		324		353		356		460		475		509		486		495		434		429		422		412		426		381		410		376		255		237		
-1		415		394		557		427		472		446		467		436		469		457		388		413		425		443		444		437		431		491		485		400		458		410		410		367		357		390		338		332		327		337		378		365		275		213		45		41		21		66		72		90		102		4		9		223		209		7		0		230		220		322		292		280		268		245		235		231		156		136		176		194		207		170		177		186		201		159		126		135		122		125		116		125		143		140		80		33		23		38		292		280		290		264		285		267		277		297		301		214		228		202		309		238		202		219		268		276		323		326		286		319		223		240		282		429		423		408		345		370		473		345		352		332		328		399		398		397		378		341		354		340		324		316		331		360		363		467		482		516		493		502		441		436		429		419		433		388		417		383		262		244		
-1		769		748		911		781		259		233		254		223		256		244		175		200		212		230		231		224		218		278		272		187		245		197		197		154		144		177		125		119		114		124		165		152		62		98		157		194		174		219		225		243		255		358		363		577		563		361		354		0		10		112		82		70		58		58		48		585		510		490		530		548		23		524		531		540		555		513		480		489		476		479		470		479		497		494		434		387		377		392		646		634		644		618		639		621		631		651		655		568		582		556		663		592		556		573		622		630		677		680		640		673		577		594		636		783		777		762		699		724		827		699		706		686		682		753		752		751		732		695		708		694		678		670		685		714		717		821		836		870		847		856		795		790		783		773		787		742		771		737		49		34		
-1		779		758		921		791		269		243		264		233		266		254		185		210		222		240		241		234		228		288		282		197		255		207		207		164		154		187		135		129		124		134		175		162		72		108		167		204		184		229		235		253		265		368		373		587		573		371		364		10		0		102		72		60		48		48		38		595		520		500		540		558		13		534		541		550		565		523		490		499		486		489		480		489		507		504		444		397		387		402		656		644		654		628		649		631		641		661		665		578		592		566		673		602		566		583		632		640		687		690		650		683		587		604		646		793		787		772		709		734		837		709		716		696		692		763		762		761		742		705		718		704		688		680		695		724		727		831		846		880		857		866		805		800		793		783		797		752		781		747		59		24		
-1		777		756		919		789		267		241		262		231		264		252		183		208		220		238		239		232		226		286		280		195		253		205		205		162		152		185		133		127		122		132		173		160		70		106		165		202		182		227		233		251		263		366		371		585		571		369		362		8		18		0		90		78		66		66		56		593		518		498		538		556		31		532		539		548		563		521		488		497		484		487		478		487		505		502		442		395		385		400		654		642		652		626		647		629		639		659		663		576		590		564		671		600		564		581		630		638		685		688		648		681		585		602		644		791		785		770		707		732		835		707		714		694		690		761		760		759		740		703		716		702		686		678		693		722		725		829		844		878		855		864		803		798		791		781		795		750		779		745		57		42		
-1		807		786		949		819		297		271		292		261		294		282		213		238		250		268		269		262		256		316		310		225		283		235		235		192		182		215		163		157		152		162		203		190		100		136		195		232		212		257		263		281		293		396		401		615		601		399		392		38		48		30		0		108		96		96		86		623		548		528		568		586		61		562		569		578		593		551		518		527		514		517		508		517		535		532		472		425		415		430		684		672		682		656		677		659		669		689		693		606		620		594		701		630		594		611		660		668		715		718		678		711		615		632		674		821		815		800		737		762		865		737		744		724		720		791		790		789		770		733		746		732		716		708		723		752		755		859		874		908		885		894		833		828		821		811		825		780		809		775		87		72		
-1		819		798		961		831		309		283		304		273		306		294		225		250		262		280		281		274		268		328		322		237		295		247		247		204		194		227		175		169		164		174		215		202		112		148		207		244		224		269		275		293		305		408		413		627		613		411		404		50		60		42		12		0		12		108		98		635		560		540		580		598		73		574		581		590		605		563		530		539		526		529		520		529		547		544		484		437		427		442		696		684		694		668		689		671		681		701		705		618		632		606		713		642		606		623		672		680		727		730		690		723		627		644		686		833		827		812		749		774		877		749		756		736		732		803		802		801		782		745		758		744		728		720		735		764		767		871		886		920		897		906		845		840		833		823		837		792		821		787		99		84		
-1		831		810		973		843		321		295		316		285		318		306		237		262		274		292		293		286		280		340		334		249		307		259		259		216		206		239		187		181		176		186		227		214		124		160		219		256		236		281		287		305		317		420		425		639		625		423		416		62		72		54		24		12		0		120		110		647		572		552		592		610		85		586		593		602		617		575		542		551		538		541		532		541		559		556		496		449		439		454		708		696		706		680		701		683		693		713		717		630		644		618		725		654		618		635		684		692		739		742		702		735		639		656		698		845		839		824		761		786		889		761		768		748		744		815		814		813		794		757		770		756		740		732		747		776		779		883		898		932		909		918		857		852		845		835		849		804		833		799		111		96		
-1		873		852		1015		885		363		337		358		327		360		348		279		304		316		334		335		328		322		382		376		291		349		301		301		258		248		281		229		223		218		228		269		256		166		202		261		298		278		323		329		347		359		462		467		681		667		465		458		104		114		96		66		54		42		0		10		689		614		594		634		652		127		628		635		644		659		617		584		593		580		583		574		583		601		598		538		491		481		496		750		738		748		722		743		725		735		755		759		672		686		660		767		696		660		677		726		734		781		784		744		777		681		698		740		887		881		866		803		828		931		803		810		790		786		857		856		855		836		799		812		798		782		774		789		818		821		925		940		974		951		960		899		894		887		877		891		846		875		841		153		18		
-1		869		848		1011		881		359		333		354		323		356		344		275		300		312		330		331		324		318		378		372		287		345		297		297		254		244		277		225		219		214		224		265		252		162		198		257		294		274		319		325		343		355		458		463		677		663		461		454		100		110		92		62		50		38		10		0		685		610		590		630		648		123		624		631		640		655		613		580		589		576		579		570		579		597		594		534		487		477		492		746		734		744		718		739		721		731		751		755		668		682		656		763		692		656		673		722		730		777		780		740		773		677		694		736		883		877		862		799		824		927		799		806		786		782		853		852		851		832		795		808		794		778		770		785		814		817		921		936		970		947		956		895		890		883		873		887		842		871		837		149		14		
-1		323		302		564		434		363		337		358		327		360		348		279		304		316		334		335		328		322		382		376		291		349		301		301		258		248		281		229		223		218		228		269		256		166		202		261		298		278		323		329		347		359		462		467		526		512		465		458		104		114		96		66		54		42		14		4		0		49		439		479		497		127		63		70		79		94		144		429		438		425		428		419		428		446		443		383		336		326		311		299		287		297		271		292		274		284		304		308		221		235		209		202		245		95		112		161		169		216		219		179		212		116		133		175		322		316		301		238		263		366		238		245		225		221		295		306		305		286		237		310		324		331		323		338		367		370		474		489		523		500		509		448		443		436		426		440		395		424		390		153		18		
-1		274		253		515		385		438		412		433		402		435		423		354		379		391		409		410		403		397		457		451		366		424		376		376		333		323		356		304		298		293		303		344		331		241		277		336		373		353		398		404		422		434		513		508		477		463		513		520		179		189		171		141		129		117		89		79		75		0		390		430		448		202		14		21		30		45		95		380		389		376		379		370		379		397		394		334		287		277		262		250		238		248		222		243		225		235		255		259		172		186		160		153		196		46		63		112		120		167		170		130		163		67		84		126		273		267		252		189		214		317		189		196		176		172		246		257		256		237		188		261		275		282		274		289		318		321		425		440		474		451		460		399		394		387		377		391		346		375		341		228		93		
-1		294		273		454		324		336		310		331		300		333		321		252		277		289		307		308		301		295		355		349		264		322		274		274		231		221		254		202		196		191		201		242		229		139		77		136		154		134		179		185		203		215		123		118		87		73		123		130		94		84		186		156		144		132		109		99		95		20		0		40		58		71		34		41		50		65		56		23		32		19		11		20		29		47		44		56		71		81		96		189		177		187		161		182		164		174		194		198		111		125		99		173		135		66		83		132		140		187		190		150		183		87		104		146		293		287		272		209		234		337		209		216		196		192		266		277		276		257		208		251		237		221		213		228		257		260		364		379		413		390		399		338		333		326		316		330		285		314		280		126		108		
-1		491		470		633		503		296		270		291		260		293		281		212		237		249		267		268		261		255		315		309		224		282		234		234		191		181		214		162		156		151		161		202		189		99		37		96		114		94		139		145		163		175		83		78		47		33		83		90		54		44		146		116		104		92		92		82		307		232		212		0		18		31		246		253		262		277		235		202		211		198		201		192		101		83		88		156		109		99		114		368		356		366		340		361		343		353		373		377		290		304		278		385		314		278		295		344		352		399		402		362		395		299		316		358		505		499		484		421		446		549		421		428		408		404		475		474		473		454		417		430		416		400		392		407		436		439		543		558		592		569		578		517		512		505		495		509		464		493		459		86		68		
-1		473		452		615		485		278		252		273		242		275		263		194		219		231		249		250		243		237		297		291		206		264		216		216		173		163		196		144		138		133		143		184		171		81		19		78		96		76		121		127		145		157		65		60		29		15		65		72		58		48		150		120		108		96		96		86		289		214		194		18		0		35		228		235		244		259		217		184		193		180		183		174		83		65		70		138		91		81		96		350		338		348		322		343		325		335		355		359		272		286		260		367		296		260		277		326		334		381		384		344		377		281		298		340		487		481		466		403		428		531		403		410		390		386		457		456		455		436		399		412		398		382		374		389		418		421		525		540		574		551		560		499		494		487		477		491		446		475		441		68		72		
-1		792		771		934		804		282		256		277		246		279		267		198		223		235		253		254		247		241		301		295		210		268		220		220		177		167		200		148		142		137		147		188		175		85		121		180		217		197		242		248		266		278		381		386		600		586		384		377		23		13		115		85		73		61		61		51		608		533		513		553		571		0		547		554		563		578		536		503		512		499		502		493		502		520		517		457		410		400		415		669		657		667		641		662		644		654		674		678		591		605		579		686		615		579		596		645		653		700		703		663		696		600		617		659		806		800		785		722		747		850		722		729		709		705		776		775		774		755		718		731		717		701		693		708		737		740		844		859		893		870		879		818		813		806		796		810		765		794		760		72		37		
-1		260		239		501		371		424		398		419		388		421		409		340		365		377		395		396		389		383		443		437		352		410		362		362		319		309		342		290		284		279		289		330		317		227		263		322		359		339		384		390		408		420		499		494		463		449		499		506		165		175		157		127		115		103		75		65		61		14		376		416		434		188		0		7		16		31		81		366		375		362		365		356		365		383		380		320		273		263		248		236		224		234		208		229		211		221		241		245		158		172		146		139		182		32		49		98		106		153		156		116		149		53		70		112		259		253		238		175		200		303		175		182		162		158		232		243		242		223		174		247		261		268		260		275		304		307		411		426		460		437		446		385		380		373		363		377		332		361		327		214		79		
-1		253		232		494		364		417		391		412		381		414		402		333		358		370		388		389		382		376		436		430		345		403		355		355		312		302		335		283		277		272		282		323		310		220		256		315		352		332		377		383		401		413		492		487		456		442		492		499		158		168		150		120		108		96		68		58		54		21		369		409		427		181		7		0		9		24		74		359		368		355		358		349		358		376		373		313		266		256		241		229		217		227		201		222		204		214		234		238		151		165		139		132		175		25		42		91		99		146		149		109		142		46		63		105		252		246		231		168		193		296		168		175		155		151		225		236		235		216		167		240		254		261		253		268		297		300		404		419		453		430		439		378		373		366		356		370		325		354		320		207		72		
-1		256		235		497		367		408		382		403		372		405		393		324		349		361		379		380		373		367		427		421		336		394		346		346		303		293		326		274		268		263		273		314		301		211		247		306		343		323		368		374		392		404		495		490		459		445		495		502		149		159		141		111		99		87		59		49		45		30		372		412		430		172		16		9		0		15		77		362		371		358		361		352		361		379		376		316		269		259		244		232		220		230		204		225		207		217		237		241		154		168		142		135		178		28		45		94		102		149		152		112		145		49		66		108		255		249		234		171		196		299		171		178		158		154		228		239		238		219		170		243		257		264		256		271		300		303		407		422		456		433		442		381		376		369		359		373		328		357		323		198		63		
-1		353		332		594		464		393		367		388		357		390		378		309		334		346		364		365		358		352		412		406		321		379		331		331		288		278		311		259		253		248		258		299		286		196		232		291		328		308		353		359		377		389		492		497		556		542		495		488		134		144		126		96		84		72		44		34		30		79		469		509		527		157		93		100		109		0		174		459		468		455		458		449		458		476		473		413		366		356		341		329		317		327		301		322		304		314		334		338		251		265		239		232		275		125		142		191		199		246		249		209		242		146		163		205		352		346		331		268		293		396		268		275		255		251		325		336		335		316		267		340		354		361		353		368		397		400		504		519		553		530		539		478		473		466		456		470		425		454		420		183		48		
-1		297		276		538		408		461		435		456		425		458		446		377		402		414		432		433		426		420		480		474		389		447		399		399		356		346		379		327		321		316		326		367		354		264		300		359		396		376		421		427		445		457		536		531		500		486		536		543		202		212		194		164		152		140		112		102		98		51		413		453		471		225		37		44		53		68		0		403		412		399		402		393		402		420		417		357		310		300		285		273		261		271		245		266		248		258		278		282		195		209		183		176		219		69		86		135		143		190		193		153		186		90		107		149		296		290		275		212		237		340		212		219		199		195		269		280		279		260		211		284		298		305		297		312		341		344		448		463		497		474		483		422		417		410		400		414		369		398		364		251		116		
-1		289		268		431		301		359		333		354		323		356		344		275		300		312		330		331		324		318		378		372		287		345		297		297		254		244		277		225		219		214		224		265		252		162		100		159		177		157		202		208		226		238		146		141		110		96		146		153		117		107		209		179		167		155		132		122		118		43		23		63		81		94		57		64		73		88		33		0		9		4		12		10		19		37		34		46		61		71		86		166		154		164		138		159		141		151		171		175		88		102		76		196		112		89		106		155		163		210		213		173		206		110		127		169		316		310		295		232		257		360		232		239		219		215		273		272		271		252		215		228		214		198		190		205		234		237		341		356		390		367		376		315		310		303		293		307		262		291		257		149		131		
-1		280		259		422		292		633		607		628		597		630		618		549		574		586		604		605		598		592		652		646		561		619		571		571		528		518		551		499		493		488		498		539		526		436		374		433		451		431		476		482		500		512		420		415		384		370		420		427		391		381		483		453		441		429		406		396		392		317		297		337		355		368		331		338		347		362		310		287		0		283		286		277		286		304		301		241		194		184		169		157		145		155		129		150		132		142		162		166		79		93		67		241		103		348		331		380		388		435		438		398		431		327		310		268		377		371		356		293		318		421		293		300		280		276		264		263		262		243		206		219		205		189		181		196		225		228		332		347		381		358		367		306		301		294		284		298		253		282		248		423		405		
-1		293		272		435		305		355		329		350		319		352		340		271		296		308		326		327		320		314		374		368		283		341		293		293		250		240		273		221		215		210		220		261		248		158		96		155		173		153		198		204		222		234		142		137		106		92		142		149		113		103		205		175		163		151		128		118		114		39		19		59		77		90		53		60		69		84		37		4		13		0		8		6		15		33		30		42		57		67		82		170		158		168		142		163		145		155		175		179		92		106		80		192		116		85		102		151		159		206		209		169		202		106		123		165		312		306		291		228		253		356		228		235		215		211		277		276		275		256		219		232		218		202		194		209		238		241		345		360		394		371		380		319		314		307		297		311		266		295		261		145		127		
-1		301		280		443		313		347		321		342		311		344		332		263		288		300		318		319		312		306		366		360		275		333		285		285		242		232		265		213		207		202		212		253		240		150		88		147		165		145		190		196		214		226		134		129		98		84		134		141		105		95		197		167		155		143		120		110		106		31		11		51		69		82		45		52		61		76		45		12		21		8		0		9		18		36		33		45		60		70		85		178		166		176		150		171		153		163		183		187		100		114		88		184		124		77		94		143		151		198		201		161		194		98		115		157		304		298		283		220		245		348		220		227		207		203		277		284		283		264		219		240		226		210		202		217		246		249		353		368		402		379		388		327		322		315		305		319		274		303		269		137		119		
-1		299		278		441		311		356		330		351		320		353		341		272		297		309		327		328		321		315		375		369		284		342		294		294		251		241		274		222		216		211		221		262		249		159		97		156		174		154		199		205		223		235		143		138		107		93		143		150		114		104		206		176		164		152		129		119		115		40		20		60		78		91		54		61		70		85		43		10		19		6		9		0		9		27		24		36		51		61		76		176		164		174		148		169		151		161		181		185		98		112		86		193		122		86		103		152		160		207		210		170		203		107		124		166		313		307		292		229		254		357		229		236		216		212		283		282		281		262		225		238		224		208		200		215		244		247		351		366		400		377		386		325		320		313		303		317		272		301		267		146		128		
-1		424		403		566		436		481		455		476		445		478		466		397		422		434		452		453		446		440		500		494		409		467		419		419		376		366		399		347		341		336		346		387		374		284		222		281		299		279		324		330		348		360		268		263		232		218		268		275		239		229		331		301		289		277		254		244		240		165		145		185		203		216		179		186		195		210		168		135		144		131		134		125		0		18		15		89		42		52		67		301		289		299		273		294		276		286		306		310		223		237		211		318		247		211		228		277		285		332		335		295		328		232		249		291		438		432		417		354		379		482		354		361		341		337		408		407		406		387		350		363		349		333		325		340		369		372		476		491		525		502		511		450		445		438		428		442		397		426		392		271		253		
-1		414		393		556		426		471		445		466		435		468		456		387		412		424		442		443		436		430		490		484		399		457		409		409		366		356		389		337		331		326		336		377		364		274		212		271		289		269		314		320		338		350		258		253		222		208		258		265		229		219		321		291		279		267		244		234		230		155		135		175		193		206		169		176		185		200		158		125		134		121		124		115		18		0		5		79		32		42		57		291		279		289		263		284		266		276		296		300		213		227		201		308		237		201		218		267		275		322		325		285		318		222		239		281		428		422		407		344		369		472		344		351		331		327		398		397		396		377		340		353		339		323		315		330		359		362		466		481		515		492		501		440		435		428		418		432		387		416		382		261		243		
-1		409		388		551		421		466		440		461		430		463		451		382		407		419		437		438		431		425		485		479		394		452		404		404		361		351		384		332		326		321		331		372		359		269		207		266		284		264		309		315		333		345		253		248		217		203		253		260		224		214		316		286		274		262		239		229		225		150		130		170		188		201		164		171		180		195		153		120		129		116		119		110		23		5		0		74		27		37		52		286		274		284		258		279		261		271		291		295		208		222		196		303		232		196		213		262		270		317		320		280		313		217		234		276		423		417		402		339		364		467		339		346		326		322		393		392		391		372		335		348		334		318		310		325		354		357		461		476		510		487		496		435		430		423		413		427		382		411		377		256		238		
-1		335		314		477		347		392		366		387		356		389		377		308		333		345		363		364		357		351		411		405		320		378		330		330		287		277		310		258		252		247		257		298		285		195		133		192		210		190		235		241		259		271		179		174		143		129		179		186		150		140		242		212		200		188		165		155		151		76		56		96		114		127		90		97		106		121		79		46		55		42		45		36		45		63		60		0		47		57		72		212		200		210		184		205		187		197		217		221		134		148		122		229		158		122		139		188		196		243		246		206		239		143		160		202		349		343		328		265		290		393		265		272		252		248		319		318		317		298		261		274		260		244		236		251		280		283		387		402		436		413		422		361		356		349		339		353		308		337		303		182		164		
-1		382		361		524		394		439		413		434		403		436		424		355		380		392		410		411		404		398		458		452		367		425		377		377		334		324		357		305		299		294		304		345		332		242		180		239		257		237		282		288		306		318		226		221		190		176		226		233		197		187		289		259		247		235		212		202		198		123		103		143		161		174		137		144		153		168		126		93		102		89		92		83		92		110		107		47		0		10		25		259		247		257		231		252		234		244		264		268		181		195		169		276		205		169		186		235		243		290		293		253		286		190		207		249		396		390		375		312		337		440		312		319		299		295		366		365		364		345		308		321		307		291		283		298		327		330		434		449		483		460		469		408		403		396		386		400		355		384		350		229		211		
-1		392		371		534		404		449		423		444		413		446		434		365		390		402		420		421		414		408		468		462		377		435		387		387		344		334		367		315		309		304		314		355		342		252		190		249		267		247		292		298		316		328		236		231		200		186		236		243		207		197		299		269		257		245		222		212		208		133		113		153		171		184		147		154		163		178		136		103		112		99		102		93		102		120		117		57		10		0		15		269		257		267		241		262		244		254		274		278		191		205		179		286		215		179		196		245		253		300		303		263		296		200		217		259		406		400		385		322		347		450		322		329		309		305		376		375		374		355		318		331		317		301		293		308		337		340		444		459		493		470		479		418		413		406		396		410		365		394		360		239		221		
-1		407		386		549		419		464		438		459		428		461		449		380		405		417		435		436		429		423		483		477		392		450		402		402		359		349		382		330		324		319		329		370		357		267		205		264		282		262		307		313		331		343		251		246		215		201		251		258		222		212		314		284		272		260		237		227		223		148		128		168		186		199		162		169		178		193		151		118		127		114		117		108		117		135		132		72		25		15		0		284		272		282		256		277		259		269		289		293		206		220		194		301		230		194		211		260		268		315		318		278		311		215		232		274		421		415		400		337		362		465		337		344		324		320		391		390		389		370		333		346		332		316		308		323		352		355		459		474		508		485		494		433		428		421		411		425		380		409		375		254		236		
-1		419		398		561		431		476		450		471		440		473		461		392		417		429		447		448		441		435		495		489		404		462		414		414		371		361		394		342		336		331		341		382		369		279		217		276		294		274		319		325		343		355		263		258		227		213		263		270		234		224		326		296		284		272		249		239		235		160		140		180		198		211		174		181		190		205		163		130		139		126		129		120		129		147		144		84		37		27		12		0		284		294		268		289		271		281		301		305		218		232		206		313		242		206		223		272		280		327		330		290		323		227		244		286		433		427		412		349		374		477		349		356		336		332		403		402		401		382		345		358		344		328		320		335		364		367		471		486		520		497		506		445		440		433		423		437		392		421		387		266		248		
-1		177		156		319		189		488		462		483		452		485		473		404		429		441		459		460		453		447		507		501		416		474		426		426		383		373		406		354		348		343		353		394		381		291		229		288		306		286		331		337		355		367		275		270		239		225		275		282		246		236		338		308		296		284		261		251		247		172		152		192		210		223		186		193		202		217		175		142		151		138		141		132		141		159		156		96		49		39		24		12		0		10		16		27		29		39		59		63		92		52		104		138		42		218		228		277		285		332		335		295		328		224		207		165		274		268		253		190		215		318		190		197		177		173		161		160		159		140		103		116		102		86		78		93		122		125		229		244		278		255		264		203		198		191		181		195		150		179		145		278		260		
-1		183		162		325		195		485		459		480		449		482		470		401		426		438		456		457		450		444		504		498		413		471		423		423		380		370		403		351		345		340		350		391		378		288		226		285		303		283		328		334		352		364		272		267		236		222		272		279		243		233		335		305		293		281		258		248		244		169		149		189		207		220		183		190		199		214		172		139		148		135		138		129		138		156		153		93		46		36		21		9		43		0		27		17		35		45		65		69		98		63		110		144		53		215		232		281		289		336		339		299		332		230		213		171		280		274		259		196		221		324		196		203		183		179		167		166		165		146		109		122		108		92		84		99		128		131		235		250		284		261		270		209		204		197		187		201		156		185		151		275		257		
-1		161		140		303		173		504		478		499		468		501		489		420		445		457		475		476		469		463		523		517		432		490		442		442		399		389		422		370		364		359		369		410		397		307		245		304		322		302		347		353		371		383		291		286		255		241		291		298		262		252		354		324		312		300		277		267		263		188		168		208		226		239		202		209		218		233		191		158		167		154		157		148		157		175		172		112		65		55		40		28		16		26		0		31		13		23		43		47		76		36		88		122		26		229		212		261		269		316		319		279		312		208		191		149		258		252		237		174		199		302		174		181		161		157		145		144		143		124		87		100		86		70		62		77		106		109		213		228		262		239		248		187		182		175		165		179		134		163		129		294		276		
-1		166		145		308		178		514		488		509		478		511		499		430		455		467		485		486		479		473		533		527		442		500		452		452		409		399		432		380		374		369		379		420		407		317		255		314		332		312		357		363		381		393		301		296		265		251		301		308		272		262		364		334		322		310		287		277		273		198		178		218		236		249		212		219		228		243		196		168		177		164		167		158		167		185		182		122		75		65		50		38		26		36		10		0		18		28		48		52		81		46		93		127		36		234		217		266		274		321		324		284		317		213		196		154		263		257		242		179		204		307		179		186		166		162		150		149		148		129		92		105		91		75		67		82		111		114		218		233		267		244		253		192		187		180		170		184		139		168		134		304		286		
-1		148		127		290		160		517		491		512		481		514		502		433		458		470		488		489		482		476		536		530		445		503		455		455		412		402		435		383		377		372		382		423		410		320		258		317		335		315		360		366		384		396		304		299		268		254		304		311		275		265		367		337		325		313		290		280		276		201		181		221		239		252		215		222		231		246		178		171		180		167		170		161		170		188		185		125		78		68		53		41		29		39		13		18		0		10		30		34		63		39		75		109		29		216		199		248		256		303		306		266		299		195		178		136		245		239		224		161		186		289		161		168		148		144		132		131		130		111		74		87		73		57		49		64		93		96		200		215		249		226		235		174		169		162		152		166		121		150		116		307		289		
-1		138		117		280		150		607		581		602		571		604		592		523		548		560		578		579		572		566		626		620		535		593		545		545		502		492		525		473		467		462		472		513		500		410		348		407		425		405		450		456		474		486		394		389		358		344		394		401		365		355		362		332		320		308		280		270		266		219		271		311		329		342		205		212		221		236		168		261		270		257		260		251		260		278		275		215		168		158		143		131		119		129		103		124		106		0		20		24		53		67		65		99		77		206		189		238		246		293		296		256		289		185		168		126		235		229		214		151		176		279		151		158		138		134		122		121		120		101		64		77		63		47		39		54		83		86		190		205		239		216		225		164		159		152		142		156		111		140		106		397		284		
-1		118		97		260		130		587		561		582		551		584		572		503		528		540		558		559		552		546		606		600		515		573		525		525		482		472		505		453		447		442		452		493		480		390		328		387		405		385		430		436		454		466		374		369		338		324		374		381		345		335		342		312		300		288		260		250		246		199		251		291		309		322		185		192		201		216		148		241		250		237		240		231		240		258		255		195		148		138		123		111		99		109		83		104		86		20		0		4		33		47		45		79		57		186		169		218		226		273		276		236		269		165		148		106		215		209		194		131		156		259		131		138		118		114		102		101		100		81		44		57		43		27		19		34		63		66		170		185		219		196		205		144		139		132		122		136		91		120		86		377		264		
-1		114		93		256		126		605		579		600		569		602		590		521		546		558		576		577		570		564		624		618		533		591		543		543		500		490		523		471		465		460		470		511		498		408		389		448		466		446		491		497		515		527		435		430		399		385		435		442		346		356		338		308		296		284		256		246		242		195		312		352		370		369		181		188		197		212		144		302		311		298		301		292		301		319		316		256		209		199		184		172		160		170		144		165		147		157		177		0		94		108		82		75		118		182		165		214		222		269		272		232		265		161		144		102		211		205		190		127		152		255		127		134		114		110		98		97		96		77		40		53		39		23		15		30		59		62		166		181		215		192		201		140		135		128		118		132		87		116		82		395		260		
-1		201		180		343		213		554		528		549		518		551		539		470		495		507		525		526		519		513		573		567		482		540		492		492		449		439		472		420		414		409		419		460		447		357		295		354		372		352		397		403		421		433		341		336		305		291		341		348		312		302		404		374		362		350		327		317		313		238		218		258		276		289		252		259		268		283		231		208		217		204		207		198		207		225		222		162		115		105		90		78		66		76		50		71		53		63		83		87		0		14		12		162		24		269		252		301		309		356		359		319		352		248		231		189		298		292		277		214		239		342		214		221		201		197		185		184		183		164		127		140		126		110		102		117		146		149		253		268		302		279		288		227		222		215		205		219		174		203		169		344		326		
-1		187		166		329		199		540		514		535		504		537		525		456		481		493		511		512		505		499		559		553		468		526		478		478		435		425		458		406		400		395		405		446		433		343		281		340		358		338		383		389		407		419		327		322		291		277		327		334		298		288		390		360		348		336		313		303		299		224		204		244		262		275		238		245		254		269		217		194		203		190		193		184		193		211		208		148		101		91		76		64		52		62		36		57		39		49		69		73		102		0		114		148		10		255		238		287		295		342		345		305		338		234		217		175		284		278		263		200		225		328		200		207		187		183		171		170		169		150		113		126		112		96		88		103		132		135		239		254		288		265		274		213		208		201		191		205		160		189		155		330		312		
-1		213		192		355		225		566		540		561		530		563		551		482		507		519		537		538		531		525		585		579		494		552		504		504		461		451		484		432		426		421		431		472		459		369		307		366		384		364		409		415		433		445		353		348		317		303		353		360		324		314		416		386		374		362		339		329		325		250		230		270		288		301		264		271		280		295		243		220		229		216		219		210		219		237		234		174		127		117		102		90		78		88		62		83		65		75		95		99		12		26		0		174		36		281		264		313		321		368		371		331		364		260		243		201		310		304		289		226		251		354		226		233		213		209		197		196		195		176		139		152		138		122		114		129		158		161		265		280		314		291		300		239		234		227		217		231		186		215		181		356		338		
-1		121		100		362		232		530		504		525		494		527		515		446		471		483		501		502		495		489		549		543		458		516		468		468		425		415		448		396		390		385		395		436		423		333		314		373		391		371		416		422		440		452		360		355		324		310		360		367		271		281		263		233		221		209		181		171		167		120		237		277		295		294		106		113		122		137		69		227		236		223		226		217		226		244		241		181		134		124		109		97		85		95		69		90		72		82		102		106		19		33		7		0		43		107		90		139		147		194		197		157		190		86		69		27		174		168		153		90		115		218		90		97		77		73		93		104		103		84		35		108		122		129		121		136		165		168		272		287		321		298		307		246		241		234		224		238		193		222		188		320		185		
-1		177		156		319		189		530		504		525		494		527		515		446		471		483		501		502		495		489		549		543		458		516		468		468		425		415		448		396		390		385		395		436		423		333		271		330		348		328		373		379		397		409		317		312		281		267		317		324		288		278		380		350		338		326		303		293		289		214		194		234		252		265		228		235		244		259		207		184		193		180		183		174		183		201		198		138		91		81		66		54		42		52		26		47		29		39		59		63		92		10		104		138		0		245		228		277		285		332		335		295		328		224		207		165		274		268		253		190		215		318		190		197		177		173		161		160		159		140		103		116		102		86		78		93		122		125		229		244		278		255		264		203		198		191		181		195		150		179		145		320		302		
-1		228		207		469		339		442		416		437		406		439		427		358		383		395		413		414		407		401		461		455		370		428		380		380		337		327		360		308		302		297		307		348		335		245		281		340		377		357		402		408		426		438		467		462		431		417		467		474		183		193		175		145		133		121		93		83		79		46		344		384		402		206		32		25		34		49		49		334		343		330		333		324		333		351		348		288		241		231		216		204		192		202		176		197		179		189		209		213		126		140		114		107		150		0		17		66		74		121		124		84		117		21		38		80		227		221		206		143		168		271		143		150		130		126		200		211		210		191		142		215		229		236		228		243		272		275		379		394		428		405		414		353		348		341		331		345		300		329		295		232		97		
-1		211		190		452		322		459		433		454		423		456		444		375		400		412		430		431		424		418		478		472		387		445		397		397		354		344		377		325		319		314		324		365		352		262		298		357		394		374		419		425		443		455		450		445		414		400		450		457		200		210		192		162		150		138		110		100		96		63		327		367		385		223		49		42		51		66		32		317		326		313		316		307		316		334		331		271		224		214		199		187		175		185		159		180		162		172		192		196		109		123		97		90		133		17		0		49		57		104		107		67		100		4		21		63		210		204		189		126		151		254		126		133		113		109		183		194		193		174		125		198		212		219		211		226		255		258		362		377		411		388		397		336		331		324		314		328		283		312		278		249		114		
-1		260		239		501		371		508		482		503		472		505		493		424		449		461		479		480		473		467		527		521		436		494		446		446		403		393		426		374		368		363		373		414		401		311		347		406		443		423		468		474		492		504		499		494		463		449		499		506		249		259		241		211		199		187		159		149		145		112		376		416		434		272		98		91		100		115		81		366		375		362		365		356		365		383		380		320		273		263		248		236		224		234		208		229		211		221		241		245		158		172		146		139		182		66		49		0		8		55		58		18		51		53		70		112		259		253		238		175		200		303		175		182		162		158		232		243		242		223		174		247		261		268		260		275		304		307		411		426		460		437		446		385		380		373		363		377		332		361		327		298		163		
-1		271		250		512		382		519		493		514		483		516		504		435		460		472		490		491		484		478		538		532		447		505		457		457		414		404		437		385		379		374		384		425		412		322		358		417		454		434		479		485		503		515		510		505		474		460		510		517		260		270		252		222		210		198		170		160		156		123		387		427		445		283		109		102		111		126		92		377		386		373		376		367		376		394		391		331		284		274		259		247		235		245		219		240		222		232		252		256		169		183		157		150		193		77		60		109		0		47		50		10		43		64		81		123		270		264		249		186		211		314		186		193		173		169		243		254		253		234		185		258		272		279		271		286		315		318		422		437		471		448		457		396		391		384		374		388		343		372		338		309		174		
-1		288		267		529		399		536		510		531		500		533		521		452		477		489		507		508		501		495		555		549		464		522		474		474		431		421		454		402		396		391		401		442		429		339		375		434		471		451		496		502		520		532		527		522		491		477		527		534		277		287		269		239		227		215		187		177		173		140		404		444		462		300		126		119		128		143		109		394		403		390		393		384		393		411		408		348		301		291		276		264		252		262		236		257		239		249		269		273		186		200		174		167		210		94		77		126		17		0		3		27		60		81		98		140		287		281		266		203		228		331		203		210		190		186		260		271		270		251		202		275		289		296		288		303		332		335		439		454		488		465		474		413		408		401		391		405		360		389		355		326		191		
-1		291		270		532		402		539		513		534		503		536		524		455		480		492		510		511		504		498		558		552		467		525		477		477		434		424		457		405		399		394		404		445		432		342		378		437		474		454		499		505		523		535		530		525		494		480		530		537		280		290		272		242		230		218		190		180		176		143		407		447		465		303		129		122		131		146		112		397		406		393		396		387		396		414		411		351		304		294		279		267		255		265		239		260		242		252		272		276		189		203		177		170		213		97		80		129		20		3		0		30		63		84		101		143		290		284		269		206		231		334		206		213		193		189		263		274		273		254		205		278		292		299		291		306		335		338		442		457		491		468		477		416		411		404		394		408		363		392		358		329		194		
-1		261		240		502		372		509		483		504		473		506		494		425		450		462		480		481		474		468		528		522		437		495		447		447		404		394		427		375		369		364		374		415		402		312		348		407		444		424		469		475		493		505		500		495		464		450		500		507		250		260		242		212		200		188		160		150		146		113		377		417		435		273		99		92		101		116		82		367		376		363		366		357		366		384		381		321		274		264		249		237		225		235		209		230		212		222		242		246		159		173		147		140		183		67		50		99		54		37		40		0		33		54		71		113		260		254		239		176		201		304		176		183		163		159		233		244		243		224		175		248		262		269		261		276		305		308		412		427		461		438		447		386		381		374		364		378		333		362		328		299		164		
-1		228		207		469		339		476		450		471		440		473		461		392		417		429		447		448		441		435		495		489		404		462		414		414		371		361		394		342		336		331		341		382		369		279		315		374		411		391		436		442		460		472		467		462		431		417		467		474		217		227		209		179		167		155		127		117		113		80		344		384		402		240		66		59		68		83		49		334		343		330		333		324		333		351		348		288		241		231		216		204		192		202		176		197		179		189		209		213		126		140		114		107		150		34		17		66		74		121		124		84		0		21		38		80		227		221		206		143		168		271		143		150		130		126		200		211		210		191		142		215		229		236		228		243		272		275		379		394		428		405		414		353		348		341		331		345		300		329		295		266		131		
-1		207		186		448		318		463		437		458		427		460		448		379		404		416		434		435		428		422		482		476		391		449		401		401		358		348		381		329		323		318		328		369		356		266		302		361		398		378		423		429		447		459		446		441		410		396		446		453		204		214		196		166		154		142		114		104		100		67		323		363		381		227		53		46		55		70		28		313		322		309		312		303		312		330		327		267		220		210		195		183		171		181		155		176		158		168		188		192		105		119		93		86		129		21		4		53		61		108		111		71		104		0		17		59		206		200		185		122		147		250		122		129		109		105		179		190		189		170		121		194		208		215		207		222		251		254		358		373		407		384		393		332		327		320		310		324		279		308		274		253		118		
-1		190		169		431		301		480		454		475		444		477		465		396		421		433		451		452		445		439		499		493		408		466		418		418		375		365		398		346		340		335		345		386		373		283		319		378		415		395		440		446		464		476		429		424		393		379		429		436		221		231		213		183		171		159		131		121		117		84		306		346		364		244		70		63		72		87		45		296		305		292		295		286		295		313		310		250		203		193		178		166		154		164		138		159		141		151		171		175		88		102		76		69		112		38		21		70		78		125		128		88		121		17		0		42		189		183		168		105		130		233		105		112		92		88		162		173		172		153		104		177		191		198		190		205		234		237		341		356		390		367		376		315		310		303		293		307		262		291		257		270		135		
-1		148		127		389		259		522		496		517		486		519		507		438		463		475		493		494		487		481		541		535		450		508		460		460		417		407		440		388		382		377		387		428		415		325		341		400		418		398		443		449		467		479		387		382		351		337		387		394		263		273		255		225		213		201		173		163		159		126		264		304		322		286		112		105		114		129		87		254		263		250		253		244		253		271		268		208		161		151		136		124		112		122		96		117		99		109		129		133		46		60		34		27		70		80		63		112		120		167		170		130		163		59		42		0		147		141		126		63		88		191		63		70		50		46		120		131		130		111		62		135		149		156		148		163		192		195		299		314		348		325		334		273		268		261		251		265		220		249		215		312		177		
-1		211		190		452		322		501		475		496		465		498		486		417		442		454		472		473		466		460		520		514		429		487		439		439		396		386		419		367		361		356		366		407		394		304		340		399		436		416		461		467		485		497		450		445		414		400		450		457		242		252		234		204		192		180		152		142		138		105		327		367		385		265		91		84		93		108		66		317		326		313		316		307		316		334		331		271		224		214		199		187		175		185		159		180		162		172		192		196		109		123		97		90		133		59		42		91		99		146		149		109		142		38		21		63		0		6		21		49		59		162		57		64		62		66		183		194		193		174		125		198		212		219		211		226		255		258		362		377		411		388		397		336		331		324		314		328		283		312		278		291		156		
-1		217		196		458		328		507		481		502		471		504		492		423		448		460		478		479		472		466		526		520		435		493		445		445		402		392		425		373		367		362		372		413		400		310		346		405		442		422		467		473		491		503		456		451		420		406		456		463		248		258		240		210		198		186		158		148		144		111		333		373		391		271		97		90		99		114		72		323		332		319		322		313		322		340		337		277		230		220		205		193		181		191		165		186		168		178		198		202		115		129		103		96		139		65		48		97		105		152		155		115		148		44		27		69		6		0		15		43		53		156		51		58		56		60		189		200		199		180		131		204		218		225		217		232		261		264		368		383		417		394		403		342		337		330		320		334		289		318		284		297		162		
-1		232		211		473		343		522		496		517		486		519		507		438		463		475		493		494		487		481		541		535		450		508		460		460		417		407		440		388		382		377		387		428		415		325		361		420		457		437		482		488		506		518		471		466		435		421		471		478		263		273		255		225		213		201		173		163		159		126		348		388		406		286		112		105		114		129		87		338		347		334		337		328		337		355		352		292		245		235		220		208		196		206		180		201		183		193		213		217		130		144		118		111		154		80		63		112		120		167		170		130		163		59		42		84		21		15		0		28		38		141		36		43		41		45		204		215		214		195		146		219		233		240		232		247		276		279		383		398		432		409		418		357		352		345		335		349		304		333		299		312		177		
-1		295		274		536		406		585		559		580		549		582		570		501		526		538		556		557		550		544		604		598		513		571		523		523		480		470		503		451		445		440		450		491		478		388		424		483		520		500		545		551		569		581		534		529		498		484		534		541		326		336		318		288		276		264		236		226		222		189		411		451		469		349		175		168		177		192		150		401		410		397		400		391		400		418		415		355		308		298		283		271		259		269		243		264		246		256		276		280		193		207		181		174		217		143		126		175		183		230		233		193		226		122		105		147		84		78		63		0		25		128		8		15		13		17		267		278		277		258		209		282		296		303		295		310		339		342		446		461		495		472		481		420		415		408		398		412		367		396		362		375		240		
-1		270		249		511		381		560		534		555		524		557		545		476		501		513		531		532		525		519		579		573		488		546		498		498		455		445		478		426		420		415		425		466		453		363		399		458		495		475		520		526		544		556		509		504		473		459		509		516		301		311		293		263		251		239		211		201		197		164		386		426		444		324		150		143		152		167		125		376		385		372		375		366		375		393		390		330		283		273		258		246		234		244		218		239		221		231		251		255		168		182		156		149		192		118		101		150		158		205		208		168		201		97		80		122		59		53		38		66		0		103		74		81		79		83		242		253		252		233		184		257		271		278		270		285		314		317		421		436		470		447		456		395		390		383		373		387		342		371		337		350		215		
-1		373		352		614		484		663		637		658		627		660		648		579		604		616		634		635		628		622		682		676		591		649		601		601		558		548		581		529		523		518		528		569		556		466		502		561		598		578		623		629		647		659		612		607		576		562		612		619		404		414		396		366		354		342		314		304		300		267		489		529		547		427		253		246		255		270		228		479		488		475		478		469		478		496		493		433		386		376		361		349		337		347		321		342		324		334		354		358		271		285		259		252		295		221		204		253		261		308		311		271		304		200		183		225		162		156		141		169		103		0		177		184		182		186		345		356		355		336		287		360		374		381		373		388		417		420		524		539		573		550		559		498		493		486		476		490		445		474		440		453		318		
-1		303		282		544		414		593		567		588		557		590		578		509		534		546		564		565		558		552		612		606		521		579		531		531		488		478		511		459		453		448		458		499		486		396		432		491		528		508		553		559		577		589		542		537		506		492		542		549		334		344		326		296		284		272		244		234		230		197		419		459		477		357		183		176		185		200		158		409		418		405		408		399		408		426		423		363		316		306		291		279		267		277		251		272		254		264		284		288		201		215		189		182		225		151		134		183		191		238		241		201		234		130		113		155		92		86		71		8		33		136		0		7		13		17		275		286		285		266		217		290		304		311		303		318		347		350		454		469		503		480		489		428		423		416		406		420		375		404		370		383		248		
-1		310		289		551		421		600		574		595		564		597		585		516		541		553		571		572		565		559		619		613		528		586		538		538		495		485		518		466		460		455		465		506		493		403		439		498		535		515		560		566		584		596		549		544		513		499		549		556		341		351		333		303		291		279		251		241		237		204		426		466		484		364		190		183		192		207		165		416		425		412		415		406		415		433		430		370		323		313		298		286		274		284		258		279		261		271		291		295		208		222		196		189		232		158		141		190		198		245		248		208		241		137		120		162		99		93		78		15		40		143		7		0		20		24		282		293		292		273		224		297		311		318		310		325		354		357		461		476		510		487		496		435		430		423		413		427		382		411		377		390		255		
-1		308		287		549		419		598		572		593		562		595		583		514		539		551		569		570		563		557		617		611		526		584		536		536		493		483		516		464		458		453		463		504		491		401		437		496		533		513		558		564		582		594		547		542		511		497		547		554		339		349		331		301		289		277		249		239		235		202		424		464		482		362		188		181		190		205		163		414		423		410		413		404		413		431		428		368		321		311		296		284		272		282		256		277		259		269		289		293		206		220		194		187		230		156		139		188		196		243		246		206		239		135		118		160		97		91		76		13		38		141		13		20		0		4		280		291		290		271		222		295		309		316		308		323		352		355		459		474		508		485		494		433		428		421		411		425		380		409		375		388		253		
-1		312		291		553		423		602		576		597		566		599		587		518		543		555		573		574		567		561		621		615		530		588		540		540		497		487		520		468		462		457		467		508		495		405		441		500		537		517		562		568		586		598		551		546		515		501		551		558		343		353		335		305		293		281		253		243		239		206		428		468		486		366		192		185		194		209		167		418		427		414		417		408		417		435		432		372		325		315		300		288		276		286		260		281		263		273		293		297		210		224		198		191		234		160		143		192		200		247		250		210		243		139		122		164		101		95		80		17		42		145		17		24		4		0		284		295		294		275		226		299		313		320		312		327		356		359		463		478		512		489		498		437		432		425		415		429		384		413		379		392		257		
-1		64		72		352		222		614		588		609		578		611		599		530		555		567		585		586		579		573		633		627		542		600		552		552		509		499		532		480		474		469		479		520		507		417		407		466		484		464		509		515		533		545		453		448		417		403		453		460		355		365		347		317		305		293		265		255		251		213		330		370		388		378		199		197		206		221		162		320		329		316		319		310		319		337		334		274		227		217		202		190		178		188		162		183		165		175		195		199		112		126		100		93		136		172		155		204		212		259		262		222		255		151		134		120		113		107		92		29		54		157		29		36		16		12		0		36		46		56		58		80		94		110		118		126		155		158		262		277		311		288		297		236		231		224		214		228		183		212		178		404		269		
-1		28		36		316		186		634		608		629		598		631		619		550		575		587		605		606		599		593		653		647		562		620		572		572		529		519		552		500		494		489		499		540		527		437		418		477		495		475		520		526		544		556		464		459		428		414		464		471		375		385		367		337		325		313		285		275		271		224		341		381		399		398		210		217		226		241		173		331		340		327		330		321		330		348		345		285		238		228		213		201		189		199		173		194		176		186		206		210		123		137		111		104		147		211		194		243		251		298		301		261		294		190		173		131		240		234		219		156		181		284		156		163		143		139		127		0		10		20		69		44		58		74		82		90		119		122		226		241		275		252		261		200		195		188		178		192		147		176		142		424		289		
-1		18		35		315		185		633		607		628		597		630		618		549		574		586		604		605		598		592		652		646		561		619		571		571		528		518		551		499		493		488		498		539		526		436		417		476		494		474		519		525		543		555		463		458		427		413		463		470		374		384		366		336		324		312		284		274		270		223		340		380		398		397		209		216		225		240		172		330		339		326		329		320		329		347		344		284		237		227		212		200		188		198		172		193		175		185		205		209		122		136		110		103		146		210		193		242		250		297		300		260		293		189		172		130		239		233		218		155		180		283		155		162		142		138		126		10		0		19		68		43		57		73		81		89		118		121		225		240		274		251		260		199		194		187		177		191		146		175		141		423		288		
-1		37		16		296		166		614		588		609		578		611		599		530		555		567		585		586		579		573		633		627		542		600		552		552		509		499		532		480		474		469		479		520		507		417		398		457		475		455		500		506		524		536		444		439		408		394		444		451		355		365		347		317		305		293		265		255		251		204		321		361		379		378		190		197		206		221		153		311		320		307		310		301		310		328		325		265		218		208		193		181		169		179		153		174		156		166		186		190		103		117		91		84		127		191		174		223		231		278		281		241		274		170		153		111		220		214		199		136		161		264		136		143		123		119		107		20		19		0		49		24		38		54		62		70		99		102		206		221		255		232		241		180		175		168		158		172		127		156		122		404		269		
-1		86		65		345		215		565		539		560		529		562		550		481		506		518		536		537		530		524		584		578		493		551		503		503		460		450		483		431		425		420		430		471		458		368		349		408		426		406		451		457		475		487		395		390		359		345		395		402		306		316		298		268		256		244		216		206		202		155		272		312		330		329		141		148		157		172		104		262		271		258		261		252		261		279		276		216		169		159		144		132		120		130		104		125		107		117		137		141		54		68		42		35		78		142		125		174		182		229		232		192		225		121		104		62		171		165		150		87		112		215		87		94		74		70		58		69		68		49		0		73		87		103		111		119		148		151		255		270		304		281		290		229		224		217		207		221		176		205		171		355		220		
-1		61		40		272		142		612		586		607		576		609		597		528		553		565		583		584		577		571		631		625		540		598		550		550		507		497		530		478		472		467		477		518		505		415		396		455		473		453		498		504		522		534		442		437		406		392		442		449		353		363		345		315		303		291		263		253		249		202		319		359		377		376		188		195		204		219		151		309		318		305		308		299		308		326		323		263		216		206		191		179		167		177		151		172		154		164		184		188		101		115		89		82		125		189		172		221		229		276		279		239		272		168		151		109		218		212		197		134		159		262		134		141		121		117		105		44		43		24		47		0		14		30		38		46		75		78		182		197		231		208		217		156		151		144		134		148		103		132		98		402		267		
-1		75		54		258		128		598		572		593		562		595		583		514		539		551		569		570		563		557		617		611		526		584		536		536		493		483		516		464		458		453		463		504		491		401		382		441		459		439		484		490		508		520		428		423		392		378		428		435		339		349		331		301		289		277		249		239		235		188		305		345		363		362		174		181		190		205		137		295		304		291		294		285		294		312		309		249		202		192		177		165		153		163		137		158		140		150		170		174		87		101		75		68		111		175		158		207		215		262		265		225		258		154		137		95		204		198		183		120		145		248		120		127		107		103		91		58		57		38		33		14		0		16		24		32		61		64		168		183		217		194		203		142		137		130		120		134		89		118		84		388		253		
-1		91		70		249		119		582		556		577		546		579		567		498		523		535		553		554		547		541		601		595		510		568		520		520		477		467		500		448		442		437		447		488		475		385		366		425		443		423		468		474		492		504		412		407		376		362		412		419		323		333		315		285		273		261		233		223		219		172		289		329		347		346		158		165		174		189		121		279		288		275		278		269		278		296		293		233		186		176		161		149		137		147		121		142		124		134		154		158		71		85		59		52		95		159		142		191		199		246		249		209		242		138		121		79		188		182		167		104		129		232		104		111		91		87		75		74		73		54		17		30		16		0		8		23		52		55		159		174		208		185		194		133		128		121		111		125		80		109		75		372		237		
-1		99		78		241		111		590		564		585		554		587		575		506		531		543		561		562		555		549		609		603		518		576		528		528		485		475		508		456		450		445		455		496		483		393		374		433		451		431		476		482		500		512		420		415		384		370		420		427		331		341		323		293		281		269		241		231		227		180		297		337		355		354		166		173		182		197		129		287		296		283		286		277		286		304		301		241		194		184		169		157		145		155		129		150		132		142		162		166		79		93		67		60		103		167		150		199		207		254		257		217		250		146		129		87		196		190		175		112		137		240		112		119		99		95		83		82		81		62		25		38		24		8		0		15		44		47		151		166		200		177		186		125		120		113		103		117		72		101		67		380		245		
-1		107		86		226		96		605		579		600		569		602		590		521		546		558		576		577		570		564		624		618		533		591		543		543		500		490		523		471		465		460		470		511		498		408		389		448		466		446		491		497		515		527		435		430		399		385		435		442		346		356		338		308		296		284		256		246		242		195		312		352		370		369		181		188		197		212		144		302		311		298		301		292		301		319		316		256		209		199		184		172		160		170		144		165		147		157		177		181		94		108		82		75		118		182		165		214		222		269		272		232		265		161		144		102		211		205		190		127		152		255		127		134		114		110		98		90		89		70		40		46		32		23		15		0		29		32		136		151		185		162		171		110		105		98		88		102		57		86		52		395		260		
-1		136		115		255		67		634		608		629		598		631		619		550		575		587		605		606		599		593		653		647		562		620		572		572		529		519		552		500		494		489		499		540		527		437		418		477		495		475		520		526		544		556		464		459		428		414		464		471		375		385		367		337		325		313		285		275		271		224		341		381		399		398		210		217		226		241		173		331		340		327		330		321		330		348		345		285		238		228		213		201		189		199		173		194		176		186		206		210		123		137		111		104		147		211		194		243		251		298		301		261		294		190		173		131		240		234		219		156		181		284		156		163		143		139		127		119		118		99		69		75		61		52		44		29		0		61		165		180		214		191		200		139		134		127		117		131		86		115		81		424		289		
-1		251		230		194		182		749		723		744		713		746		734		665		690		702		720		721		714		708		768		762		677		735		687		687		644		634		667		615		609		604		614		655		642		552		533		592		610		590		635		641		659		671		579		574		543		529		579		586		490		500		482		452		440		428		400		390		386		339		456		496		514		513		325		332		341		356		288		446		455		442		445		436		445		463		460		400		353		343		328		316		304		314		288		309		291		301		321		325		238		252		226		219		262		326		309		358		366		413		416		376		409		305		288		246		355		349		334		271		296		399		271		278		258		254		242		234		233		214		184		190		176		167		159		144		115		0		104		119		153		130		139		78		73		66		56		70		25		54		20		539		404		
-1		147		126		90		78		645		619		640		609		642		630		561		586		598		616		617		610		604		664		658		573		631		583		583		540		530		563		511		505		500		510		551		538		448		429		488		506		486		531		537		555		567		475		470		439		425		475		482		386		396		378		348		336		324		296		286		282		235		352		392		410		409		221		228		237		252		184		342		351		338		341		332		341		359		356		296		249		239		224		212		200		210		184		205		187		197		217		221		134		148		122		115		158		222		205		254		262		309		312		272		305		201		184		142		251		245		230		167		192		295		167		174		154		150		138		130		129		110		80		86		72		63		55		40		11		72		0		15		49		26		35		150		145		138		128		142		97		126		92		435		300		
-1		162		141		75		93		660		634		655		624		657		645		576		601		613		631		632		625		619		679		673		588		646		598		598		555		545		578		526		520		515		525		566		553		463		444		503		521		501		546		552		570		582		490		485		454		440		490		497		401		411		393		363		351		339		311		301		297		250		367		407		425		424		236		243		252		267		199		357		366		353		356		347		356		374		371		311		264		254		239		227		215		225		199		220		202		212		232		236		149		163		137		130		173		237		220		269		277		324		327		287		320		216		199		157		266		260		245		182		207		310		182		189		169		165		153		145		144		125		95		101		87		78		70		55		26		87		15		0		34		11		50		165		160		153		143		157		112		141		107		450		315		
-1		184		163		41		115		682		656		677		646		679		667		598		623		635		653		654		647		641		701		695		610		668		620		620		577		567		600		548		542		537		547		588		575		485		466		525		543		523		568		574		592		604		512		507		476		462		512		519		423		433		415		385		373		361		333		323		319		272		389		429		447		446		258		265		274		289		221		379		388		375		378		369		378		396		393		333		286		276		261		249		237		247		221		242		224		234		254		258		171		185		159		152		195		259		242		291		299		346		349		309		342		238		221		179		288		282		267		204		229		332		204		211		191		187		175		167		166		147		117		123		109		100		92		77		48		109		37		22		0		33		72		187		182		175		165		179		134		163		129		472		337		
-1		173		152		64		104		671		645		666		635		668		656		587		612		624		642		643		636		630		690		684		599		657		609		609		566		556		589		537		531		526		536		577		564		474		455		514		532		512		557		563		581		593		501		496		465		451		501		508		412		422		404		374		362		350		322		312		308		261		378		418		436		435		247		254		263		278		210		368		377		364		367		358		367		385		382		322		275		265		250		238		226		236		210		231		213		223		243		247		160		174		148		141		184		248		231		280		288		335		338		298		331		227		210		168		277		271		256		193		218		321		193		200		180		176		164		156		155		136		106		112		98		89		81		66		37		98		26		11		23		0		61		176		171		164		154		168		123		152		118		461		326		
-1		182		161		125		113		680		654		675		644		677		665		596		621		633		651		652		645		639		699		693		608		666		618		618		575		565		598		546		540		535		545		586		573		483		464		523		541		521		566		572		590		602		510		505		474		460		510		517		421		431		413		383		371		359		331		321		317		270		387		427		445		444		256		263		272		287		219		377		386		373		376		367		376		394		391		331		284		274		259		247		235		245		219		240		222		232		252		256		169		183		157		150		193		257		240		289		297		344		347		307		340		236		219		177		286		280		265		202		227		330		202		209		189		185		173		165		164		145		115		121		107		98		90		75		46		107		35		50		84		61		0		185		180		173		163		177		132		161		127		470		335		
-1		173		152		116		104		671		645		666		635		668		656		587		612		624		642		643		636		630		690		684		599		657		609		609		566		556		589		537		531		526		536		577		564		474		455		514		532		512		557		563		581		593		501		496		465		451		501		508		412		422		404		374		362		350		322		312		308		261		378		418		436		435		247		254		263		278		210		368		377		364		367		358		367		385		382		322		275		265		250		238		226		236		210		231		213		223		243		247		160		174		148		141		184		248		231		280		288		335		338		298		331		227		210		168		277		271		256		193		218		321		193		200		180		176		164		156		155		136		106		112		98		89		81		66		37		98		26		41		75		52		61		0		100		93		83		97		52		81		47		461		326		
-1		178		157		121		109		676		650		671		640		673		661		592		617		629		647		648		641		635		695		689		604		662		614		614		571		561		594		542		536		531		541		582		569		479		460		519		537		517		562		568		586		598		506		501		470		456		506		513		417		427		409		379		367		355		327		317		313		266		383		423		441		440		252		259		268		283		215		373		382		369		372		363		372		390		387		327		280		270		255		243		231		241		215		236		218		228		248		252		165		179		153		146		189		253		236		285		293		340		343		303		336		232		215		173		282		276		261		198		223		326		198		205		185		181		169		161		160		141		111		117		103		94		86		71		42		103		31		46		80		57		66		5		0		7		88		26		57		86		52		466		331		
-1		185		164		128		116		683		657		678		647		680		668		599		624		636		654		655		648		642		702		696		611		669		621		621		578		568		601		549		543		538		548		589		576		486		467		526		544		524		569		575		593		605		513		508		477		463		513		520		424		434		416		386		374		362		334		324		320		273		390		430		448		447		259		266		275		290		222		380		389		376		379		370		379		397		394		334		287		277		262		250		238		248		222		243		225		235		255		259		172		186		160		153		196		260		243		292		300		347		350		310		343		239		222		180		289		283		268		205		230		333		205		212		192		188		176		168		167		148		118		124		110		101		93		78		49		110		38		53		87		64		73		12		7		0		95		19		64		93		59		473		338		
-1		195		174		138		126		693		667		688		657		690		678		609		634		646		664		665		658		652		712		706		621		679		631		631		588		578		611		559		553		548		558		599		586		496		477		536		554		534		579		585		603		615		523		518		487		473		523		530		434		444		426		396		384		372		344		334		330		283		400		440		458		457		269		276		285		300		232		390		399		386		389		380		389		407		404		344		297		287		272		260		248		258		232		253		235		245		265		269		182		196		170		163		206		270		253		302		310		357		360		320		353		249		232		190		299		293		278		215		240		343		215		222		202		198		186		178		177		158		128		134		120		111		103		88		59		120		48		63		97		74		83		22		17		10		0		14		31		60		36		483		348		
-1		204		183		147		135		702		676		697		666		699		687		618		643		655		673		674		667		661		721		715		630		688		640		640		597		587		620		568		562		557		567		608		595		505		486		545		563		543		588		594		612		624		532		527		496		482		532		539		443		453		435		405		393		381		353		343		339		292		409		449		467		466		278		285		294		309		241		399		408		395		398		389		398		416		413		353		306		296		281		269		257		267		241		262		244		254		274		278		191		205		179		172		215		279		262		311		319		366		369		329		362		258		241		199		308		302		287		224		249		352		224		231		211		207		195		187		186		167		137		143		129		120		112		97		68		129		57		72		106		83		92		31		26		19		114		0		83		112		78		492		357		
-1		226		205		169		157		724		698		719		688		721		709		640		665		677		695		696		689		683		743		737		652		710		662		662		619		609		642		590		584		579		589		630		617		527		508		567		585		565		610		616		634		646		554		549		518		504		554		561		465		475		457		427		415		403		375		365		361		314		431		471		489		488		300		307		316		331		263		421		430		417		420		411		420		438		435		375		328		318		303		291		279		289		263		284		266		276		296		300		213		227		201		194		237		301		284		333		341		388		391		351		384		280		263		221		330		324		309		246		271		374		246		253		233		229		217		209		208		189		159		165		151		142		134		119		90		151		79		94		128		105		114		53		48		41		31		45		0		29		5		514		379		
-1		255		234		198		186		753		727		748		717		750		738		669		694		706		724		725		718		712		772		766		681		739		691		691		648		638		671		619		613		608		618		659		646		556		537		596		614		594		639		645		663		675		583		578		547		533		583		590		494		504		486		456		444		432		404		394		390		343		460		500		518		517		329		336		345		360		292		450		459		446		449		440		449		467		464		404		357		347		332		320		308		318		292		313		295		305		325		329		242		256		230		223		266		330		313		362		370		417		420		380		413		309		292		250		359		353		338		275		300		403		275		282		262		258		246		238		237		218		188		194		180		171		163		148		119		180		108		123		157		134		143		82		77		70		60		74		29		0		34		543		408		
-1		231		210		174		162		729		703		724		693		726		714		645		670		682		700		701		694		688		748		742		657		715		667		667		624		614		647		595		589		584		594		635		622		532		513		572		590		570		615		621		639		651		559		554		523		509		559		566		470		480		462		432		420		408		380		370		366		319		436		476		494		493		305		312		321		336		268		426		435		422		425		416		425		443		440		380		333		323		308		296		284		294		268		289		271		281		301		305		218		232		206		199		242		306		289		338		346		393		396		356		389		285		268		226		335		329		314		251		276		379		251		258		238		234		222		214		213		194		164		170		156		147		139		124		95		156		84		99		133		110		119		58		53		46		36		50		5		34		0		519		384		
-1		720		699		862		732		210		184		205		174		207		195		126		151		163		181		182		175		169		229		223		138		196		148		148		105		95		128		76		70		65		75		116		103		13		49		108		145		125		170		176		194		206		309		314		528		514		312		305		49		59		161		131		119		107		107		97		536		461		441		481		499		72		475		482		491		506		464		431		440		427		430		421		430		448		445		385		338		328		343		597		585		595		569		590		572		582		602		606		519		533		507		614		543		507		524		573		581		628		631		591		624		528		545		587		734		728		713		650		675		778		650		657		637		633		704		703		702		683		646		659		645		629		621		636		665		668		772		787		821		798		807		746		741		734		724		738		693		722		688		0		83		
-1		855		834		997		867		345		319		340		309		342		330		261		286		298		316		317		310		304		364		358		273		331		283		283		240		230		263		211		205		200		210		251		238		148		184		243		280		260		305		311		329		341		444		449		663		649		447		440		86		96		78		48		36		24		24		14		671		596		576		616		634		109		610		617		626		641		599		566		575		562		565		556		565		583		580		520		473		463		478		732		720		730		704		725		707		717		737		741		654		668		642		749		678		642		659		708		716		763		766		726		759		663		680		722		869		863		848		785		810		913		785		792		772		768		839		838		837		818		781		794		780		764		756		771		800		803		907		922		956		933		942		881		876		869		859		873		828		857		823		135		0		
