Data =>
	instName=TWA13A
	optimalValue=-1
	vehicles=-1
	capacity=50
	depotNode=1
	nodes=13
	arcs=8
	edges=15
	requiredN=4
	requiredA=7
	requiredE=11
0       -1      -1      -1      -1      -1      -1      -1      -1      -1      -1      -1      -1      -1      
-1      0       6       8       8       -1      -1      -1      -1      -1      -1      -1      -1      -1      
-1      6       0       12      -1      -1      -1      -1      12      -1      -1      -1      -1      10      
-1      -1      12      0       4       -1      -1      -1      -1      -1      -1      -1      6       6       
-1      8       -1      4       0       6       -1      -1      -1      -1      -1      -1      -1      -1      
-1      -1      -1      -1      6       0       6       -1      -1      -1      -1      8       6       -1      
-1      -1      -1      -1      -1      6       0       -1      10      -1      -1      -1      -1      -1      
-1      -1      -1      -1      -1      -1      8       0       -1      10      -1      6       -1      -1      
-1      -1      12      -1      10      -1      10      -1      0       8       -1      -1      -1      -1      
-1      -1      -1      -1      -1      -1      -1      10      -1      0       6       -1      -1      -1      
-1      -1      8       -1      -1      -1      -1      -1      -1      6       0       -1      -1      -1      
-1      -1      -1      -1      -1      8       4       -1      -1      -1      -1      0       -1      -1      
-1      -1      -1      6       -1      6       -1      -1      -1      -1      -1      -1      0       10      
-1      -1      -1      6       -1      -1      -1      -1      -1      -1      -1      -1      10      0       
