Data =>
	instName=TWA40D
	optimalValue=-1
	vehicles=-1
	capacity=75
	depotNode=1
	nodes=40
	arcs=24
	edges=45
	requiredN=14
	requiredA=17
	requiredE=32
0       -1      -1      -1      -1      -1      -1      -1      -1      -1      -1      -1      -1      -1      -1      -1      -1      -1      -1      -1      -1      -1      -1      -1      -1      -1      -1      -1      -1      -1      -1      -1      -1      -1      -1      -1      -1      -1      -1      -1      -1      
-1      0       -1      -1      -1      -1      -1      -1      -1      -1      -1      -1      6       8       10      -1      -1      -1      -1      -1      -1      -1      -1      -1      -1      -1      -1      -1      -1      -1      -1      -1      -1      -1      -1      -1      -1      -1      -1      -1      -1      
-1      -1      0       -1      -1      -1      -1      18      -1      -1      -1      -1      -1      -1      -1      -1      -1      -1      -1      -1      -1      -1      -1      -1      -1      -1      -1      -1      -1      -1      -1      -1      -1      -1      -1      12      -1      -1      14      -1      -1      
-1      -1      28      0       -1      -1      -1      -1      -1      -1      -1      -1      -1      -1      -1      -1      -1      12      -1      -1      -1      -1      -1      -1      -1      -1      -1      -1      -1      -1      -1      -1      -1      -1      -1      -1      -1      -1      -1      -1      -1      
-1      -1      -1      -1      0       -1      -1      -1      -1      -1      -1      -1      -1      -1      -1      -1      -1      -1      -1      16      10      10      -1      -1      -1      -1      -1      -1      -1      -1      -1      -1      -1      -1      -1      -1      -1      -1      -1      -1      -1      
-1      -1      -1      -1      -1      0       -1      -1      -1      -1      -1      -1      -1      -1      -1      -1      -1      -1      -1      -1      -1      -1      12      -1      -1      -1      -1      -1      -1      -1      -1      -1      -1      -1      -1      -1      -1      -1      -1      -1      -1      
-1      -1      -1      -1      -1      -1      0       -1      -1      -1      -1      -1      -1      -1      -1      14      -1      -1      -1      -1      -1      -1      -1      -1      -1      -1      -1      -1      -1      10      -1      16      -1      -1      -1      -1      -1      -1      -1      -1      -1      
-1      -1      18      -1      -1      -1      -1      0       -1      -1      -1      -1      -1      -1      -1      -1      -1      12      -1      -1      -1      -1      -1      -1      -1      -1      -1      -1      -1      -1      -1      -1      -1      -1      8       -1      -1      -1      -1      12      -1      
-1      -1      -1      -1      -1      -1      -1      10      0       -1      -1      10      8       -1      -1      -1      -1      -1      -1      -1      12      -1      -1      -1      -1      -1      -1      -1      -1      -1      -1      -1      -1      -1      -1      -1      -1      -1      -1      -1      8       
-1      -1      -1      -1      -1      -1      -1      -1      -1      0       -1      -1      -1      -1      -1      -1      -1      -1      -1      -1      -1      -1      -1      -1      -1      -1      -1      -1      -1      -1      -1      16      -1      12      -1      -1      -1      -1      -1      -1      -1      
-1      -1      -1      -1      -1      -1      -1      -1      8       -1      0       -1      -1      -1      -1      -1      -1      -1      -1      -1      -1      10      12      -1      -1      -1      -1      -1      -1      -1      -1      -1      -1      -1      -1      -1      -1      -1      -1      -1      -1      
-1      6       -1      -1      -1      -1      -1      -1      10      -1      -1      0       -1      -1      -1      -1      10      -1      -1      -1      -1      -1      -1      8       -1      -1      -1      -1      -1      -1      -1      -1      -1      -1      -1      -1      -1      -1      -1      -1      -1      
-1      6       -1      -1      -1      -1      -1      -1      8       -1      -1      -1      0       8       -1      -1      -1      -1      -1      -1      -1      -1      -1      -1      -1      -1      -1      -1      -1      -1      -1      -1      -1      -1      -1      -1      -1      -1      -1      -1      -1      
-1      -1      -1      -1      -1      -1      -1      -1      -1      -1      -1      -1      8       0       10      -1      -1      -1      -1      -1      -1      -1      -1      -1      -1      -1      -1      -1      -1      -1      -1      -1      12      -1      10      -1      -1      -1      -1      -1      -1      
-1      10      -1      -1      -1      -1      -1      -1      -1      -1      -1      -1      -1      10      0       4       -1      -1      -1      -1      -1      -1      -1      -1      -1      -1      -1      -1      -1      -1      -1      -1      -1      -1      -1      -1      -1      -1      -1      -1      -1      
-1      -1      -1      -1      -1      -1      14      -1      -1      -1      -1      -1      -1      -1      4       0       8       -1      -1      -1      -1      -1      -1      -1      -1      -1      -1      -1      8       12      -1      -1      -1      -1      -1      -1      -1      -1      -1      -1      -1      
-1      -1      -1      -1      -1      -1      -1      -1      -1      -1      -1      10      -1      -1      -1      8       0       -1      -1      -1      -1      -1      -1      -1      -1      -1      8       -1      10      -1      -1      -1      -1      -1      -1      -1      -1      -1      -1      -1      -1      
-1      -1      -1      12      -1      -1      -1      12      -1      -1      -1      -1      -1      -1      -1      -1      -1      0       -1      -1      -1      -1      -1      -1      -1      -1      -1      -1      -1      -1      -1      -1      -1      -1      -1      -1      -1      -1      -1      6       10      
-1      -1      -1      10      -1      -1      -1      -1      -1      -1      -1      -1      -1      -1      -1      -1      -1      -1      0       6       8       -1      -1      -1      -1      -1      -1      -1      -1      -1      -1      -1      -1      -1      -1      -1      -1      -1      -1      -1      -1      
-1      -1      -1      -1      16      -1      -1      -1      -1      -1      -1      -1      -1      -1      -1      -1      -1      -1      6       0       -1      -1      -1      -1      -1      -1      -1      -1      -1      -1      -1      -1      -1      -1      -1      -1      -1      -1      -1      -1      -1      
-1      -1      -1      -1      -1      -1      -1      -1      -1      -1      -1      -1      -1      -1      -1      -1      -1      -1      8       10      0       -1      -1      -1      -1      -1      -1      -1      -1      -1      -1      -1      -1      -1      -1      -1      -1      -1      -1      -1      10      
-1      -1      -1      -1      10      18      -1      -1      -1      -1      10      -1      -1      -1      -1      -1      -1      -1      -1      -1      -1      0       -1      -1      -1      -1      -1      -1      -1      -1      -1      -1      -1      -1      -1      -1      -1      -1      -1      -1      -1      
-1      -1      -1      -1      -1      12      -1      -1      -1      -1      -1      -1      -1      -1      -1      -1      -1      -1      -1      -1      -1      -1      0       8       10      -1      -1      -1      -1      -1      -1      -1      -1      -1      -1      -1      -1      -1      -1      -1      -1      
-1      -1      -1      -1      -1      -1      -1      -1      -1      -1      -1      -1      -1      -1      -1      -1      -1      -1      -1      -1      -1      -1      8       0       -1      -1      10      -1      -1      -1      -1      -1      -1      -1      -1      -1      -1      -1      -1      -1      -1      
-1      -1      -1      -1      -1      10      -1      -1      -1      -1      -1      -1      -1      -1      -1      -1      -1      -1      -1      -1      -1      -1      10      -1      0       8       -1      -1      -1      -1      -1      -1      -1      -1      -1      -1      -1      -1      -1      -1      -1      
-1      -1      -1      -1      -1      -1      -1      -1      -1      -1      -1      -1      -1      -1      -1      -1      -1      -1      -1      -1      -1      -1      -1      -1      -1      0       10      -1      -1      -1      -1      -1      -1      -1      -1      -1      -1      -1      -1      -1      -1      
-1      -1      -1      -1      -1      -1      -1      -1      -1      -1      -1      -1      -1      -1      -1      -1      8       -1      -1      -1      -1      -1      -1      10      -1      -1      0       10      -1      -1      -1      -1      -1      -1      -1      -1      -1      -1      -1      -1      -1      
-1      -1      -1      -1      -1      -1      14      -1      -1      -1      -1      -1      -1      -1      -1      -1      -1      -1      -1      -1      -1      -1      -1      -1      -1      -1      10      0       8       -1      -1      -1      -1      -1      -1      -1      -1      -1      -1      -1      -1      
-1      -1      -1      -1      -1      -1      -1      -1      -1      -1      -1      -1      -1      -1      -1      8       -1      -1      -1      -1      -1      -1      -1      -1      -1      -1      -1      8       0       -1      -1      -1      -1      -1      -1      -1      -1      -1      -1      -1      -1      
-1      -1      -1      -1      -1      -1      10      -1      -1      -1      -1      -1      -1      -1      -1      12      -1      -1      -1      -1      -1      -1      -1      -1      -1      -1      -1      -1      -1      0       6       -1      10      -1      -1      -1      -1      -1      -1      -1      -1      
-1      -1      -1      -1      -1      -1      -1      -1      -1      -1      -1      -1      -1      -1      -1      -1      -1      -1      -1      -1      -1      -1      -1      -1      -1      -1      -1      -1      -1      -1      0       8       -1      -1      -1      -1      -1      -1      -1      -1      -1      
-1      -1      -1      -1      -1      -1      16      -1      -1      16      -1      -1      -1      -1      -1      -1      -1      -1      -1      -1      -1      -1      -1      -1      -1      -1      -1      -1      -1      -1      -1      0       -1      -1      -1      -1      -1      -1      -1      -1      -1      
-1      -1      -1      -1      -1      -1      -1      -1      -1      -1      -1      -1      -1      12      -1      -1      -1      -1      -1      -1      -1      -1      -1      -1      -1      -1      -1      -1      -1      10      -1      -1      0       8       -1      -1      -1      -1      -1      -1      -1      
-1      -1      -1      -1      -1      -1      -1      -1      -1      12      -1      -1      -1      -1      -1      -1      -1      -1      -1      -1      -1      -1      -1      -1      -1      -1      -1      -1      -1      -1      -1      -1      8       0       -1      -1      -1      8       -1      -1      -1      
-1      -1      -1      -1      -1      -1      -1      8       -1      -1      -1      -1      -1      -1      -1      -1      -1      -1      -1      -1      -1      -1      -1      -1      -1      -1      -1      -1      -1      -1      -1      -1      -1      -1      0       8       -1      -1      -1      -1      -1      
-1      -1      12      -1      -1      -1      -1      -1      -1      -1      -1      -1      -1      -1      -1      -1      -1      -1      -1      -1      -1      -1      -1      -1      -1      -1      -1      -1      -1      -1      -1      -1      -1      10      8       0       -1      -1      -1      -1      -1      
-1      -1      -1      -1      -1      -1      -1      -1      -1      -1      -1      -1      -1      -1      -1      -1      -1      -1      -1      -1      -1      -1      -1      -1      -1      -1      -1      -1      -1      -1      -1      -1      -1      -1      -1      6       0       -1      10      -1      -1      
-1      -1      -1      -1      -1      -1      -1      -1      -1      -1      -1      -1      -1      -1      -1      -1      -1      -1      -1      -1      -1      -1      -1      -1      -1      -1      -1      -1      -1      -1      -1      -1      -1      8       -1      -1      10      0       14      -1      -1      
-1      -1      14      -1      -1      -1      -1      -1      -1      -1      -1      -1      -1      -1      -1      -1      -1      -1      -1      -1      -1      -1      -1      -1      -1      -1      -1      -1      -1      -1      -1      -1      -1      -1      -1      -1      10      14      0       -1      -1      
-1      -1      -1      -1      -1      -1      -1      12      -1      -1      -1      -1      -1      -1      -1      -1      -1      -1      -1      -1      -1      -1      -1      -1      -1      -1      -1      -1      -1      -1      -1      -1      -1      -1      -1      -1      -1      -1      -1      0       -1      
-1      -1      -1      -1      -1      -1      -1      -1      8       -1      -1      -1      -1      -1      -1      -1      -1      10      -1      -1      10      -1      -1      -1      -1      -1      -1      -1      -1      -1      -1      -1      -1      -1      -1      -1      -1      -1      -1      -1      0       
