Data =>
	instName=TWB13C
	optimalValue=-1
	vehicles=-1
	capacity=50
	depotNode=1
	nodes=13
	arcs=15
	edges=8
	requiredN=3
	requiredA=12
	requiredE=7
0       -1      -1      -1      -1      -1      -1      -1      -1      -1      -1      -1      -1      -1      
-1      0       6       8       8       -1      -1      -1      -1      -1      -1      -1      -1      -1      
-1      6       0       -1      -1      -1      -1      -1      12      -1      8       -1      -1      10      
-1      -1      12      0       -1      -1      -1      -1      -1      -1      -1      -1      6       6       
-1      -1      -1      4       0       6       -1      -1      10      -1      -1      -1      -1      -1      
-1      -1      -1      -1      6       0       6       -1      -1      -1      -1      8       6       -1      
-1      -1      -1      -1      -1      6       0       -1      10      -1      -1      4       -1      -1      
-1      -1      -1      -1      -1      -1      8       0       -1      10      -1      6       -1      -1      
-1      -1      12      -1      -1      -1      -1      -1      0       -1      -1      -1      -1      -1      
-1      -1      -1      -1      -1      -1      -1      10      8       0       -1      -1      -1      -1      
-1      -1      -1      -1      -1      -1      -1      -1      -1      6       0       -1      -1      -1      
-1      -1      -1      -1      -1      -1      -1      6       -1      -1      -1      0       -1      -1      
-1      -1      -1      -1      -1      -1      -1      -1      -1      -1      -1      -1      0       10      
-1      -1      10      -1      -1      -1      -1      -1      -1      -1      -1      -1      10      0       
