Data =>
	instName=TWC40D
	optimalValue=-1
	vehicles=-1
	capacity=75
	depotNode=1
	nodes=40
	arcs=41
	edges=28
	requiredN=16
	requiredA=28
	requiredE=19
0       -1      -1      -1      -1      -1      -1      -1      -1      -1      -1      -1      -1      -1      -1      -1      -1      -1      -1      -1      -1      -1      -1      -1      -1      -1      -1      -1      -1      -1      -1      -1      -1      -1      -1      -1      -1      -1      -1      -1      -1      
-1      0       -1      -1      -1      -1      -1      -1      -1      -1      -1      6       6       8       10      -1      -1      -1      -1      -1      -1      -1      -1      -1      -1      -1      -1      -1      -1      -1      -1      -1      -1      -1      -1      -1      -1      -1      -1      -1      -1      
-1      -1      0       28      -1      -1      -1      18      -1      -1      -1      -1      -1      -1      -1      -1      -1      -1      -1      -1      -1      -1      -1      -1      -1      -1      -1      -1      -1      -1      -1      -1      -1      -1      -1      12      -1      -1      14      -1      -1      
-1      -1      -1      0       -1      -1      -1      -1      -1      -1      -1      -1      -1      -1      -1      -1      -1      12      -1      -1      -1      -1      -1      -1      -1      -1      -1      -1      -1      -1      -1      -1      -1      -1      -1      -1      -1      -1      -1      -1      -1      
-1      -1      -1      -1      0       -1      -1      -1      -1      -1      -1      -1      -1      -1      -1      -1      -1      -1      -1      16      10      10      -1      -1      -1      -1      -1      -1      -1      -1      -1      -1      -1      -1      -1      -1      -1      -1      -1      -1      -1      
-1      -1      -1      -1      -1      0       -1      -1      -1      -1      -1      -1      -1      -1      -1      -1      -1      -1      -1      -1      -1      18      12      -1      10      -1      -1      -1      -1      -1      -1      -1      -1      -1      -1      -1      -1      -1      -1      -1      -1      
-1      -1      -1      -1      -1      -1      0       -1      -1      -1      -1      -1      -1      -1      -1      -1      -1      -1      -1      -1      -1      -1      -1      -1      -1      -1      -1      14      -1      -1      -1      16      -1      -1      -1      -1      -1      -1      -1      -1      -1      
-1      -1      -1      -1      -1      -1      -1      0       -1      -1      -1      -1      -1      -1      -1      -1      -1      -1      -1      -1      -1      -1      -1      -1      -1      -1      -1      -1      -1      -1      -1      -1      -1      -1      8       -1      -1      -1      -1      12      -1      
-1      -1      -1      -1      -1      -1      -1      10      0       -1      -1      10      8       -1      -1      -1      -1      -1      -1      -1      -1      -1      -1      -1      -1      -1      -1      -1      -1      -1      -1      -1      -1      -1      -1      -1      -1      -1      -1      -1      8       
-1      -1      -1      -1      -1      -1      -1      -1      -1      0       -1      -1      -1      -1      -1      -1      -1      -1      -1      -1      -1      -1      -1      -1      -1      -1      -1      -1      -1      -1      -1      16      -1      12      -1      -1      -1      -1      -1      -1      -1      
-1      -1      -1      -1      -1      -1      -1      -1      8       -1      0       -1      -1      -1      -1      -1      -1      -1      -1      -1      -1      -1      -1      -1      -1      -1      -1      -1      -1      -1      -1      -1      -1      -1      -1      -1      -1      -1      -1      -1      -1      
-1      -1      -1      -1      -1      -1      -1      -1      -1      -1      -1      0       -1      -1      -1      -1      10      -1      -1      -1      -1      -1      -1      8       -1      -1      -1      -1      -1      -1      -1      -1      -1      -1      -1      -1      -1      -1      -1      -1      -1      
-1      -1      -1      -1      -1      -1      -1      -1      -1      -1      -1      -1      0       8       -1      -1      -1      -1      -1      -1      -1      -1      -1      -1      -1      -1      -1      -1      -1      -1      -1      -1      -1      -1      -1      -1      -1      -1      -1      -1      -1      
-1      8       -1      -1      -1      -1      -1      -1      -1      -1      -1      -1      8       0       10      -1      -1      -1      -1      -1      -1      -1      -1      -1      -1      -1      -1      -1      -1      -1      -1      -1      12      -1      10      -1      -1      -1      -1      -1      -1      
-1      10      -1      -1      -1      -1      -1      -1      -1      -1      -1      -1      -1      -1      0       -1      -1      -1      -1      -1      -1      -1      -1      -1      -1      -1      -1      -1      -1      -1      -1      -1      -1      -1      -1      -1      -1      -1      -1      -1      -1      
-1      -1      -1      -1      -1      -1      14      -1      -1      -1      -1      -1      -1      -1      4       0       8       -1      -1      -1      -1      -1      -1      -1      -1      -1      -1      -1      8       -1      -1      -1      -1      -1      -1      -1      -1      -1      -1      -1      -1      
-1      -1      -1      -1      -1      -1      -1      -1      -1      -1      -1      10      -1      -1      -1      -1      0       -1      -1      -1      -1      -1      -1      -1      -1      -1      8       -1      -1      -1      -1      -1      -1      -1      -1      -1      -1      -1      -1      -1      -1      
-1      -1      -1      -1      -1      -1      -1      12      -1      -1      -1      -1      -1      -1      -1      -1      -1      0       -1      -1      -1      -1      -1      -1      -1      -1      -1      -1      -1      -1      -1      -1      -1      -1      -1      -1      -1      -1      -1      6       -1      
-1      -1      -1      10      -1      -1      -1      -1      -1      -1      -1      -1      -1      -1      -1      -1      -1      -1      0       6       8       -1      -1      -1      -1      -1      -1      -1      -1      -1      -1      -1      -1      -1      -1      -1      -1      -1      -1      -1      -1      
-1      -1      -1      -1      -1      -1      -1      -1      -1      -1      -1      -1      -1      -1      -1      -1      -1      -1      6       0       10      -1      -1      -1      -1      -1      -1      -1      -1      -1      -1      -1      -1      -1      -1      -1      -1      -1      -1      -1      -1      
-1      -1      -1      -1      -1      -1      -1      -1      12      -1      -1      -1      -1      -1      -1      -1      -1      -1      -1      10      0       -1      -1      -1      -1      -1      -1      -1      -1      -1      -1      -1      -1      -1      -1      -1      -1      -1      -1      -1      10      
-1      -1      -1      -1      10      18      -1      -1      -1      -1      10      -1      -1      -1      -1      -1      -1      -1      -1      -1      -1      0       -1      -1      -1      -1      -1      -1      -1      -1      -1      -1      -1      -1      -1      -1      -1      -1      -1      -1      -1      
-1      -1      -1      -1      -1      -1      -1      -1      -1      -1      12      -1      -1      -1      -1      -1      -1      -1      -1      -1      -1      -1      0       8       10      -1      -1      -1      -1      -1      -1      -1      -1      -1      -1      -1      -1      -1      -1      -1      -1      
-1      -1      -1      -1      -1      -1      -1      -1      -1      -1      -1      8       -1      -1      -1      -1      -1      -1      -1      -1      -1      -1      -1      0       -1      -1      10      -1      -1      -1      -1      -1      -1      -1      -1      -1      -1      -1      -1      -1      -1      
-1      -1      -1      -1      -1      10      -1      -1      -1      -1      -1      -1      -1      -1      -1      -1      -1      -1      -1      -1      -1      -1      -1      -1      0       8       -1      -1      -1      -1      -1      -1      -1      -1      -1      -1      -1      -1      -1      -1      -1      
-1      -1      -1      -1      -1      -1      -1      -1      -1      -1      -1      -1      -1      -1      -1      -1      -1      -1      -1      -1      -1      -1      -1      -1      8       0       -1      -1      -1      -1      -1      -1      -1      -1      -1      -1      -1      -1      -1      -1      -1      
-1      -1      -1      -1      -1      -1      -1      -1      -1      -1      -1      -1      -1      -1      -1      -1      -1      -1      -1      -1      -1      -1      -1      10      -1      10      0       10      -1      -1      -1      -1      -1      -1      -1      -1      -1      -1      -1      -1      -1      
-1      -1      -1      -1      -1      -1      -1      -1      -1      -1      -1      -1      -1      -1      -1      -1      -1      -1      -1      -1      -1      -1      -1      -1      -1      -1      10      0       -1      -1      -1      -1      -1      -1      -1      -1      -1      -1      -1      -1      -1      
-1      -1      -1      -1      -1      -1      -1      -1      -1      -1      -1      -1      -1      -1      -1      8       10      -1      -1      -1      -1      -1      -1      -1      -1      -1      -1      8       0       -1      -1      -1      -1      -1      -1      -1      -1      -1      -1      -1      -1      
-1      -1      -1      -1      -1      -1      10      -1      -1      -1      -1      -1      -1      -1      -1      12      -1      -1      -1      -1      -1      -1      -1      -1      -1      -1      -1      -1      -1      0       6       -1      10      -1      -1      -1      -1      -1      -1      -1      -1      
-1      -1      -1      -1      -1      -1      -1      -1      -1      -1      -1      -1      -1      -1      -1      -1      -1      -1      -1      -1      -1      -1      -1      -1      -1      -1      -1      -1      -1      6       0       -1      -1      -1      -1      -1      -1      -1      -1      -1      -1      
-1      -1      -1      -1      -1      -1      16      -1      -1      16      -1      -1      -1      -1      -1      -1      -1      -1      -1      -1      -1      -1      -1      -1      -1      -1      -1      -1      -1      -1      8       0       -1      -1      -1      -1      -1      -1      -1      -1      -1      
-1      -1      -1      -1      -1      -1      -1      -1      -1      -1      -1      -1      -1      12      -1      -1      -1      -1      -1      -1      -1      -1      -1      -1      -1      -1      -1      -1      -1      10      -1      -1      0       -1      -1      -1      -1      -1      -1      -1      -1      
-1      -1      -1      -1      -1      -1      -1      -1      -1      12      -1      -1      -1      -1      -1      -1      -1      -1      -1      -1      -1      -1      -1      -1      -1      -1      -1      -1      -1      -1      -1      -1      8       0       -1      10      -1      -1      -1      -1      -1      
-1      -1      -1      -1      -1      -1      -1      -1      -1      -1      -1      -1      -1      -1      -1      -1      -1      -1      -1      -1      -1      -1      -1      -1      -1      -1      -1      -1      -1      -1      -1      -1      -1      -1      0       8       -1      -1      -1      -1      -1      
-1      -1      12      -1      -1      -1      -1      -1      -1      -1      -1      -1      -1      -1      -1      -1      -1      -1      -1      -1      -1      -1      -1      -1      -1      -1      -1      -1      -1      -1      -1      -1      -1      10      8       0       6       -1      -1      -1      -1      
-1      -1      -1      -1      -1      -1      -1      -1      -1      -1      -1      -1      -1      -1      -1      -1      -1      -1      -1      -1      -1      -1      -1      -1      -1      -1      -1      -1      -1      -1      -1      -1      -1      -1      -1      -1      0       10      10      -1      -1      
-1      -1      -1      -1      -1      -1      -1      -1      -1      -1      -1      -1      -1      -1      -1      -1      -1      -1      -1      -1      -1      -1      -1      -1      -1      -1      -1      -1      -1      -1      -1      -1      -1      8       -1      -1      10      0       14      -1      -1      
-1      -1      -1      -1      -1      -1      -1      -1      -1      -1      -1      -1      -1      -1      -1      -1      -1      -1      -1      -1      -1      -1      -1      -1      -1      -1      -1      -1      -1      -1      -1      -1      -1      -1      -1      -1      -1      14      0       -1      -1      
-1      -1      -1      -1      -1      -1      -1      12      -1      -1      -1      -1      -1      -1      -1      -1      -1      6       -1      -1      -1      -1      -1      -1      -1      -1      -1      -1      -1      -1      -1      -1      -1      -1      -1      -1      -1      -1      -1      0       -1      
-1      -1      -1      -1      -1      -1      -1      -1      -1      -1      -1      -1      -1      -1      -1      -1      -1      10      -1      -1      10      -1      -1      -1      -1      -1      -1      -1      -1      -1      -1      -1      -1      -1      -1      -1      -1      -1      -1      -1      0       
