Data =>
	instName=TWA13A
	optimalValue=-1
	vehicles=-1
	capacity=50
	depotNode=1
	nodes=13
	arcs=8
	edges=15
	requiredN=4
	requiredA=7
	requiredE=11
0       -1      -1      -1      -1      -1      -1      -1      -1      -1      -1      -1      -1      -1      
-1      0       6       8       8       14      20      36      18      26      32      22      14      14      
-1      6       0       12      14      20      22      30      12      20      26      28      18      10      
-1      12      12      0       4       10      16      42      24      32      38      18      6       6       
-1      8       14      4       0       6       12      40      22      30      36      14      10      10      
-1      14      20      10      6       0       6       34      16      24      30      8       6       16      
-1      20      22      16      12      6       0       28      10      18      24      14      12      22      
-1      28      24      24      20      14      8       0       18      10      16      6       20      30      
-1      18      12      14      10      16      10      18      0       8       14      24      20      20      
-1      20      14      26      28      24      18      10      26      0       6       16      30      24      
-1      14      8       20      22      28      24      16      20      6       0       22      26      18      
-1      22      26      18      14      8       4       32      14      22      28      0       14      24      
-1      18      18      6       10      6       12      40      22      30      36      14      0       10      
-1      18      18      6       10      16      22      48      30      38      44      24      10      0       
tasks dist:
              N1<1,1>       N9<9,9>       N2<2,2>       N4<4,4>       N5<5,5>       A1<8,9>       A2<1,3>       A3<8,4>       A4<7,6>       A5<7,11>      A6<11,6>      A7<2,13>      E1<9,7>       E2<1,2>       E3<2,3>       E4<3,4>       E5<6,8>       E6<4,5>       E7<5,11>      E8<5,12>      E9<3,12>      E10<12,13>    E11<3,13>     E1<7,9>       E2<2,1>       E3<3,2>       E4<4,3>       E5<8,6>       E6<5,4>       E7<11,5>      E8<12,5>      E9<12,3>      E10<13,12>    E11<13,3>     
N1<1,1>       0             26            6             8             14            18            0             18            36            36            22            6             26            0             6             8             20            8             14            14            8             14            8             36            6             8             8             18            14            22            14            14            14            14            
N9<9,9>       20            0             14            28            24            26            20            26            10            10            16            14            0             20            14            26            18            28            24            24            26            30            26            10            14            26            28            26            24            16            30            30            24            24            
N2<2,2>       6             20            0             14            20            12            6             12            30            30            28            0             20            6             0             12            22            14            20            20            12            18            12            30            0             12            14            12            20            28            18            18            10            10            
N4<4,4>       8             30            14            0             6             22            8             22            40            40            14            14            30            8             14            4             12            0             6             6             4             10            4             40            14            4             0             22            6             14            10            10            10            10            
N5<5,5>       14            24            20            6             0             16            14            16            34            34            8             20            24            14            20            10            6             6             0             0             10            6             10            34            20            10            6             16            0             8             6             6             16            16            
A1<8,9>       20            0             14            28            24            26            20            26            10            10            16            14            0             20            14            26            18            28            24            24            26            30            26            10            14            26            28            26            24            16            30            30            24            24            
A2<1,3>       12            32            12            4             10            24            12            24            42            42            18            12            32            12            12            0             16            4             10            10            0             6             0             42            12            0             4             24            10            18            6             6             6             6             
A3<8,4>       8             30            14            0             6             22            8             22            40            40            14            14            30            8             14            4             12            0             6             6             4             10            4             40            14            4             0             22            6             14            10            10            10            10            
A4<7,6>       20            18            22            12            6             10            20            10            28            28            14            22            18            20            22            16            0             12            6             6             16            12            16            28            22            16            12            10            6             14            12            12            22            22            
A5<7,11>      22            22            26            14            8             14            22            14            32            32            0             26            22            22            26            18            4             14            8             8             18            14            18            32            26            18            14            14            8             0             14            14            24            24            
A6<11,6>      20            18            22            12            6             10            20            10            28            28            14            22            18            20            22            16            0             12            6             6             16            12            16            28            22            16            12            10            6             14            12            12            22            22            
A7<2,13>      18            38            18            10            16            30            18            30            48            48            24            18            38            18            18            6             22            10            16            16            6             10            6             48            18            6             10            30            16            24            10            10            0             0             
E1<9,7>       28            10            24            20            14            18            28            18            0             0             6             24            10            28            24            24            8             20            14            14            24            20            24            0             24            24            20            18            14            6             20            20            30            30            
E2<1,2>       6             20            0             14            20            12            6             12            30            30            28            0             20            6             0             12            22            14            20            20            12            18            12            30            0             12            14            12            20            28            18            18            10            10            
E3<2,3>       12            32            12            4             10            24            12            24            42            42            18            12            32            12            12            0             16            4             10            10            0             6             0             42            12            0             4             24            10            18            6             6             6             6             
E4<3,4>       8             30            14            0             6             22            8             22            40            40            14            14            30            8             14            4             12            0             6             6             4             10            4             40            14            4             0             22            6             14            10            10            10            10            
E5<6,8>       18            8             12            10            16            0             18            0             18            18            24            12            8             18            12            14            10            10            16            16            14            20            14            18            12            14            10            0             16            24            20            20            20            20            
E6<4,5>       14            24            20            6             0             16            14            16            34            34            8             20            24            14            20            10            6             6             0             0             10            6             10            34            20            10            6             16            0             8             6             6             16            16            
E7<5,11>      22            22            26            14            8             14            22            14            32            32            0             26            22            22            26            18            4             14            8             8             18            14            18            32            26            18            14            14            8             0             14            14            24            24            
E8<5,12>      18            30            18            10            6             22            18            22            40            40            14            18            30            18            18            6             12            10            6             6             6             0             6             40            18            6             10            22            6             14            0             0             10            10            
E9<3,12>      18            30            18            10            6             22            18            22            40            40            14            18            30            18            18            6             12            10            6             6             6             0             6             40            18            6             10            22            6             14            0             0             10            10            
E10<12,13>    18            38            18            10            16            30            18            30            48            48            24            18            38            18            18            6             22            10            16            16            6             10            6             48            18            6             10            30            16            24            10            10            0             0             
E11<3,13>     18            38            18            10            16            30            18            30            48            48            24            18            38            18            18            6             22            10            16            16            6             10            6             48            18            6             10            30            16            24            10            10            0             0             
E1<7,9>       20            0             14            28            24            26            20            26            10            10            16            14            0             20            14            26            18            28            24            24            26            30            26            10            14            26            28            26            24            16            30            30            24            24            
E2<2,1>       0             26            6             8             14            18            0             18            36            36            22            6             26            0             6             8             20            8             14            14            8             14            8             36            6             8             8             18            14            22            14            14            14            14            
E3<3,2>       6             20            0             14            20            12            6             12            30            30            28            0             20            6             0             12            22            14            20            20            12            18            12            30            0             12            14            12            20            28            18            18            10            10            
E4<4,3>       12            32            12            4             10            24            12            24            42            42            18            12            32            12            12            0             16            4             10            10            0             6             0             42            12            0             4             24            10            18            6             6             6             6             
E5<8,6>       20            18            22            12            6             10            20            10            28            28            14            22            18            20            22            16            0             12            6             6             16            12            16            28            22            16            12            10            6             14            12            12            22            22            
E6<5,4>       8             30            14            0             6             22            8             22            40            40            14            14            30            8             14            4             12            0             6             6             4             10            4             40            14            4             0             22            6             14            10            10            10            10            
E7<11,5>      14            24            20            6             0             16            14            16            34            34            8             20            24            14            20            10            6             6             0             0             10            6             10            34            20            10            6             16            0             8             6             6             16            16            
E8<12,5>      14            24            20            6             0             16            14            16            34            34            8             20            24            14            20            10            6             6             0             0             10            6             10            34            20            10            6             16            0             8             6             6             16            16            
E9<12,3>      12            32            12            4             10            24            12            24            42            42            18            12            32            12            12            0             16            4             10            10            0             6             0             42            12            0             4             24            10            18            6             6             6             6             
E10<13,12>    18            30            18            10            6             22            18            22            40            40            14            18            30            18            18            6             12            10            6             6             6             0             6             40            18            6             10            22            6             14            0             0             10            10            
E11<13,3>     12            32            12            4             10            24            12            24            42            42            18            12            32            12            12            0             16            4             10            10            0             6             0             42            12            0             4             24            10            18            6             6             6             6             
