Data =>
	instName=TWA13C
	optimalValue=-1
	vehicles=-1
	capacity=50
	depotNode=1
	nodes=13
	arcs=13
	edges=10
	requiredN=7
	requiredA=10
	requiredE=5
0       -1      -1      -1      -1      -1      -1      -1      -1      -1      -1      -1      -1      -1      
-1      0       6       8       8       14      20      30      18      20      14      22      14      14      
-1      44      0       36      32      38      32      24      22      14      8       30      42      42      
-1      8       12      0       16      12      18      36      26      26      20      20      6       6       
-1      12      16      4       0       6       12      28      10      18      24      14      10      10      
-1      20      24      12      26      0       6       34      16      24      30      8       6       16      
-1      32      22      24      20      26      0       28      10      18      24      34      30      30      
-1      34      30      26      28      14      8       0       18      26      32      6       20      30      
-1      22      12      14      10      16      22      18      0       8       14      24      20      20      
-1      30      14      22      18      24      18      10      8       0       6       16      28      28      
-1      36      8       28      24      30      24      16      14      6       0       22      34      34      
-1      28      26      20      24      8       4       32      14      22      28      0       14      24      
-1      14      18      6       22      6       12      40      22      30      26      14      0       10      
-1      14      10      6       22      16      22      34      32      24      18      24      10      0       
tasks dist:
              N1<1,1>       N12<12,12>    N13<13,13>    N3<3,3>       N8<8,8>       N4<4,4>       N5<5,5>       N6<6,6>       A1<9,7>       A2<1,2>       A3<3,2>       A4<4,3>       A5<1,4>       A6<6,8>       A7<5,6>       A8<7,11>      A9<11,6>      A10<13,2>     E1<9,8>       E2<9,10>      E3<1,3>       E4<5,11>      E5<5,12>      E1<8,9>       E2<10,9>      E3<3,1>       E4<11,5>      E5<12,5>      
N1<1,1>       0             14            14            8             18            8             14            20            20            0             8             8             0             20            14            30            22            14            20            20            0             14            14            18            14            8             22            14            
N12<12,12>    14            0             10            6             22            22            6             12            30            14            6             22            14            12            6             40            14            10            30            30            14            6             6             22            26            6             14            0             
N13<13,13>    14            10            0             6             32            22            16            22            24            14            6             22            14            22            16            34            24            0             24            24            14            16            16            32            18            6             24            10            
N3<3,3>       8             6             6             0             26            16            12            18            26            8             0             16            8             18            12            36            20            6             26            26            8             12            12            26            20            0             20            6             
N8<8,8>       22            20            20            14            0             10            16            22            8             22            14            10            22            22            16            18            24            20            8             8             22            16            16            0             14            14            24            20            
N4<4,4>       12            10            10            4             10            0             6             12            18            12            4             0             12            12            6             28            14            10            18            18            12            6             6             10            24            4             14            10            
N5<5,5>       20            6             16            12            16            26            0             6             24            20            12            26            20            6             0             34            8             16            24            24            20            0             0             16            30            12            8             6             
N6<6,6>       32            30            30            24            10            20            26            0             18            32            24            20            32            0             26            28            34            30            18            18            32            26            26            10            24            24            34            30            
A1<9,7>       34            20            30            26            18            28            14            8             26            34            26            28            34            8             14            0             6             30            26            26            34            14            14            18            32            26            6             20            
A2<1,2>       44            42            42            36            22            32            38            32            14            44            36            32            44            32            38            24            30            42            14            14            44            38            38            22            8             36            30            42            
A3<3,2>       44            42            42            36            22            32            38            32            14            44            36            32            44            32            38            24            30            42            14            14            44            38            38            22            8             36            30            42            
A4<4,3>       8             6             6             0             26            16            12            18            26            8             0             16            8             18            12            36            20            6             26            26            8             12            12            26            20            0             20            6             
A5<1,4>       12            10            10            4             10            0             6             12            18            12            4             0             12            12            6             28            14            10            18            18            12            6             6             10            24            4             14            10            
A6<6,8>       22            20            20            14            0             10            16            22            8             22            14            10            22            22            16            18            24            20            8             8             22            16            16            0             14            14            24            20            
A7<5,6>       32            30            30            24            10            20            26            0             18            32            24            20            32            0             26            28            34            30            18            18            32            26            26            10            24            24            34            30            
A8<7,11>      28            14            24            20            14            24            8             4             22            28            20            24            28            4             8             32            0             24            22            22            28            8             8             14            28            20            0             14            
A9<11,6>      32            30            30            24            10            20            26            0             18            32            24            20            32            0             26            28            34            30            18            18            32            26            26            10            24            24            34            30            
A10<13,2>     44            42            42            36            22            32            38            32            14            44            36            32            44            32            38            24            30            42            14            14            44            38            38            22            8             36            30            42            
E1<9,8>       22            20            20            14            0             10            16            22            8             22            14            10            22            22            16            18            24            20            8             8             22            16            16            0             14            14            24            20            
E2<9,10>      36            34            34            28            14            24            30            24            6             36            28            24            36            24            30            16            22            34            6             6             36            30            30            14            0             28            22            34            
E3<1,3>       8             6             6             0             26            16            12            18            26            8             0             16            8             18            12            36            20            6             26            26            8             12            12            26            20            0             20            6             
E4<5,11>      28            14            24            20            14            24            8             4             22            28            20            24            28            4             8             32            0             24            22            22            28            8             8             14            28            20            0             14            
E5<5,12>      14            0             10            6             22            22            6             12            30            14            6             22            14            12            6             40            14            10            30            30            14            6             6             22            26            6             14            0             
E1<8,9>       30            28            28            22            8             18            24            18            0             30            22            18            30            18            24            10            16            28            0             0             30            24            24            8             6             22            16            28            
E2<10,9>      30            28            28            22            8             18            24            18            0             30            22            18            30            18            24            10            16            28            0             0             30            24            24            8             6             22            16            28            
E3<3,1>       0             14            14            8             18            8             14            20            20            0             8             8             0             20            14            30            22            14            20            20            0             14            14            18            14            8             22            14            
E4<11,5>      20            6             16            12            16            26            0             6             24            20            12            26            20            6             0             34            8             16            24            24            20            0             0             16            30            12            8             6             
E5<12,5>      20            6             16            12            16            26            0             6             24            20            12            26            20            6             0             34            8             16            24            24            20            0             0             16            30            12            8             6             
