Data =>
	instName=TWA40C
	optimalValue=-1
	vehicles=-1
	capacity=75
	depotNode=1
	nodes=40
	arcs=27
	edges=42
	requiredN=15
	requiredA=21
	requiredE=27
0		-1		-1		-1		-1		-1		-1		-1		-1		-1		-1		-1		-1		-1		-1		-1		-1		-1		-1		-1		-1		-1		-1		-1		-1		-1		-1		-1		-1		-1		-1		-1		-1		-1		-1		-1		-1		-1		-1		-1		-1		
-1		0		38		44		42		34		28		24		14		40		62		6		6		8		10		14		16		32		40		42		32		52		22		14		32		34		24		34		26		30		52		44		20		28		18		26		32		36		42		38		22		
-1		38		0		28		60		72		50		28		38		34		80		44		38		30		40		44		52		40		38		44		54		70		60		52		70		72		62		72		62		40		74		66		30		22		20		12		18		28		14		46		46		
-1		44		28		0		32		60		70		24		30		62		52		50		38		42		52		56		60		12		10		16		26		42		64		58		70		78		68		78		70		64		94		86		54		50		32		40		46		56		42		18		22		
-1		36		50		28		0		28		64		32		22		70		20		42		30		44		46		50		52		40		18		16		10		10		32		50		38		46		56		66		62		66		88		80		56		58		40		48		54		64		64		46		30		
-1		52		84		86		84		0		52		66		56		84		104		46		58		58		48		44		36		74		82		84		74		94		46		38		10		18		28		38		46		62		76		68		70		78		68		76		82		86		92		80		64		
-1		36		58		70		72		70		0		46		44		32		92		42		36		28		18		14		22		58		70		72		62		82		58		50		68		70		60		70		32		10		24		16		20		28		38		46		52		36		50		64		52		
-1		24		18		24		38		58		46		0		10		38		58		30		18		18		28		32		40		12		34		38		28		48		46		38		56		58		48		58		50		40		70		62		30		26		8		16		22		32		32		18		18		
-1		14		28		30		28		48		42		10		0		48		48		20		8		22		24		28		30		18		26		28		18		38		36		28		46		48		38		48		40		44		66		58		34		36		18		26		32		42		42		24		8		
-1		40		62		74		76		74		40		50		48		0		96		46		40		32		42		42		50		62		74		76		66		86		62		54		72		74		64		74		60		30		64		56		20		12		42		50		44		20		34		68		56		
-1		22		36		38		20		24		50		18		8		56		0		28		16		30		32		36		38		26		34		36		26		10		12		36		22		30		40		50		48		52		74		66		42		44		26		34		40		50		50		32		16		
-1		6		38		40		38		28		32		20		10		46		58		0		12		14		16		18		10		28		36		38		28		48		16		8		26		28		18		28		20		36		56		48		26		34		24		32		38		42		48		34		18		
-1		6		36		38		36		40		34		18		8		46		56		12		0		14		16		20		22		26		34		36		26		46		28		20		38		40		30		40		32		36		58		50		26		34		24		32		38		42		48		32		16		
-1		8		30		42		44		42		28		18		16		32		64		14		8		0		10		14		22		30		42		44		34		54		30		22		40		42		32		42		32		22		52		44		12		20		10		18		24		28		34		36		24		
-1		18		40		52		54		52		18		28		26		42		74		24		18		10		0		4		12		40		52		54		44		64		40		32		50		52		42		52		22		28		42		34		22		30		20		28		34		38		44		46		34		
-1		22		44		56		58		56		14		32		30		46		78		28		22		14		4		0		8		44		56		58		48		68		44		36		54		56		46		56		18		24		38		30		26		34		24		32		38		42		48		50		38		
-1		30		52		64		66		64		22		40		38		54		86		36		30		22		12		8		0		52		64		66		56		76		52		44		62		64		54		64		10		32		46		38		34		42		32		40		46		50		56		58		46		
-1		32		30		12		30		58		58		12		18		50		50		38		26		30		40		44		48		0		22		28		20		40		54		46		64		66		56		66		58		52		82		74		42		38		20		28		34		44		44		6		10		
-1		42		38		10		22		50		70		34		28		72		42		48		36		50		52		56		58		22		0		6		16		32		54		56		60		68		66		76		68		72		94		86		62		60		42		50		56		66		52		28		32		
-1		36		44		16		16		44		64		32		22		70		36		42		30		44		46		50		52		28		6		0		10		26		48		50		54		62		60		70		62		66		88		80		56		58		40		48		54		64		58		34		30		
-1		26		40		18		10		38		54		22		12		60		30		32		20		34		36		40		42		30		8		10		0		20		42		40		48		56		50		60		52		56		78		70		46		48		30		38		44		54		54		36		20		
-1		32		46		38		10		18		60		28		18		66		10		38		26		40		42		46		48		36		28		26		20		0		22		46		28		36		46		56		58		62		84		76		52		54		36		44		50		60		60		42		26		
-1		52		84		86		84		12		52		66		56		84		104		46		58		58		48		44		36		74		82		84		74		94		0		38		10		18		28		38		46		62		76		68		70		78		68		76		82		86		92		80		64		
-1		14		46		48		46		20		34		28		18		54		66		8		20		22		24		26		18		36		44		46		36		56		8		0		18		20		10		20		28		44		58		50		34		42		32		40		46		50		56		42		26		
-1		42		74		76		74		10		42		56		46		74		94		36		48		48		38		34		26		64		72		74		64		84		36		28		0		8		18		28		36		52		66		58		60		68		58		66		72		76		82		70		54		
-1		34		66		68		66		40		34		48		38		66		86		28		40		40		30		26		18		56		64		66		56		76		28		20		38		0		10		20		28		44		58		50		52		60		50		58		64		68		74		62		46		
-1		24		56		58		56		30		24		38		28		56		76		18		30		30		20		16		8		46		54		56		46		66		18		10		28		10		0		10		18		34		48		40		42		50		40		48		54		58		64		52		36		
-1		34		60		68		66		40		14		48		38		46		86		28		38		30		20		16		18		56		64		66		56		76		28		20		38		20		10		0		8		24		38		30		34		42		40		48		54		50		64		62		46		
-1		30		52		64		66		64		22		40		38		54		86		36		30		22		12		8		10		52		64		66		56		76		52		44		62		64		54		64		0		32		46		38		34		42		32		40		46		50		56		58		46		
-1		30		52		64		66		64		10		40		38		30		86		36		30		22		16		12		20		52		64		66		56		76		52		44		62		64		54		64		30		0		34		26		10		18		32		40		46		26		40		58		46		
-1		36		58		70		72		70		16		46		44		24		92		42		36		28		22		18		26		58		70		72		62		82		58		50		68		70		60		70		36		6		0		8		16		24		38		46		52		32		46		64		52		
-1		44		66		78		80		78		16		54		52		16		100		50		44		36		30		26		34		66		78		80		70		90		66		58		76		78		68		78		44		14		8		0		24		28		46		54		60		36		50		72		60		
-1		20		42		54		56		54		20		30		28		20		76		26		20		12		22		22		30		42		54		56		46		66		42		34		52		54		44		54		40		10		44		36		0		8		22		30		36		16		30		48		36		
-1		28		50		62		64		62		28		38		36		12		84		34		28		20		30		30		38		50		62		64		54		74		50		42		60		62		52		62		48		18		52		44		8		0		30		38		32		8		22		56		44		
-1		18		20		32		46		52		38		8		18		30		66		24		18		10		20		24		32		20		42		46		36		56		40		32		50		52		42		52		42		32		62		54		22		18		0		8		14		24		24		26		26		
-1		26		12		40		54		60		38		16		26		22		74		32		26		18		28		32		40		28		50		54		44		64		48		40		58		60		50		60		50		28		62		54		18		10		8		0		6		16		16		34		34		
-1		32		18		46		60		66		44		22		32		28		80		38		32		24		34		38		46		34		56		60		50		70		54		46		64		66		56		66		56		34		68		60		24		16		14		6		0		10		10		40		40		
-1		36		42		70		72		70		36		46		44		20		92		42		36		28		38		38		46		58		70		72		62		82		58		50		68		70		60		70		56		26		60		52		16		8		38		30		24		0		14		64		52		
-1		42		28		56		70		76		50		32		42		34		90		48		42		34		44		48		56		44		66		70		60		80		64		56		74		76		66		76		66		40		74		66		30		22		24		16		10		14		0		50		50		
-1		36		30		36		50		70		58		12		22		50		70		42		30		30		40		44		52		24		46		50		40		60		58		50		68		70		60		70		62		52		82		74		42		38		20		28		34		44		44		0		30		
-1		22		36		22		20		48		50		18		8		56		40		28		16		30		32		36		38		10		18		20		10		30		44		36		54		56		46		56		48		52		74		66		42		44		26		34		40		50		50		16		0		
tasks dist:
          N1<1,1>   N40<40,40>N32<32,32>N13<13,13>N15<15,15>N27<27,27>N35<35,35>N2<2,2>   N12<12,12>N16<16,16>N11<11,11>N8<8,8>   N18<18,18>N19<19,19>N20<20,20>N22<22,22>A1<31,9>  A2<30,29> A3<27,6>  A4<27,28> A5<1,14>  A6<7,2>   A7<13,12> A8<26,16> A9<11,8>  A10<20,8> A11<20,18>A12<10,8> A13<10,22>A14<21,5> A15<22,24>A16<23,22>A17<24,25>A18<40,20>A19<17,39>A20<36,37>A21<2,38> E1<6,31>  E2<30,31> E3<9,33>  E4<32,33> E5<6,29>  E6<6,15>  E7<16,28> E8<15,16> E9<13,14> E10<13,34>E11<34,35>E12<7,34> E13<1,13> E14<8,12> E15<1,11> E16<23,26>E17<7,17> E18<3,17> E19<4,19> E20<4,20> E21<10,21>E22<5,24> E23<25,26>E24<17,40>E25<33,37>E26<37,38>E27<36,38>E1<31,6>  E2<31,30> E3<33,9>  E4<33,32> E5<29,6>  E6<15,6>  E7<28,16> E8<16,15> E9<14,13> E10<34,13>E11<35,34>E12<34,7> E13<13,1> E14<12,8> E15<11,1> E16<26,23>E17<17,7> E18<17,3> E19<19,4> E20<20,4> E21<21,10>E22<24,5> E23<26,25>E24<40,17>E25<37,33>E26<38,37>E27<38,36>
N1<1,1>   0         22        20        8         14        34        26        38        6         16        6         14        40        42        32        22        44        52        34        34        0         24        8         24        6         32        32        62        62        52        22        14        32        22        32        32        38        28        52        40        20        28        28        16        14        8         8         18        24        0         14        0         14        24        44        42        42        62        34        34        32        28        36        32        44        44        28        28        30        14        26        16        10        18        26        18        8         6         6         24        32        32        42        32        52        32        24        22        36        42        42        
N40<40,40>22        0         42        30        36        56        34        36        16        38        28        8         18        20        10        44        66        74        56        56        22        18        30        46        28        10        10        40        40        30        44        36        54        0         10        40        36        50        74        56        42        50        50        38        36        30        30        26        18        22        8         22        36        18        22        20        20        40        48        56        10        44        50        40        66        66        44        44        52        36        48        38        32        26        34        26        30        16        28        46        10        10        20        10        30        54        46        0         50        50        50        
N32<32,32>20        36        0         12        22        54        30        42        20        30        26        28        54        56        46        42        36        44        54        54        20        30        12        44        26        46        46        76        76        66        42        34        52        36        42        36        42        20        44        20        0         20        20        30        22        12        12        22        30        20        28        20        34        30        54        56        56        76        54        54        42        8         16        36        36        36        8         8         10        22        40        30        22        22        30        22        12        20        26        44        42        42        56        46        66        52        44        36        16        30        30        
N13<13,13>8         24        12        0         14        42        18        30        8         22        14        16        42        44        34        30        44        52        42        42        8         18        0         32        14        34        34        64        64        54        30        22        40        24        30        24        30        28        52        32        12        28        28        22        14        0         0         10        18        8         16        8         22        18        42        44        44        64        42        42        30        20        28        24        44        44        20        20        22        14        32        22        10        10        18        10        0         8         14        32        30        30        44        34        54        40        32        24        28        34        34        
N15<15,15>22        38        26        14        0         56        32        44        22        8         28        30        56        58        48        44        30        38        56        56        22        32        14        46        28        48        48        78        78        68        44        36        54        38        44        38        44        14        38        46        26        14        14        8         0         14        14        24        32        22        30        22        36        32        56        58        58        78        56        56        44        34        42        38        30        30        34        34        24        0         18        8         4         24        32        24        14        22        28        46        44        44        58        48        68        54        46        38        42        48        48        
N27<27,27>34        46        34        30        16        0         48        60        38        18        28        38        64        66        56        28        30        38        0         0         34        48        30        10        28        56        56        86        86        76        28        20        38        46        56        54        60        14        38        46        34        14        14        18        16        30        30        40        48        34        38        34        20        48        68        66        66        86        40        20        56        42        50        54        30        30        42        42        24        16        8         18        20        40        48        40        30        38        28        10        56        56        66        56        76        38        10        46        50        64        64        
N35<35,35>26        34        18        18        32        60        0         12        26        40        32        26        50        54        44        48        54        62        60        60        26        16        18        50        32        44        44        74        74        64        48        40        58        34        28        6         12        38        62        22        18        38        38        40        32        18        18        8         16        26        26        26        40        16        40        54        54        74        60        60        28        10        16        6         54        54        10        10        28        32        50        40        28        8         0         8         18        26        32        50        28        28        54        44        64        58        50        34        16        16        16        
N2<2,2>   38        46        30        30        44        72        12        0         38        52        44        38        38        44        54        60        66        74        72        72        38        28        30        62        44        54        54        80        80        70        60        52        70        46        40        18        0         50        74        34        30        50        50        52        44        30        30        20        28        38        38        38        52        28        28        60        60        80        72        72        40        22        28        18        66        66        22        22        40        44        62        52        40        20        12        20        30        38        44        62        40        40        44        54        70        70        62        46        28        14        14        
N12<12,12>6         16        26        14        20        40        32        36        0         22        12        8         34        36        26        28        50        58        40        40        6         18        14        30        12        26        26        56        56        46        28        20        38        16        26        38        36        34        58        46        26        34        34        22        20        14        14        24        18        6         8         6         20        18        38        36        36        56        40        40        26        34        42        38        50        50        34        34        36        20        32        22        16        24        32        24        14        0         12        30        26        26        36        26        46        38        30        16        42        48        48        
N16<16,16>30        46        34        22        8         64        40        52        30        0         36        38        64        66        56        52        38        46        64        64        30        40        22        54        36        56        56        86        86        76        52        44        62        46        52        46        52        22        46        54        34        22        22        0         8         22        22        32        40        30        38        30        44        40        64        66        66        86        64        64        52        42        50        46        38        38        42        42        32        8         10        0         12        32        40        32        22        30        36        54        52        52        66        56        76        62        54        46        50        56        56        
N11<11,11>6         18        26        14        18        28        32        38        12        10        0         10        36        38        28        16        48        56        28        28        6         20        14        18        0         28        28        58        58        48        16        8         26        18        28        38        38        32        56        46        26        32        32        10        18        14        14        24        20        6         10        6         8         20        40        38        38        58        28        28        28        34        42        38        48        48        34        34        36        18        20        10        16        24        32        24        14        12        0         18        28        28        38        28        48        26        18        18        42        48        48        
N8<8,8>   14        8         34        22        28        48        26        28        8         30        20        0         26        28        18        36        58        66        48        48        14        10        22        38        20        18        18        48        48        38        36        28        46        8         18        32        28        42        66        48        34        42        42        30        28        22        22        18        10        14        0         14        28        10        30        28        28        48        48        48        18        36        42        32        58        58        36        36        44        28        40        30        24        18        26        18        22        8         20        38        18        18        28        18        38        46        38        8         42        42        42        
N18<18,18>42        32        62        50        56        76        50        38        36        58        48        28        0         6         16        54        86        94        76        76        42        34        50        66        48        16        16        42        42        32        54        56        60        32        22        56        38        70        94        72        62        70        70        58        56        50        50        42        34        42        28        42        56        34        10        22        22        42        50        68        22        60        66        56        86        86        60        60        72        56        68        58        52        42        50        42        50        36        48        66        22        22        6         16        32        60        66        32        66        52        52        
N19<19,19>36        30        56        44        50        70        48        44        30        52        42        22        6         0         10        48        80        88        70        70        36        32        44        60        42        10        10        36        36        26        48        50        54        30        28        54        44        64        88        70        56        64        64        52        50        44        44        40        32        36        22        36        50        32        16        16        16        36        44        62        28        58        64        54        80        80        58        58        66        50        62        52        46        40        48        40        44        30        42        60        28        28        0         10        26        54        60        30        64        58        58        
N20<20,20>26        20        46        34        40        60        38        40        20        42        32        12        8         10        0         42        70        78        60        60        26        22        34        50        32        0         0         30        30        20        42        40        48        20        30        44        40        54        78        60        46        54        54        42        40        34        34        30        22        26        12        26        40        22        18        10        10        30        38        56        30        48        54        44        70        70        48        48        56        40        52        42        36        30        38        30        34        20        32        50        30        30        10        0         20        48        50        20        54        54        54        
N22<22,22>52        64        70        58        44        38        76        84        58        36        46        56        82        84        74        0         68        76        38        38        52        66        58        28        46        74        74        104       104       94        0         38        10        64        74        82        84        52        76        84        70        52        52        36        44        58        58        68        66        52        56        52        38        66        86        84        84        104       12        18        74        78        86        82        68        68        78        78        62        44        46        36        48        68        76        68        58        58        46        28        74        74        84        74        94        10        28        64        86        92        92        
A1<31,9>  40        56        20        32        42        74        50        62        40        50        46        48        74        76        66        62        56        64        74        74        40        50        32        64        46        66        66        96        96        86        62        54        72        56        62        44        62        40        64        0         20        40        40        50        42        32        32        42        50        40        48        40        54        50        74        76        76        96        74        74        62        12        20        44        56        56        12        12        30        42        60        50        42        42        50        42        32        40        46        64        62        62        76        66        86        72        64        56        20        34        34        
A2<30,29> 30        46        10        22        12        64        40        52        30        20        36        38        64        66        56        52        26        34        64        64        30        40        22        54        36        56        56        86        86        76        52        44        62        46        52        46        52        10        34        30        10        10        10        20        12        22        22        32        40        30        38        30        44        40        64        66        66        86        64        64        52        18        26        46        26        26        18        18        0         12        30        20        16        32        40        32        22        30        36        54        52        52        66        56        76        62        54        46        26        40        40        
A3<27,6>  36        52        20        28        14        70        46        58        36        22        42        44        70        72        62        58        16        24        70        70        36        46        28        60        42        62        62        92        92        82        58        50        68        52        58        52        58        0         24        32        20        0         0         22        14        28        28        38        46        36        44        36        50        46        70        72        72        92        70        70        58        28        36        52        16        16        28        28        10        14        32        22        18        38        46        38        28        36        42        60        58        58        72        62        82        68        60        52        36        50        50        
A4<27,28> 30        46        34        22        8         64        40        52        30        10        36        38        64        66        56        52        38        46        64        64        30        40        22        54        36        56        56        86        86        76        52        44        62        46        52        46        52        22        46        54        34        22        22        10        8         22        22        32        40        30        38        30        44        40        64        66        66        86        64        64        52        42        50        46        38        38        42        42        32        8         0         10        12        32        40        32        22        30        36        54        52        52        66        56        76        62        54        46        50        56        56        
A5<1,14>  18        34        22        10        4         52        28        40        18        12        24        26        52        54        44        40        34        42        52        52        18        28        10        42        24        44        44        74        74        64        40        32        50        34        40        34        40        18        42        42        22        18        18        12        4         10        10        20        28        18        26        18        32        28        52        54        54        74        52        52        40        30        38        34        34        34        30        30        28        4         22        12        0         20        28        20        10        18        24        42        40        40        54        44        64        50        42        34        38        44        44        
A6<7,2>   38        46        30        30        44        72        12        0         38        52        44        38        38        44        54        60        66        74        72        72        38        28        30        62        44        54        54        80        80        70        60        52        70        46        40        18        0         50        74        34        30        50        50        52        44        30        30        20        28        38        38        38        52        28        28        60        60        80        72        72        40        22        28        18        66        66        22        22        40        44        62        52        40        20        12        20        30        38        44        62        40        40        44        54        70        70        62        46        28        14        14        
A7<13,12> 6         16        26        14        20        40        32        36        0         22        12        8         34        36        26        28        50        58        40        40        6         18        14        30        12        26        26        56        56        46        28        20        38        16        26        38        36        34        58        46        26        34        34        22        20        14        14        24        18        6         8         6         20        18        38        36        36        56        40        40        26        34        42        38        50        50        34        34        36        20        32        22        16        24        32        24        14        0         12        30        26        26        36        26        46        38        30        16        42        48        48        
A8<26,16> 30        46        34        22        8         64        40        52        30        0         36        38        64        66        56        52        38        46        64        64        30        40        22        54        36        56        56        86        86        76        52        44        62        46        52        46        52        22        46        54        34        22        22        0         8         22        22        32        40        30        38        30        44        40        64        66        66        86        64        64        52        42        50        46        38        38        42        42        32        8         10        0         12        32        40        32        22        30        36        54        52        52        66        56        76        62        54        46        50        56        56        
A9<11,8>  14        8         34        22        28        48        26        28        8         30        20        0         26        28        18        36        58        66        48        48        14        10        22        38        20        18        18        48        48        38        36        28        46        8         18        32        28        42        66        48        34        42        42        30        28        22        22        18        10        14        0         14        28        10        30        28        28        48        48        48        18        36        42        32        58        58        36        36        44        28        40        30        24        18        26        18        22        8         20        38        18        18        28        18        38        46        38        8         42        42        42        
A10<20,8> 14        8         34        22        28        48        26        28        8         30        20        0         26        28        18        36        58        66        48        48        14        10        22        38        20        18        18        48        48        38        36        28        46        8         18        32        28        42        66        48        34        42        42        30        28        22        22        18        10        14        0         14        28        10        30        28        28        48        48        48        18        36        42        32        58        58        36        36        44        28        40        30        24        18        26        18        22        8         20        38        18        18        28        18        38        46        38        8         42        42        42        
A11<20,18>42        32        62        50        56        76        50        38        36        58        48        28        0         6         16        54        86        94        76        76        42        34        50        66        48        16        16        42        42        32        54        56        60        32        22        56        38        70        94        72        62        70        70        58        56        50        50        42        34        42        28        42        56        34        10        22        22        42        50        68        22        60        66        56        86        86        60        60        72        56        68        58        52        42        50        42        50        36        48        66        22        22        6         16        32        60        66        32        66        52        52        
A12<10,8> 14        8         34        22        28        48        26        28        8         30        20        0         26        28        18        36        58        66        48        48        14        10        22        38        20        18        18        48        48        38        36        28        46        8         18        32        28        42        66        48        34        42        42        30        28        22        22        18        10        14        0         14        28        10        30        28        28        48        48        48        18        36        42        32        58        58        36        36        44        28        40        30        24        18        26        18        22        8         20        38        18        18        28        18        38        46        38        8         42        42        42        
A13<10,22>52        64        70        58        44        38        76        84        58        36        46        56        82        84        74        0         68        76        38        38        52        66        58        28        46        74        74        104       104       94        0         38        10        64        74        82        84        52        76        84        70        52        52        36        44        58        58        68        66        52        56        52        38        66        86        84        84        104       12        18        74        78        86        82        68        68        78        78        62        44        46        36        48        68        76        68        58        58        46        28        74        74        84        74        94        10        28        64        86        92        92        
A14<21,5> 52        64        70        58        44        38        76        84        58        36        46        56        82        84        74        46        68        76        38        38        52        66        58        28        46        74        74        104       104       94        46        38        10        64        74        82        84        52        76        84        70        52        52        36        44        58        58        68        66        52        56        52        38        66        86        84        84        104       0         18        74        78        86        82        68        68        78        78        62        44        46        36        48        68        76        68        58        58        46        28        74        74        84        74        94        10        28        64        86        92        92        
A15<22,24>42        54        60        48        34        28        66        74        48        26        36        46        72        74        64        36        58        66        28        28        42        56        48        18        36        64        64        94        94        84        36        28        0         54        64        72        74        42        66        74        60        42        42        26        34        48        48        58        56        42        46        42        28        56        76        74        74        94        10        8         64        68        76        72        58        58        68        68        52        34        36        26        38        58        66        58        48        48        36        18        64        64        74        64        84        0         18        54        76        82        82        
A16<23,22>52        64        70        58        44        38        76        84        58        36        46        56        82        84        74        0         68        76        38        38        52        66        58        28        46        74        74        104       104       94        0         38        10        64        74        82        84        52        76        84        70        52        52        36        44        58        58        68        66        52        56        52        38        66        86        84        84        104       12        18        74        78        86        82        68        68        78        78        62        44        46        36        48        68        76        68        58        58        46        28        74        74        84        74        94        10        28        64        86        92        92        
A17<24,25>34        46        52        40        26        20        58        66        40        18        28        38        64        66        56        28        50        58        20        20        34        48        40        10        28        56        56        86        86        76        28        20        38        46        56        64        66        34        58        66        52        34        34        18        26        40        40        50        48        34        38        34        20        48        68        66        66        86        40        0         56        60        68        64        50        50        60        60        44        26        28        18        30        50        58        50        40        40        28        10        56        56        66        56        76        38        10        46        68        74        74        
A18<40,20>26        20        46        34        40        60        38        40        20        42        32        12        8         10        0         42        70        78        60        60        26        22        34        50        32        0         0         30        30        20        42        40        48        20        30        44        40        54        78        60        46        54        54        42        40        34        34        30        22        26        12        26        40        22        18        10        10        30        38        56        30        48        54        44        70        70        48        48        56        40        52        42        36        30        38        30        34        20        32        50        30        30        10        0         20        48        50        20        54        54        54        
A19<17,39>36        30        42        30        44        70        28        30        30        52        42        22        46        50        40        58        74        82        70        70        36        12        30        60        42        40        40        70        70        60        58        50        68        30        24        34        30        58        82        50        42        58        58        52        44        30        30        20        12        36        22        36        50        12        36        50        50        70        70        70        24        38        44        34        74        74        38        38        52        44        62        52        40        20        28        20        30        30        42        60        24        24        50        40        60        68        60        30        44        44        44        
A20<36,37>36        52        16        28        38        70        30        42        36        46        42        44        70        72        62        58        52        60        70        70        36        46        28        60        42        62        62        92        92        82        58        50        68        52        58        24        42        36        60        20        16        36        36        46        38        28        28        38        46        36        44        36        50        46        70        72        72        92        70        70        58        8         0         24        52        52        8         8         26        38        56        46        38        38        30        38        28        36        42        60        58        58        72        62        82        68        60        52        0         14        14        
A21<2,38> 42        50        30        34        48        76        16        28        42        56        48        42        66        70        60        64        66        74        76        76        42        32        34        66        48        60        60        90        90        80        64        56        74        50        44        10        28        50        74        34        30        50        50        56        48        34        34        24        32        42        42        42        56        32        56        70        70        90        76        76        44        22        14        10        66        66        22        22        40        48        66        56        44        24        16        24        34        42        48        66        44        44        70        60        80        74        66        50        14        0         0         
E1<6,31>  44        60        24        36        26        78        54        66        44        34        50        52        78        80        70        66        0         8         78        78        44        54        36        68        50        70        70        100       100       90        66        58        76        60        66        60        66        16        8         16        24        16        16        34        26        36        36        46        54        44        52        44        58        54        78        80        80        100       78        78        66        28        36        60        0         0         28        28        14        26        44        34        30        46        54        46        36        44        50        68        66        66        80        70        90        76        68        60        36        50        50        
E2<30,31> 44        60        24        36        26        78        54        66        44        34        50        52        78        80        70        66        0         8         78        78        44        54        36        68        50        70        70        100       100       90        66        58        76        60        66        60        66        16        8         16        24        16        16        34        26        36        36        46        54        44        52        44        58        54        78        80        80        100       78        78        66        28        36        60        0         0         28        28        14        26        44        34        30        46        54        46        36        44        50        68        66        66        80        70        90        76        68        60        36        50        50        
E3<9,33>  28        44        8         20        30        62        38        50        28        38        34        36        62        64        54        50        44        52        62        62        28        38        20        52        34        54        54        84        84        74        50        42        60        44        50        32        50        28        52        12        8         28        28        38        30        20        20        30        38        28        36        28        42        38        62        64        64        84        62        62        50        0         8         32        44        44        0         0         18        30        48        38        30        30        38        30        20        28        34        52        50        50        64        54        74        60        52        44        8         22        22        
E4<32,33> 28        44        8         20        30        62        38        50        28        38        34        36        62        64        54        50        44        52        62        62        28        38        20        52        34        54        54        84        84        74        50        42        60        44        50        32        50        28        52        12        8         28        28        38        30        20        20        30        38        28        36        28        42        38        62        64        64        84        62        62        50        0         8         32        44        44        0         0         18        30        48        38        30        30        38        30        20        28        34        52        50        50        64        54        74        60        52        44        8         22        22        
E5<6,29>  30        46        10        22        12        64        40        52        30        20        36        38        64        66        56        52        26        34        64        64        30        40        22        54        36        56        56        86        86        76        52        44        62        46        52        46        52        10        34        30        10        10        10        20        12        22        22        32        40        30        38        30        44        40        64        66        66        86        64        64        52        18        26        46        26        26        18        18        0         12        30        20        16        32        40        32        22        30        36        54        52        52        66        56        76        62        54        46        26        40        40        
E6<6,15>  22        38        26        14        0         56        32        44        22        8         28        30        56        58        48        44        30        38        56        56        22        32        14        46        28        48        48        78        78        68        44        36        54        38        44        38        44        14        38        46        26        14        14        8         0         14        14        24        32        22        30        22        36        32        56        58        58        78        56        56        44        34        42        38        30        30        34        34        24        0         18        8         4         24        32        24        14        22        28        46        44        44        58        48        68        54        46        38        42        48        48        
E7<16,28> 30        46        34        22        8         64        40        52        30        10        36        38        64        66        56        52        38        46        64        64        30        40        22        54        36        56        56        86        86        76        52        44        62        46        52        46        52        22        46        54        34        22        22        10        8         22        22        32        40        30        38        30        44        40        64        66        66        86        64        64        52        42        50        46        38        38        42        42        32        8         0         10        12        32        40        32        22        30        36        54        52        52        66        56        76        62        54        46        50        56        56        
E8<15,16> 30        46        34        22        8         64        40        52        30        0         36        38        64        66        56        52        38        46        64        64        30        40        22        54        36        56        56        86        86        76        52        44        62        46        52        46        52        22        46        54        34        22        22        0         8         22        22        32        40        30        38        30        44        40        64        66        66        86        64        64        52        42        50        46        38        38        42        42        32        8         10        0         12        32        40        32        22        30        36        54        52        52        66        56        76        62        54        46        50        56        56        
E9<13,14> 18        34        22        10        4         52        28        40        18        12        24        26        52        54        44        40        34        42        52        52        18        28        10        42        24        44        44        74        74        64        40        32        50        34        40        34        40        18        42        42        22        18        18        12        4         10        10        20        28        18        26        18        32        28        52        54        54        74        52        52        40        30        38        34        34        34        30        30        28        4         22        12        0         20        28        20        10        18        24        42        40        40        54        44        64        50        42        34        38        44        44        
E10<13,34>18        26        22        10        24        52        8         20        18        32        24        18        42        46        36        40        54        62        52        52        18        8         10        42        24        36        36        66        66        56        40        32        50        26        20        14        20        38        62        30        22        38        38        32        24        10        10        0         8         18        18        18        32        8         32        46        46        66        52        52        20        18        24        14        54        54        18        18        32        24        42        32        20        0         8         0         10        18        24        42        20        20        46        36        56        50        42        26        24        24        24        
E11<34,35>26        34        18        18        32        60        0         12        26        40        32        26        50        54        44        48        54        62        60        60        26        16        18        50        32        44        44        74        74        64        48        40        58        34        28        6         12        38        62        22        18        38        38        40        32        18        18        8         16        26        26        26        40        16        40        54        54        74        60        60        28        10        16        6         54        54        10        10        28        32        50        40        28        8         0         8         18        26        32        50        28        28        54        44        64        58        50        34        16        16        16        
E12<7,34> 18        26        22        10        24        52        8         20        18        32        24        18        42        46        36        40        54        62        52        52        18        8         10        42        24        36        36        66        66        56        40        32        50        26        20        14        20        38        62        30        22        38        38        32        24        10        10        0         8         18        18        18        32        8         32        46        46        66        52        52        20        18        24        14        54        54        18        18        32        24        42        32        20        0         8         0         10        18        24        42        20        20        46        36        56        50        42        26        24        24        24        
E13<1,13> 8         24        12        0         14        42        18        30        8         22        14        16        42        44        34        30        44        52        42        42        8         18        0         32        14        34        34        64        64        54        30        22        40        24        30        24        30        28        52        32        12        28        28        22        14        0         0         10        18        8         16        8         22        18        42        44        44        64        42        42        30        20        28        24        44        44        20        20        22        14        32        22        10        10        18        10        0         8         14        32        30        30        44        34        54        40        32        24        28        34        34        
E14<8,12> 6         16        26        14        20        40        32        36        0         22        12        8         34        36        26        28        50        58        40        40        6         18        14        30        12        26        26        56        56        46        28        20        38        16        26        38        36        34        58        46        26        34        34        22        20        14        14        24        18        6         8         6         20        18        38        36        36        56        40        40        26        34        42        38        50        50        34        34        36        20        32        22        16        24        32        24        14        0         12        30        26        26        36        26        46        38        30        16        42        48        48        
E15<1,11> 6         18        26        14        18        28        32        38        12        10        0         10        36        38        28        16        48        56        28        28        6         20        14        18        0         28        28        58        58        48        16        8         26        18        28        38        38        32        56        46        26        32        32        10        18        14        14        24        20        6         10        6         8         20        40        38        38        58        28        28        28        34        42        38        48        48        34        34        36        18        20        10        16        24        32        24        14        12        0         18        28        28        38        28        48        26        18        18        42        48        48        
E16<23,26>24        36        42        30        16        10        48        56        30        8         18        28        54        56        46        18        40        48        10        10        24        38        30        0         18        46        46        76        76        66        18        10        28        36        46        54        56        24        48        56        42        24        24        8         16        30        30        40        38        24        28        24        10        38        58        56        56        76        30        10        46        50        58        54        40        40        50        50        34        16        18        8         20        40        48        40        30        30        18        0         46        46        56        46        66        28        0         36        58        64        64        
E17<7,17> 32        10        42        30        44        66        28        30        26        48        38        18        22        28        20        54        74        82        66        66        32        12        30        56        38        20        20        50        50        40        54        46        64        10        0         34        30        58        82        50        42        58        58        48        44        30        30        20        12        32        18        32        46        12        12        30        30        50        58        66        0         38        44        34        74        74        38        38        52        44        58        48        40        20        28        20        30        26        38        56        0         0         28        20        40        64        56        10        44        44        44        
E18<3,17> 32        10        42        30        44        66        28        30        26        48        38        18        22        28        20        54        74        82        66        66        32        12        30        56        38        20        20        50        50        40        54        46        64        10        0         34        30        58        82        50        42        58        58        48        44        30        30        20        12        32        18        32        46        12        12        30        30        50        58        66        0         38        44        34        74        74        38        38        52        44        58        48        40        20        28        20        30        26        38        56        0         0         28        20        40        64        56        10        44        44        44        
E19<4,19> 36        30        56        44        50        70        48        44        30        52        42        22        6         0         10        48        80        88        70        70        36        32        44        60        42        10        10        36        36        26        48        50        54        30        28        54        44        64        88        70        56        64        64        52        50        44        44        40        32        36        22        36        50        32        16        16        16        36        44        62        28        58        64        54        80        80        58        58        66        50        62        52        46        40        48        40        44        30        42        60        28        28        0         10        26        54        60        30        64        58        58        
E20<4,20> 26        20        46        34        40        60        38        40        20        42        32        12        8         10        0         42        70        78        60        60        26        22        34        50        32        0         0         30        30        20        42        40        48        20        30        44        40        54        78        60        46        54        54        42        40        34        34        30        22        26        12        26        40        22        18        10        10        30        38        56        30        48        54        44        70        70        48        48        56        40        52        42        36        30        38        30        34        20        32        50        30        30        10        0         20        48        50        20        54        54        54        
E21<10,21>32        26        52        40        46        56        44        46        26        48        38        18        28        26        20        22        76        84        56        56        32        28        40        46        38        20        20        10        10        0         22        46        28        26        36        50        46        60        84        66        52        60        60        48        46        40        40        36        28        32        18        32        46        28        38        10        10        10        18        36        36        54        60        50        76        76        54        54        62        46        58        48        42        36        44        36        40        26        38        46        36        36        26        20        0         28        46        26        60        60        60        
E22<5,24> 42        54        60        48        34        28        66        74        48        26        36        46        72        74        64        36        58        66        28        28        42        56        48        18        36        64        64        94        94        84        36        28        0         54        64        72        74        42        66        74        60        42        42        26        34        48        48        58        56        42        46        42        28        56        76        74        74        94        10        8         64        68        76        72        58        58        68        68        52        34        36        26        38        58        66        58        48        48        36        18        64        64        74        64        84        0         18        54        76        82        82        
E23<25,26>24        36        42        30        16        10        48        56        30        8         18        28        54        56        46        18        40        48        10        10        24        38        30        0         18        46        46        76        76        66        18        10        28        36        46        54        56        24        48        56        42        24        24        8         16        30        30        40        38        24        28        24        10        38        58        56        56        76        30        10        46        50        58        54        40        40        50        50        34        16        18        8         20        40        48        40        30        30        18        0         46        46        56        46        66        28        0         36        58        64        64        
E24<17,40>22        0         42        30        36        56        34        36        16        38        28        8         18        20        10        44        66        74        56        56        22        18        30        46        28        10        10        40        40        30        44        36        54        0         10        40        36        50        74        56        42        50        50        38        36        30        30        26        18        22        8         22        36        18        22        20        20        40        48        56        10        44        50        40        66        66        44        44        52        36        48        38        32        26        34        26        30        16        28        46        10        10        20        10        30        54        46        0         50        50        50        
E25<33,37>36        52        16        28        38        70        30        42        36        46        42        44        70        72        62        58        52        60        70        70        36        46        28        60        42        62        62        92        92        82        58        50        68        52        58        24        42        36        60        20        16        36        36        46        38        28        28        38        46        36        44        36        50        46        70        72        72        92        70        70        58        8         0         24        52        52        8         8         26        38        56        46        38        38        30        38        28        36        42        60        58        58        72        62        82        68        60        52        0         14        14        
E26<37,38>42        50        30        34        48        76        16        28        42        56        48        42        66        70        60        64        66        74        76        76        42        32        34        66        48        60        60        90        90        80        64        56        74        50        44        10        28        50        74        34        30        50        50        56        48        34        34        24        32        42        42        42        56        32        56        70        70        90        76        76        44        22        14        10        66        66        22        22        40        48        66        56        44        24        16        24        34        42        48        66        44        44        70        60        80        74        66        50        14        0         0         
E27<36,38>42        50        30        34        48        76        16        28        42        56        48        42        66        70        60        64        66        74        76        76        42        32        34        66        48        60        60        90        90        80        64        56        74        50        44        10        28        50        74        34        30        50        50        56        48        34        34        24        32        42        42        42        56        32        56        70        70        90        76        76        44        22        14        10        66        66        22        22        40        48        66        56        44        24        16        24        34        42        48        66        44        44        70        60        80        74        66        50        14        0         0         
E1<31,6>  36        52        20        28        14        70        46        58        36        22        42        44        70        72        62        58        16        24        70        70        36        46        28        60        42        62        62        92        92        82        58        50        68        52        58        52        58        0         24        32        20        0         0         22        14        28        28        38        46        36        44        36        50        46        70        72        72        92        70        70        58        28        36        52        16        16        28        28        10        14        32        22        18        38        46        38        28        36        42        60        58        58        72        62        82        68        60        52        36        50        50        
E2<31,30> 36        52        16        28        18        70        46        58        36        26        42        44        70        72        62        58        8         0         70        70        36        46        28        60        42        62        62        92        92        82        58        50        68        52        58        52        58        16        0         24        16        16        16        26        18        28        28        38        46        36        44        36        50        46        70        72        72        92        70        70        58        24        32        52        8         8         24        24        6         18        36        26        22        38        46        38        28        36        42        60        58        58        72        62        82        68        60        52        32        46        46        
E3<33,9>  40        56        20        32        42        74        50        62        40        50        46        48        74        76        66        62        56        64        74        74        40        50        32        64        46        66        66        96        96        86        62        54        72        56        62        44        62        40        64        0         20        40        40        50        42        32        32        42        50        40        48        40        54        50        74        76        76        96        74        74        62        12        20        44        56        56        12        12        30        42        60        50        42        42        50        42        32        40        46        64        62        62        76        66        86        72        64        56        20        34        34        
E4<33,32> 20        36        0         12        22        54        30        42        20        30        26        28        54        56        46        42        36        44        54        54        20        30        12        44        26        46        46        76        76        66        42        34        52        36        42        36        42        20        44        20        0         20        20        30        22        12        12        22        30        20        28        20        34        30        54        56        56        76        54        54        42        8         16        36        36        36        8         8         10        22        40        30        22        22        30        22        12        20        26        44        42        42        56        46        66        52        44        36        16        30        30        
E5<29,6>  36        52        20        28        14        70        46        58        36        22        42        44        70        72        62        58        16        24        70        70        36        46        28        60        42        62        62        92        92        82        58        50        68        52        58        52        58        0         24        32        20        0         0         22        14        28        28        38        46        36        44        36        50        46        70        72        72        92        70        70        58        28        36        52        16        16        28        28        10        14        32        22        18        38        46        38        28        36        42        60        58        58        72        62        82        68        60        52        36        50        50        
E6<15,6>  36        52        20        28        14        70        46        58        36        22        42        44        70        72        62        58        16        24        70        70        36        46        28        60        42        62        62        92        92        82        58        50        68        52        58        52        58        0         24        32        20        0         0         22        14        28        28        38        46        36        44        36        50        46        70        72        72        92        70        70        58        28        36        52        16        16        28        28        10        14        32        22        18        38        46        38        28        36        42        60        58        58        72        62        82        68        60        52        36        50        50        
E7<28,16> 30        46        34        22        8         64        40        52        30        0         36        38        64        66        56        52        38        46        64        64        30        40        22        54        36        56        56        86        86        76        52        44        62        46        52        46        52        22        46        54        34        22        22        0         8         22        22        32        40        30        38        30        44        40        64        66        66        86        64        64        52        42        50        46        38        38        42        42        32        8         10        0         12        32        40        32        22        30        36        54        52        52        66        56        76        62        54        46        50        56        56        
E8<16,15> 22        38        26        14        0         56        32        44        22        8         28        30        56        58        48        44        30        38        56        56        22        32        14        46        28        48        48        78        78        68        44        36        54        38        44        38        44        14        38        46        26        14        14        8         0         14        14        24        32        22        30        22        36        32        56        58        58        78        56        56        44        34        42        38        30        30        34        34        24        0         18        8         4         24        32        24        14        22        28        46        44        44        58        48        68        54        46        38        42        48        48        
E9<14,13> 8         24        12        0         14        42        18        30        8         22        14        16        42        44        34        30        44        52        42        42        8         18        0         32        14        34        34        64        64        54        30        22        40        24        30        24        30        28        52        32        12        28        28        22        14        0         0         10        18        8         16        8         22        18        42        44        44        64        42        42        30        20        28        24        44        44        20        20        22        14        32        22        10        10        18        10        0         8         14        32        30        30        44        34        54        40        32        24        28        34        34        
E10<34,13>8         24        12        0         14        42        18        30        8         22        14        16        42        44        34        30        44        52        42        42        8         18        0         32        14        34        34        64        64        54        30        22        40        24        30        24        30        28        52        32        12        28        28        22        14        0         0         10        18        8         16        8         22        18        42        44        44        64        42        42        30        20        28        24        44        44        20        20        22        14        32        22        10        10        18        10        0         8         14        32        30        30        44        34        54        40        32        24        28        34        34        
E11<35,34>18        26        22        10        24        52        8         20        18        32        24        18        42        46        36        40        54        62        52        52        18        8         10        42        24        36        36        66        66        56        40        32        50        26        20        14        20        38        62        30        22        38        38        32        24        10        10        0         8         18        18        18        32        8         32        46        46        66        52        52        20        18        24        14        54        54        18        18        32        24        42        32        20        0         8         0         10        18        24        42        20        20        46        36        56        50        42        26        24        24        24        
E12<34,7> 24        18        30        18        32        58        16        18        18        40        30        10        34        38        28        46        62        70        58        58        24        0         18        48        30        28        28        58        58        48        46        38        56        18        12        22        18        46        70        38        30        46        46        40        32        18        18        8         0         24        10        24        38        0         24        38        38        58        58        58        12        26        32        22        62        62        26        26        40        32        50        40        28        8         16        8         18        18        30        48        12        12        38        28        48        56        48        18        32        32        32        
E13<13,1> 0         22        20        8         14        34        26        38        6         16        6         14        40        42        32        22        44        52        34        34        0         24        8         24        6         32        32        62        62        52        22        14        32        22        32        32        38        28        52        40        20        28        28        16        14        8         8         18        24        0         14        0         14        24        44        42        42        62        34        34        32        28        36        32        44        44        28        28        30        14        26        16        10        18        26        18        8         6         6         24        32        32        42        32        52        32        24        22        36        42        42        
E14<12,8> 14        8         34        22        28        48        26        28        8         30        20        0         26        28        18        36        58        66        48        48        14        10        22        38        20        18        18        48        48        38        36        28        46        8         18        32        28        42        66        48        34        42        42        30        28        22        22        18        10        14        0         14        28        10        30        28        28        48        48        48        18        36        42        32        58        58        36        36        44        28        40        30        24        18        26        18        22        8         20        38        18        18        28        18        38        46        38        8         42        42        42        
E15<11,1> 0         22        20        8         14        34        26        38        6         16        6         14        40        42        32        22        44        52        34        34        0         24        8         24        6         32        32        62        62        52        22        14        32        22        32        32        38        28        52        40        20        28        28        16        14        8         8         18        24        0         14        0         14        24        44        42        42        62        34        34        32        28        36        32        44        44        28        28        30        14        26        16        10        18        26        18        8         6         6         24        32        32        42        32        52        32        24        22        36        42        42        
E16<26,23>14        26        34        22        26        20        40        46        20        18        8         18        44        46        36        8         50        58        20        20        14        28        22        10        8         36        36        66        66        56        8         0         18        26        36        46        46        34        58        54        34        34        34        18        26        22        22        32        28        14        18        14        0         28        48        46        46        66        20        20        36        42        50        46        50        50        42        42        44        26        28        18        24        32        40        32        22        20        8         10        36        36        46        36        56        18        10        26        50        56        56        
E17<17,7> 24        18        30        18        32        58        16        18        18        40        30        10        34        38        28        46        62        70        58        58        24        0         18        48        30        28        28        58        58        48        46        38        56        18        12        22        18        46        70        38        30        46        46        40        32        18        18        8         0         24        10        24        38        0         24        38        38        58        58        58        12        26        32        22        62        62        26        26        40        32        50        40        28        8         16        8         18        18        30        48        12        12        38        28        48        56        48        18        32        32        32        
E18<17,3> 44        22        54        42        56        78        40        28        38        60        50        30        10        16        26        64        86        94        78        78        44        24        42        68        50        26        26        52        52        42        64        58        70        22        12        46        28        70        94        62        54        70        70        60        56        42        42        32        24        44        30        44        58        24        0         32        32        52        60        78        12        50        56        46        86        86        50        50        64        56        70        60        52        32        40        32        42        38        50        68        12        12        16        26        42        70        68        22        56        42        42        
E19<19,4> 36        30        56        44        50        66        48        50        30        52        42        22        18        16        10        32        80        88        66        66        36        32        44        56        42        10        10        20        20        10        32        50        38        30        40        54        50        64        88        70        56        64        64        52        50        44        44        40        32        36        22        36        50        32        28        0         0         20        28        46        40        58        64        54        80        80        58        58        66        50        62        52        46        40        48        40        44        30        42        56        40        40        16        10        10        38        56        30        64        64        64        
E20<20,4> 36        30        56        44        50        66        48        50        30        52        42        22        18        16        10        32        80        88        66        66        36        32        44        56        42        10        10        20        20        10        32        50        38        30        40        54        50        64        88        70        56        64        64        52        50        44        44        40        32        36        22        36        50        32        28        0         0         20        28        46        40        58        64        54        80        80        58        58        66        50        62        52        46        40        48        40        44        30        42        56        40        40        16        10        10        38        56        30        64        64        64        
E21<21,10>22        16        42        30        36        50        34        36        16        38        28        8         34        36        26        12        66        74        50        50        22        18        30        40        28        26        26        0         0         10        12        36        22        16        26        40        36        50        74        56        42        50        50        38        36        30        30        26        18        22        8         22        36        18        38        20        20        0         24        30        26        44        50        40        66        66        44        44        52        36        48        38        32        26        34        26        30        16        28        40        26        26        36        26        10        22        40        16        50        50        50        
E22<24,5> 52        64        70        58        44        38        76        84        58        36        46        56        82        84        74        46        68        76        38        38        52        66        58        28        46        74        74        104       104       94        46        38        10        64        74        82        84        52        76        84        70        52        52        36        44        58        58        68        66        52        56        52        38        66        86        84        84        104       0         18        74        78        86        82        68        68        78        78        62        44        46        36        48        68        76        68        58        58        46        28        74        74        84        74        94        10        28        64        86        92        92        
E23<26,25>34        46        52        40        26        20        58        66        40        18        28        38        64        66        56        28        50        58        20        20        34        48        40        10        28        56        56        86        86        76        28        20        38        46        56        64        66        34        58        66        52        34        34        18        26        40        40        50        48        34        38        34        20        48        68        66        66        86        40        0         56        60        68        64        50        50        60        60        44        26        28        18        30        50        58        50        40        40        28        10        56        56        66        56        76        38        10        46        68        74        74        
E24<40,17>32        10        42        30        44        66        28        30        26        48        38        18        22        28        20        54        74        82        66        66        32        12        30        56        38        20        20        50        50        40        54        46        64        10        0         34        30        58        82        50        42        58        58        48        44        30        30        20        12        32        18        32        46        12        12        30        30        50        58        66        0         38        44        34        74        74        38        38        52        44        58        48        40        20        28        20        30        26        38        56        0         0         28        20        40        64        56        10        44        44        44        
E25<37,33>28        44        8         20        30        62        38        50        28        38        34        36        62        64        54        50        44        52        62        62        28        38        20        52        34        54        54        84        84        74        50        42        60        44        50        32        50        28        52        12        8         28        28        38        30        20        20        30        38        28        36        28        42        38        62        64        64        84        62        62        50        0         8         32        44        44        0         0         18        30        48        38        30        30        38        30        20        28        34        52        50        50        64        54        74        60        52        44        8         22        22        
E26<38,37>36        52        16        28        38        70        30        42        36        46        42        44        70        72        62        58        52        60        70        70        36        46        28        60        42        62        62        92        92        82        58        50        68        52        58        24        42        36        60        20        16        36        36        46        38        28        28        38        46        36        44        36        50        46        70        72        72        92        70        70        58        8         0         24        52        52        8         8         26        38        56        46        38        38        30        38        28        36        42        60        58        58        72        62        82        68        60        52        0         14        14        
E27<38,36>32        40        24        24        38        66        6         18        32        46        38        32        56        60        50        54        60        68        66        66        32        22        24        56        38        50        50        80        80        70        54        46        64        40        34        0         18        44        68        28        24        44        44        46        38        24        24        14        22        32        32        32        46        22        46        60        60        80        66        66        34        16        10        0         60        60        16        16        34        38        56        46        34        14        6         14        24        32        38        56        34        34        60        50        70        64        56        40        10        10        10        
