Data =>
	instName=TWB13C
	optimalValue=-1
	vehicles=-1
	capacity=50
	depotNode=1
	nodes=13
	arcs=15
	edges=8
	requiredN=3
	requiredA=12
	requiredE=7
0       -1      -1      -1      -1      -1      -1      -1      -1      -1      -1      -1      -1      -1      
-1      0       6       8       8       14      20      28      18      20      14      22      14      14      
-1      6       0       14      14      20      26      24      12      14      8       28      20      10      
-1      18      12      0       26      32      38      36      24      26      20      40      6       6       
-1      22      16      4       0       6       12      20      10      30      24      14      10      10      
-1      28      22      10      6       0       6       14      16      24      30      8       6       16      
-1      28      22      16      12      6       0       10      10      20      30      4       12      22      
-1      36      30      24      20      14      8       0       18      10      38      6       20      30      
-1      18      12      26      26      32      38      36      0       26      20      40      32      22      
-1      26      20      34      30      24      18      10      8       0       28      16      30      30      
-1      32      26      40      36      30      24      16      14      6       0       22      36      36      
-1      42      36      30      26      20      14      6       24      16      44      0       26      36      
-1      26      20      34      34      40      46      44      32      34      28      48      0       10      
-1      16      10      24      24      30      36      34      22      24      18      38      10      0       
tasks dist:
              N1<1,1>       N12<12,12>    N8<8,8>       N2<2,2>       A1<10,9>      A2<3,2>       A3<1,3>       A4<4,3>       A5<1,4>       A6<4,8>       A7<6,8>       A8<7,6>       A9<6,11>      A10<5,11>     A11<5,12>     A12<3,13>     E1<9,7>       E2<2,8>       E3<5,6>       E4<4,5>       E5<7,11>      E6<12,13>     E7<2,13>      E1<7,9>       E2<8,2>       E3<6,5>       E4<5,4>       E5<11,7>      E6<13,12>     E7<13,2>      
N1<1,1>       0             14            18            6             14            8             0             8             0             8             20            28            20            14            14            8             20            6             14            8             28            14            6             28            18            20            14            22            14            14            
N12<12,12>    26            0             32            20            28            34            26            34            26            34            46            44            46            40            40            34            34            20            40            34            44            0             20            44            32            46            40            48            10            10            
N8<8,8>       18            32            0             12            20            26            18            26            18            26            38            36            38            32            32            26            26            12            32            26            36            32            12            36            0             38            32            40            22            22            
N2<2,2>       6             20            12            0             8             14            6             14            6             14            26            24            26            20            20            14            14            0             20            14            24            20            0             24            12            26            20            28            10            10            
A1<10,9>      26            30            8             20            28            34            26            30            26            30            18            10            18            24            24            34            0             20            24            30            10            30            20            10            8             18            24            16            30            30            
A2<3,2>       6             20            12            0             8             14            6             14            6             14            26            24            26            20            20            14            14            0             20            14            24            20            0             24            12            26            20            28            10            10            
A3<1,3>       18            6             24            12            20            0             18            26            18            26            38            36            38            32            32            0             26            12            32            26            36            6             12            36            24            38            32            40            6             6             
A4<4,3>       18            6             24            12            20            0             18            26            18            26            38            36            38            32            32            0             26            12            32            26            36            6             12            36            24            38            32            40            6             6             
A5<1,4>       22            10            10            16            24            4             22            0             22            0             12            20            12            6             6             4             30            16            6             0             20            10            16            20            10            12            6             14            10            10            
A6<4,8>       18            32            0             12            20            26            18            26            18            26            38            36            38            32            32            26            26            12            32            26            36            32            12            36            0             38            32            40            22            22            
A7<6,8>       18            32            0             12            20            26            18            26            18            26            38            36            38            32            32            26            26            12            32            26            36            32            12            36            0             38            32            40            22            22            
A8<7,6>       28            12            10            22            30            16            28            12            28            12            0             10            0             6             6             16            20            22            6             12            10            12            22            10            10            0             6             4             22            22            
A9<6,11>      42            26            24            36            44            30            42            26            42            26            14            6             14            20            20            30            16            36            20            26            6             26            36            6             24            14            20            0             36            36            
A10<5,11>     42            26            24            36            44            30            42            26            42            26            14            6             14            20            20            30            16            36            20            26            6             26            36            6             24            14            20            0             36            36            
A11<5,12>     26            0             32            20            28            34            26            34            26            34            46            44            46            40            40            34            34            20            40            34            44            0             20            44            32            46            40            48            10            10            
A12<3,13>     16            10            22            10            18            24            16            24            16            24            36            34            36            30            30            24            24            10            30            24            34            10            10            34            22            36            30            38            0             0             
E1<9,7>       36            20            18            30            38            24            36            20            36            20            8             0             8             14            14            24            10            30            14            20            0             20            30            0             18            8             14            6             30            30            
E2<2,8>       18            32            0             12            20            26            18            26            18            26            38            36            38            32            32            26            26            12            32            26            36            32            12            36            0             38            32            40            22            22            
E3<5,6>       28            12            10            22            30            16            28            12            28            12            0             10            0             6             6             16            20            22            6             12            10            12            22            10            10            0             6             4             22            22            
E4<4,5>       28            6             16            22            30            10            28            6             28            6             6             14            6             0             0             10            24            22            0             6             14            6             22            14            16            6             0             8             16            16            
E5<7,11>      42            26            24            36            44            30            42            26            42            26            14            6             14            20            20            30            16            36            20            26            6             26            36            6             24            14            20            0             36            36            
E6<12,13>     16            10            22            10            18            24            16            24            16            24            36            34            36            30            30            24            24            10            30            24            34            10            10            34            22            36            30            38            0             0             
E7<2,13>      16            10            22            10            18            24            16            24            16            24            36            34            36            30            30            24            24            10            30            24            34            10            10            34            22            36            30            38            0             0             
E1<7,9>       26            30            8             20            28            34            26            30            26            30            18            10            18            24            24            34            0             20            24            30            10            30            20            10            8             18            24            16            30            30            
E2<8,2>       6             20            12            0             8             14            6             14            6             14            26            24            26            20            20            14            14            0             20            14            24            20            0             24            12            26            20            28            10            10            
E3<6,5>       28            6             16            22            30            10            28            6             28            6             6             14            6             0             0             10            24            22            0             6             14            6             22            14            16            6             0             8             16            16            
E4<5,4>       22            10            10            16            24            4             22            0             22            0             12            20            12            6             6             4             30            16            6             0             20            10            16            20            10            12            6             14            10            10            
E5<11,7>      36            20            18            30            38            24            36            20            36            20            8             0             8             14            14            24            10            30            14            20            0             20            30            0             18            8             14            6             30            30            
E6<13,12>     26            0             32            20            28            34            26            34            26            34            46            44            46            40            40            34            34            20            40            34            44            0             20            44            32            46            40            48            10            10            
E7<13,2>      6             20            12            0             8             14            6             14            6             14            26            24            26            20            20            14            14            0             20            14            24            20            0             24            12            26            20            28            10            10            
