Data =>
	instName=TWC13A
	optimalValue=-1
	vehicles=-1
	capacity=50
	depotNode=1
	nodes=13
	arcs=12
	edges=11
	requiredN=4
	requiredA=9
	requiredE=9
0       -1      -1      -1      -1      -1      -1      -1      -1      -1      -1      -1      -1      -1      
-1      0       30      12      8       14      20      28      18      44      38      22      18      18      
-1      6       0       12      14      20      22      24      12      14      8       26      18      10      
-1      8       26      0       4       10      16      24      14      40      34      18      6       6       
-1      12      22      4       0       6       12      20      10      36      30      14      10      10      
-1      34      28      30      26      0       6       14      16      42      36      8       36      36      
-1      28      22      24      20      6       0       8       10      36      30      4       30      30      
-1      36      30      32      28      14      8       0       18      44      38      12      38      38      
-1      18      12      14      10      16      10      18      0       26      20      14      20      20      
-1      26      20      22      18      24      18      10      8       0       6       22      28      28      
-1      32      26      28      24      30      24      16      14      6       0       28      34      34      
-1      32      26      28      24      8       4       6       14      40      34      0       34      34      
-1      14      32      6       10      6       12      20      20      46      40      14      0       12      
-1      14      32      6       10      16      22      30      20      46      40      24      10      0       
tasks dist:
              N1<1,1>       N2<2,2>       N3<3,3>       N6<6,6>       N4<4,4>       A1<9,7>       A2<9,8>       A3<2,1>       A4<2,3>       A5<3,1>       A6<1,4>       A7<11,7>      A8<12,5>      A9<13,12>     E1<9,10>      E2<2,8>       E3<4,8>       E4<6,8>       E5<6,7>       E6<6,11>      E7<5,11>      E8<3,12>      E9<3,13>      E1<10,9>      E2<8,2>       E3<8,4>       E4<8,6>       E5<7,6>       E6<11,6>      E7<11,5>      E8<12,3>      E9<13,3>      
N1<1,1>       0             30            12            20            8             44            44            30            30            12            0             22            18            18            44            30            8             20            20            20            14            12            12            38            18            18            18            28            22            22            18            18            
N2<2,2>       6             0             12            22            14            14            14            0             0             12            6             26            18            10            14            0             14            22            22            22            20            12            12            8             12            12            12            24            26            26            18            10            
N3<3,3>       8             26            0             16            4             40            40            26            26            0             8             18            6             6             40            26            4             16            16            16            10            0             0             34            14            14            14            24            18            18            6             6             
N6<6,6>       28            22            24            0             20            36            36            22            22            24            28            4             30            30            36            22            20            0             0             0             6             24            24            30            10            10            10            8             4             4             30            30            
N4<4,4>       12            22            4             12            0             36            36            22            22            4             12            14            10            10            36            22            0             12            12            12            6             4             4             30            10            10            10            20            14            14            10            10            
A1<9,7>       36            30            32            8             28            44            44            30            30            32            36            12            38            38            44            30            28            8             8             8             14            32            32            38            18            18            18            0             12            12            38            38            
A2<9,8>       18            12            14            10            10            26            26            12            12            14            18            14            20            20            26            12            10            10            10            10            16            14            14            20            0             0             0             18            14            14            20            20            
A3<2,1>       0             30            12            20            8             44            44            30            30            12            0             22            18            18            44            30            8             20            20            20            14            12            12            38            18            18            18            28            22            22            18            18            
A4<2,3>       8             26            0             16            4             40            40            26            26            0             8             18            6             6             40            26            4             16            16            16            10            0             0             34            14            14            14            24            18            18            6             6             
A5<3,1>       0             30            12            20            8             44            44            30            30            12            0             22            18            18            44            30            8             20            20            20            14            12            12            38            18            18            18            28            22            22            18            18            
A6<1,4>       12            22            4             12            0             36            36            22            22            4             12            14            10            10            36            22            0             12            12            12            6             4             4             30            10            10            10            20            14            14            10            10            
A7<11,7>      36            30            32            8             28            44            44            30            30            32            36            12            38            38            44            30            28            8             8             8             14            32            32            38            18            18            18            0             12            12            38            38            
A8<12,5>      34            28            30            6             26            42            42            28            28            30            34            8             36            36            42            28            26            6             6             6             0             30            30            36            16            16            16            14            8             8             36            36            
A9<13,12>     14            32            6             12            10            46            46            32            32            6             14            14            0             12            46            32            10            12            12            12            6             6             6             40            20            20            20            20            14            14            0             12            
E1<9,10>      32            26            28            24            24            6             6             26            26            28            32            28            34            34            6             26            24            24            24            24            30            28            28            0             14            14            14            16            28            28            34            34            
E2<2,8>       18            12            14            10            10            26            26            12            12            14            18            14            20            20            26            12            10            10            10            10            16            14            14            20            0             0             0             18            14            14            20            20            
E3<4,8>       18            12            14            10            10            26            26            12            12            14            18            14            20            20            26            12            10            10            10            10            16            14            14            20            0             0             0             18            14            14            20            20            
E4<6,8>       18            12            14            10            10            26            26            12            12            14            18            14            20            20            26            12            10            10            10            10            16            14            14            20            0             0             0             18            14            14            20            20            
E5<6,7>       36            30            32            8             28            44            44            30            30            32            36            12            38            38            44            30            28            8             8             8             14            32            32            38            18            18            18            0             12            12            38            38            
E6<6,11>      32            26            28            4             24            40            40            26            26            28            32            0             34            34            40            26            24            4             4             4             8             28            28            34            14            14            14            6             0             0             34            34            
E7<5,11>      32            26            28            4             24            40            40            26            26            28            32            0             34            34            40            26            24            4             4             4             8             28            28            34            14            14            14            6             0             0             34            34            
E8<3,12>      14            32            6             12            10            46            46            32            32            6             14            14            0             12            46            32            10            12            12            12            6             6             6             40            20            20            20            20            14            14            0             12            
E9<3,13>      14            32            6             22            10            46            46            32            32            6             14            24            10            0             46            32            10            22            22            22            16            6             6             40            20            20            20            30            24            24            10            0             
E1<10,9>      26            20            22            18            18            0             0             20            20            22            26            22            28            28            0             20            18            18            18            18            24            22            22            6             8             8             8             10            22            22            28            28            
E2<8,2>       6             0             12            22            14            14            14            0             0             12            6             26            18            10            14            0             14            22            22            22            20            12            12            8             12            12            12            24            26            26            18            10            
E3<8,4>       12            22            4             12            0             36            36            22            22            4             12            14            10            10            36            22            0             12            12            12            6             4             4             30            10            10            10            20            14            14            10            10            
E4<8,6>       28            22            24            0             20            36            36            22            22            24            28            4             30            30            36            22            20            0             0             0             6             24            24            30            10            10            10            8             4             4             30            30            
E5<7,6>       28            22            24            0             20            36            36            22            22            24            28            4             30            30            36            22            20            0             0             0             6             24            24            30            10            10            10            8             4             4             30            30            
E6<11,6>      28            22            24            0             20            36            36            22            22            24            28            4             30            30            36            22            20            0             0             0             6             24            24            30            10            10            10            8             4             4             30            30            
E7<11,5>      34            28            30            6             26            42            42            28            28            30            34            8             36            36            42            28            26            6             6             6             0             30            30            36            16            16            16            14            8             8             36            36            
E8<12,3>      8             26            0             16            4             40            40            26            26            0             8             18            6             6             40            26            4             16            16            16            10            0             0             34            14            14            14            24            18            18            6             6             
E9<13,3>      8             26            0             16            4             40            40            26            26            0             8             18            6             6             40            26            4             16            16            16            10            0             0             34            14            14            14            24            18            18            6             6             
