Data =>
	instName=TWs1
	optimalValue=-1
	vehicles=-1
	capacity=210
	depotNode=1
	nodes=140
	arcs=81
	edges=109
	requiredN=15
	requiredA=22
	requiredE=38
0		-1		-1		-1		-1		-1		-1		-1		-1		-1		-1		-1		-1		-1		-1		-1		-1		-1		-1		-1		-1		-1		-1		-1		-1		-1		-1		-1		-1		-1		-1		-1		-1		-1		-1		-1		-1		-1		-1		-1		-1		-1		-1		-1		-1		-1		-1		-1		-1		-1		-1		-1		-1		-1		-1		-1		-1		-1		-1		-1		-1		-1		-1		-1		-1		-1		-1		-1		-1		-1		-1		-1		-1		-1		-1		-1		-1		-1		-1		-1		-1		-1		-1		-1		-1		-1		-1		-1		-1		-1		-1		-1		-1		-1		-1		-1		-1		-1		-1		-1		-1		-1		-1		-1		-1		-1		-1		-1		-1		-1		-1		-1		-1		-1		-1		-1		-1		-1		-1		-1		-1		-1		-1		-1		-1		-1		-1		-1		-1		-1		-1		-1		-1		-1		-1		-1		-1		-1		-1		-1		-1		
-1		0		53		401		401		562		536		557		526		560		548		478		503		515		533		535		527		548		556		562		537		670		547		615		570		547		595		528		534		506		648		607		676		454		392		333		336		316		405		411		429		395		299		294		305		396		289		296		490		339		498		528		540		387		387		377		381		275		255		295		411		326		233		226		229		411		265		232		223		236		244		242		251		269		266		278		293		273		258		246		234		245		218		228		221		221		201		205		168		182		156		149		192		201		184		233		241		288		291		251		284		180		163		122		142		136		121		93		118		221		101		108		80		76		64		28		18		37		122		61		155		139		202		187		334		219		323		338		360		383		358		297		292		285		275		289		244		273		239		441		363		
-1		53		0		409		409		570		544		565		534		568		556		486		511		523		541		543		535		556		564		570		545		678		555		623		578		555		603		536		542		514		656		615		684		462		400		341		344		324		413		419		437		403		307		302		313		404		297		304		498		347		506		536		548		395		395		385		389		283		263		303		419		334		241		234		237		419		273		240		231		244		252		250		259		277		274		286		301		281		266		254		242		253		226		236		229		229		209		213		176		190		164		157		200		209		192		241		249		296		299		259		292		188		171		130		150		144		129		101		126		229		109		116		88		84		72		36		35		16		130		40		163		147		210		195		342		227		331		346		368		391		366		305		300		293		283		297		252		281		247		449		371		
-1		232		211		0		156		542		516		537		506		540		528		458		483		495		513		515		507		528		536		542		517		650		527		595		550		527		575		508		514		486		628		587		656		434		372		313		316		296		385		391		409		375		279		274		305		376		269		276		470		383		478		508		520		431		431		421		425		319		299		339		391		370		333		340		349		455		309		276		267		280		288		286		295		313		310		322		337		253		238		226		226		217		210		200		182		172		152		148		212		221		200		193		211		353		336		385		393		440		443		403		436		332		315		274		294		288		273		245		270		373		253		260		232		228		216		215		214		195		158		171		157		141		133		118		89		150		78		63		41		64		113		228		223		216		206		220		175		204		170		421		407		
-1		210		189		310		0		520		494		515		484		518		506		436		461		473		491		493		485		506		514		520		495		628		505		573		528		505		553		486		492		464		606		565		634		412		350		291		294		274		363		369		387		353		257		252		283		354		247		254		448		361		456		486		498		409		409		399		403		297		277		317		369		348		311		318		327		433		287		254		245		258		266		264		273		291		288		300		315		231		216		204		204		195		188		178		160		150		130		126		190		199		178		171		189		331		314		363		371		418		421		381		414		310		293		252		272		266		251		223		248		351		231		238		210		206		194		193		192		173		136		149		135		119		111		96		67		128		232		247		269		292		267		206		201		194		184		198		153		182		148		399		385		
-1		599		578		778		778		0		26		47		36		73		85		84		109		121		139		140		133		127		119		113		143		276		153		221		176		153		201		134		140		145		254		213		282		197		580		521		524		504		593		599		617		583		487		482		463		584		477		484		259		269		267		297		309		317		317		307		311		360		380		420		599		451		372		365		356		341		409		403		552		399		391		400		409		427		424		436		451		461		476		575		563		574		547		557		550		550		530		534		497		511		485		478		521		384		401		450		458		505		508		468		501		437		454		496		475		481		496		600		625		728		608		615		587		583		571		582		581		562		513		560		546		530		549		564		711		596		700		715		737		760		735		674		669		662		652		666		621		650		616		210		293		
-1		573		552		752		752		26		0		21		10		47		59		58		83		95		113		114		107		101		93		87		117		250		127		195		150		127		175		108		114		119		228		187		256		171		554		495		498		478		567		573		591		557		461		456		437		558		451		458		233		243		241		271		283		291		291		281		285		334		354		394		573		425		346		339		330		315		383		377		526		373		365		374		383		401		398		410		425		435		450		549		537		548		521		531		524		524		504		508		471		485		459		452		495		358		375		424		432		479		482		442		475		411		428		470		449		455		470		574		599		702		582		589		561		557		545		556		555		536		487		534		520		504		523		538		685		570		674		689		711		734		709		648		643		636		626		640		595		624		590		184		267		
-1		594		573		773		773		47		21		0		31		68		80		79		104		116		134		135		128		122		114		108		138		271		148		216		171		148		196		129		135		140		249		208		277		192		575		516		519		499		588		594		612		578		482		477		458		579		472		479		254		264		262		292		304		312		312		302		306		355		375		415		594		446		367		360		351		336		404		398		547		394		386		395		404		422		419		431		446		456		471		570		558		569		542		552		545		545		525		529		492		506		480		473		516		379		396		445		453		500		503		463		496		432		449		491		470		476		491		595		620		723		603		610		582		578		566		577		576		557		508		555		541		525		544		559		706		591		695		710		732		755		730		669		664		657		647		661		616		645		611		205		288		
-1		563		542		742		742		36		10		31		0		37		49		48		73		85		103		104		97		91		83		77		107		240		117		185		140		117		165		98		104		109		218		177		246		161		544		485		488		468		557		563		581		547		451		446		427		548		441		448		223		233		231		261		273		281		281		271		275		324		344		384		563		415		336		329		320		305		373		367		516		363		355		364		373		391		388		400		415		425		440		539		527		538		511		521		514		514		494		498		461		475		449		442		485		348		365		414		422		469		472		432		465		401		418		460		439		445		460		564		589		692		572		579		551		547		535		546		545		526		477		524		510		494		513		528		675		560		664		679		701		724		699		638		633		626		616		630		585		614		580		174		257		
-1		714		693		893		893		420		394		415		384		0		12		336		72		60		78		67		72		54		46		40		106		250		116		195		139		149		197		386		255		260		250		209		278		312		695		636		639		619		708		714		732		698		602		597		578		699		592		599		374		384		382		412		424		432		432		422		426		475		495		535		714		566		487		480		471		456		524		518		667		514		506		515		524		542		539		551		566		576		591		690		678		689		662		672		665		665		645		649		612		626		600		593		636		499		516		565		573		620		623		583		616		552		569		611		590		596		611		715		740		843		723		730		702		698		686		697		696		677		628		675		661		645		664		679		826		711		815		830		852		875		850		789		784		777		767		781		736		765		731		325		408		
-1		702		681		881		881		408		382		403		372		12		0		324		60		48		66		55		60		42		34		28		94		238		104		183		127		137		185		374		243		248		238		197		266		300		683		624		627		607		696		702		720		686		590		585		566		687		580		587		362		372		370		400		412		420		420		410		414		463		483		523		702		554		475		468		459		444		512		506		655		502		494		503		512		530		527		539		554		564		579		678		666		677		650		660		653		653		633		637		600		614		588		581		624		487		504		553		561		608		611		571		604		540		557		599		578		584		599		703		728		831		711		718		690		686		674		685		684		665		616		663		649		633		652		667		814		699		803		818		840		863		838		777		772		765		755		769		724		753		719		313		396		
-1		515		494		694		694		84		58		79		48		82		70		0		25		37		55		57		49		70		78		84		59		192		69		137		92		69		117		50		56		61		170		129		198		113		496		437		440		420		509		515		533		499		403		398		379		500		393		400		175		185		183		213		225		233		233		223		227		276		296		336		515		367		288		281		272		257		325		319		468		315		307		316		325		343		340		352		367		377		392		491		479		490		463		473		466		466		446		450		413		427		401		394		437		300		317		366		374		421		424		384		417		353		370		412		391		397		412		516		541		644		524		531		503		499		487		498		497		478		429		476		462		446		465		480		627		512		616		631		653		676		651		590		585		578		568		582		537		566		532		126		209		
-1		642		621		821		821		348		322		343		312		57		45		264		0		12		30		32		24		45		53		59		34		178		44		123		67		77		125		314		183		188		178		137		206		240		623		564		567		547		636		642		660		626		530		525		506		627		520		527		302		312		310		340		352		360		360		350		354		403		423		463		642		494		415		408		399		384		452		446		595		442		434		443		452		470		467		479		494		504		519		618		606		617		590		600		593		593		573		577		540		554		528		521		564		427		444		493		501		548		551		511		544		480		497		539		518		524		539		643		668		771		651		658		630		626		614		625		624		605		556		603		589		573		592		607		754		639		743		758		780		803		778		717		712		705		695		709		664		693		659		253		336		
-1		654		633		833		833		360		334		355		324		45		33		276		12		0		18		20		12		33		41		47		46		190		56		135		79		89		137		326		195		200		190		149		218		252		635		576		579		559		648		654		672		638		542		537		518		639		532		539		314		324		322		352		364		372		372		362		366		415		435		475		654		506		427		420		411		396		464		458		607		454		446		455		464		482		479		491		506		516		531		630		618		629		602		612		605		605		585		589		552		566		540		533		576		439		456		505		513		560		563		523		556		492		509		551		530		536		551		655		680		783		663		670		642		638		626		637		636		617		568		615		601		585		604		619		766		651		755		770		792		815		790		729		724		717		707		721		676		705		671		265		348		
-1		672		651		851		851		378		352		373		342		63		51		294		30		18		0		38		30		51		59		65		64		208		74		153		97		107		155		344		213		218		208		167		236		270		653		594		597		577		666		672		690		656		560		555		536		657		550		557		332		342		340		370		382		390		390		380		384		433		453		493		672		524		445		438		429		414		482		476		625		472		464		473		482		500		497		509		524		534		549		648		636		647		620		630		623		623		603		607		570		584		558		551		594		457		474		523		531		578		581		541		574		510		527		569		548		554		569		673		698		801		681		688		660		656		644		655		654		635		586		633		619		603		622		637		784		669		773		788		810		833		808		747		742		735		725		739		694		723		689		283		366		
-1		673		652		852		852		379		353		374		343		25		13		295		31		19		37		0		8		13		21		27		65		209		75		154		98		108		156		345		214		219		209		168		237		271		654		595		598		578		667		673		691		657		561		556		537		658		551		558		333		343		341		371		383		391		391		381		385		434		454		494		673		525		446		439		430		415		483		477		626		473		465		474		483		501		498		510		525		535		550		649		637		648		621		631		624		624		604		608		571		585		559		552		595		458		475		524		532		579		582		542		575		511		528		570		549		555		570		674		699		802		682		689		661		657		645		656		655		636		587		634		620		604		623		638		785		670		774		789		811		834		809		748		743		736		726		740		695		724		690		284		367		
-1		666		645		845		845		372		346		367		336		33		21		288		24		12		30		8		0		21		29		35		58		202		68		147		91		101		149		338		207		212		202		161		230		264		647		588		591		571		660		666		684		650		554		549		530		651		544		551		326		336		334		364		376		384		384		374		378		427		447		487		666		518		439		432		423		408		476		470		619		466		458		467		476		494		491		503		518		528		543		642		630		641		614		624		617		617		597		601		564		578		552		545		588		451		468		517		525		572		575		535		568		504		521		563		542		548		563		667		692		795		675		682		654		650		638		649		648		629		580		627		613		597		616		631		778		663		767		782		804		827		802		741		736		729		719		733		688		717		683		277		360		
-1		660		639		839		839		366		340		361		330		38		26		282		18		6		24		13		18		0		8		14		52		196		62		141		85		95		143		332		201		206		196		155		224		258		641		582		585		565		654		660		678		644		548		543		524		645		538		545		320		330		328		358		370		378		378		368		372		421		441		481		660		512		433		426		417		402		470		464		613		460		452		461		470		488		485		497		512		522		537		636		624		635		608		618		611		611		591		595		558		572		546		539		582		445		462		511		519		566		569		529		562		498		515		557		536		542		557		661		686		789		669		676		648		644		632		643		642		623		574		621		607		591		610		625		772		657		761		776		798		821		796		735		730		723		713		727		682		711		677		271		354		
-1		668		647		847		847		374		348		369		338		46		34		290		26		14		32		21		26		8		0		6		60		204		70		149		93		103		151		340		209		214		204		163		232		266		649		590		593		573		662		668		686		652		556		551		532		653		546		553		328		338		336		366		378		386		386		376		380		429		449		489		668		520		441		434		425		410		478		472		621		468		460		469		478		496		493		505		520		530		545		644		632		643		616		626		619		619		599		603		566		580		554		547		590		453		470		519		527		574		577		537		570		506		523		565		544		550		565		669		694		797		677		684		656		652		640		651		650		631		582		629		615		599		618		633		780		665		769		784		806		829		804		743		738		731		721		735		690		719		685		279		362		
-1		674		653		853		853		380		354		375		344		52		40		296		32		20		38		27		32		14		6		0		66		210		76		155		99		109		157		346		215		220		210		169		238		272		655		596		599		579		668		674		692		658		562		557		538		659		552		559		334		344		342		372		384		392		392		382		386		435		455		495		674		526		447		440		431		416		484		478		627		474		466		475		484		502		499		511		526		536		551		650		638		649		622		632		625		625		605		609		572		586		560		553		596		459		476		525		533		580		583		543		576		512		529		571		550		556		571		675		700		803		683		690		662		658		646		657		656		637		588		635		621		605		624		639		786		671		775		790		812		835		810		749		744		737		727		741		696		725		691		285		368		
-1		608		587		787		787		314		288		309		278		312		300		230		255		267		285		287		279		300		308		314		0		144		10		89		33		43		91		280		149		154		144		103		172		206		589		530		533		513		602		608		626		592		496		491		472		593		486		493		268		278		276		306		318		326		326		316		320		369		389		429		608		460		381		374		365		350		418		412		561		408		400		409		418		436		433		445		460		470		485		584		572		583		556		566		559		559		539		543		506		520		494		487		530		393		410		459		467		514		517		477		510		446		463		505		484		490		505		609		634		737		617		624		596		592		580		591		590		571		522		569		555		539		558		573		720		605		709		724		746		769		744		683		678		671		661		675		630		659		625		219		302		
-1		666		645		845		845		372		346		367		336		370		358		288		313		325		343		345		337		358		366		372		58		0		68		147		91		101		149		338		207		212		202		161		230		264		647		588		591		571		660		666		684		650		554		549		530		651		544		551		326		336		334		364		376		384		384		374		378		427		447		487		666		518		439		432		423		408		476		470		619		466		458		467		476		494		491		503		518		528		543		642		630		641		614		624		617		617		597		601		564		578		552		545		588		451		468		517		525		572		575		535		568		504		521		563		542		548		563		667		692		795		675		682		654		650		638		649		648		629		580		627		613		597		616		631		778		663		767		782		804		827		802		741		736		729		719		733		688		717		683		277		360		
-1		618		597		797		797		324		298		319		288		322		310		240		265		277		295		297		289		310		318		324		10		154		0		99		43		53		101		290		159		164		154		113		182		216		599		540		543		523		612		618		636		602		506		501		482		603		496		503		278		288		286		316		328		336		336		326		330		379		399		439		618		470		391		384		375		360		428		422		571		418		410		419		428		446		443		455		470		480		495		594		582		593		566		576		569		569		549		553		516		530		504		497		540		403		420		469		477		524		527		487		520		456		473		515		494		500		515		619		644		747		627		634		606		602		590		601		600		581		532		579		565		549		568		583		730		615		719		734		756		779		754		693		688		681		671		685		640		669		635		229		312		
-1		537		516		716		716		243		217		238		207		241		229		159		184		196		214		216		208		229		237		243		89		55		99		0		56		66		20		209		78		83		73		32		101		135		518		459		462		442		531		537		555		521		425		420		401		522		415		422		197		207		205		235		247		255		255		245		249		298		318		358		537		389		310		303		294		279		347		341		490		337		329		338		347		365		362		374		389		399		414		513		501		512		485		495		488		488		468		472		435		449		423		416		459		322		339		388		396		443		446		406		439		375		392		434		413		419		434		538		563		666		546		553		525		521		509		520		519		500		451		498		484		468		487		502		649		534		638		653		675		698		673		612		607		600		590		604		559		588		554		148		231		
-1		575		554		754		754		281		255		276		245		279		267		197		222		234		252		254		246		267		275		281		33		111		43		56		0		10		58		247		116		121		111		70		139		173		556		497		500		480		569		575		593		559		463		458		439		560		453		460		235		245		243		273		285		293		293		283		287		336		356		396		575		427		348		341		332		317		385		379		528		375		367		376		385		403		400		412		427		437		452		551		539		550		523		533		526		526		506		510		473		487		461		454		497		360		377		426		434		481		484		444		477		413		430		472		451		457		472		576		601		704		584		591		563		559		547		558		557		538		489		536		522		506		525		540		687		572		676		691		713		736		711		650		645		638		628		642		597		626		592		186		269		
-1		565		544		744		744		271		245		266		235		269		257		187		212		224		242		244		236		257		265		271		157		123		167		68		124		0		48		237		106		111		101		60		129		163		546		487		490		470		559		565		583		549		453		448		429		550		443		450		225		235		233		263		275		283		283		273		277		326		346		386		565		417		338		331		322		307		375		369		518		365		357		366		375		393		390		402		417		427		442		541		529		540		513		523		516		516		496		500		463		477		451		444		487		350		367		416		424		471		474		434		467		403		420		462		441		447		462		566		591		694		574		581		553		549		537		548		547		528		479		526		512		496		515		530		677		562		666		681		703		726		701		640		635		628		618		632		587		616		582		176		259		
-1		517		496		696		696		223		197		218		187		221		209		139		164		176		194		196		188		209		217		223		109		75		119		20		76		86		0		189		58		63		53		12		81		115		498		439		442		422		511		517		535		501		405		400		381		502		395		402		177		187		185		215		227		235		235		225		229		278		298		338		517		369		290		283		274		259		327		321		470		317		309		318		327		345		342		354		369		379		394		493		481		492		465		475		468		468		448		452		415		429		403		396		439		302		319		368		376		423		426		386		419		355		372		414		393		399		414		518		543		646		526		533		505		501		489		500		499		480		431		478		464		448		467		482		629		514		618		633		655		678		653		592		587		580		570		584		539		568		534		128		211		
-1		465		444		644		644		134		108		129		98		132		120		50		75		87		105		107		99		120		128		134		109		142		119		87		142		19		67		0		6		11		120		79		148		63		446		387		390		370		459		465		483		449		353		348		329		450		343		350		125		135		133		163		175		183		183		173		177		226		246		286		465		317		238		231		222		207		275		269		418		265		257		266		275		293		290		302		317		327		342		441		429		440		413		423		416		416		396		400		363		377		351		344		387		250		267		316		324		371		374		334		367		303		320		362		341		347		362		466		491		594		474		481		453		449		437		448		447		428		379		426		412		396		415		430		577		462		566		581		603		626		601		540		535		528		518		532		487		516		482		76		159		
-1		459		438		638		638		165		139		160		129		163		151		81		106		118		136		138		130		151		159		165		140		273		150		218		173		150		198		131		0		5		251		210		279		57		440		381		384		364		453		459		477		443		347		342		323		444		337		344		119		129		127		157		169		177		177		167		171		220		240		280		459		311		232		225		216		201		269		263		412		259		251		260		269		287		284		296		311		321		336		435		423		434		407		417		410		410		390		394		357		371		345		338		381		244		261		310		318		365		368		328		361		297		314		356		335		341		356		460		485		588		468		475		447		443		431		442		441		422		373		420		406		390		409		424		571		456		560		575		597		620		595		534		529		522		512		526		481		510		476		70		153		
-1		454		433		633		633		160		134		155		124		158		146		76		101		113		131		133		125		146		154		160		135		268		145		213		168		145		193		126		132		0		246		205		274		52		435		376		379		359		448		454		472		438		342		337		318		439		332		339		114		124		122		152		164		172		172		162		166		215		235		275		454		306		227		220		211		196		264		258		407		254		246		255		264		282		279		291		306		316		331		430		418		429		402		412		405		405		385		389		352		366		340		333		376		239		256		305		313		360		363		323		356		292		309		351		330		336		351		455		480		583		463		470		442		438		426		437		436		417		368		415		401		385		404		419		566		451		555		570		592		615		590		529		524		517		507		521		476		505		471		65		148		
-1		464		443		643		643		170		144		165		134		168		156		86		111		123		141		143		135		156		164		170		145		278		155		223		178		155		203		136		5		10		0		215		28		62		445		386		389		369		458		464		482		448		352		347		328		449		342		349		124		134		132		162		174		182		182		172		176		225		245		285		464		316		237		230		221		206		274		268		417		264		256		265		274		292		289		301		316		326		341		440		428		439		412		422		415		415		395		399		362		376		350		343		386		249		266		315		323		370		373		333		366		302		319		361		340		346		361		465		490		593		473		480		452		448		436		447		446		427		378		425		411		395		414		429		576		461		565		580		602		625		600		539		534		527		517		531		486		515		481		75		158		
-1		505		484		684		684		211		185		206		175		209		197		127		152		164		182		184		176		197		205		211		186		319		196		264		219		196		244		177		46		51		41		0		69		103		486		427		430		410		499		505		523		489		393		388		369		490		383		390		165		175		173		203		215		223		223		213		217		266		286		326		505		357		278		271		262		247		315		309		458		305		297		306		315		333		330		342		357		367		382		481		469		480		453		463		456		456		436		440		403		417		391		384		427		290		307		356		364		411		414		374		407		343		360		402		381		387		402		506		531		634		514		521		493		489		477		488		487		468		419		466		452		436		455		470		617		502		606		621		643		666		641		580		575		568		558		572		527		556		522		116		199		
-1		492		471		671		671		198		172		193		162		196		184		114		139		151		169		171		163		184		192		198		173		306		183		251		206		183		231		164		33		38		28		243		0		90		473		414		417		397		486		492		510		476		380		375		356		477		370		377		152		162		160		190		202		210		210		200		204		253		273		313		492		344		265		258		249		234		302		296		445		292		284		293		302		320		317		329		344		354		369		468		456		467		440		450		443		443		423		427		390		404		378		371		414		277		294		343		351		398		401		361		394		330		347		389		368		374		389		493		518		621		501		508		480		476		464		475		474		455		406		453		439		423		442		457		604		489		593		608		630		653		628		567		562		555		545		559		514		543		509		103		186		
-1		402		381		581		581		108		82		103		72		106		94		24		49		61		79		81		73		94		102		108		83		216		93		161		116		93		141		74		80		52		194		153		222		0		383		324		327		307		396		402		420		386		290		285		266		387		280		287		62		72		70		100		112		120		120		110		114		163		183		223		402		254		175		168		159		144		212		206		355		202		194		203		212		230		227		239		254		264		279		378		366		377		350		360		353		353		333		337		300		314		288		281		324		187		204		253		261		308		311		271		304		240		257		299		278		284		299		403		428		531		411		418		390		386		374		385		384		365		316		363		349		333		352		367		514		399		503		518		540		563		538		477		472		465		455		469		424		453		419		13		96		
-1		397		376		576		576		170		144		165		134		168		156		86		111		123		141		143		135		156		164		170		145		278		155		223		178		155		203		136		142		114		256		215		284		62		0		88		91		71		170		176		194		160		54		49		18		4		54		61		98		67		106		136		148		115		115		105		109		158		178		37		19		54		170		163		154		139		207		179		350		175		178		169		72		54		59		133		86		96		111		373		361		372		345		355		348		348		328		332		295		309		283		276		319		182		199		248		256		303		306		266		299		235		252		294		273		279		294		398		423		526		406		413		385		381		369		380		379		360		311		358		344		328		347		362		509		394		498		513		535		558		533		472		467		460		450		464		419		448		414		49		91		
-1		448		427		627		627		229		203		224		193		227		215		145		170		182		200		202		194		215		223		229		204		337		214		282		237		214		262		195		201		173		315		274		343		121		59		0		4		17		154		160		178		144		38		33		64		63		38		45		157		126		165		195		207		174		174		164		168		217		235		96		78		113		229		222		213		198		258		225		401		221		224		215		118		100		105		179		132		142		157		424		412		423		396		406		399		399		379		383		346		360		334		327		370		241		258		307		315		362		365		325		358		286		303		345		324		330		345		449		474		577		457		464		436		432		420		431		430		411		362		409		395		379		398		413		560		445		549		564		586		609		584		523		518		511		501		515		470		499		465		108		150		
-1		451		430		630		630		233		207		228		197		231		219		149		174		186		204		206		198		219		227		233		208		341		218		286		241		218		266		199		205		177		319		278		347		125		63		4		0		20		157		163		181		147		41		36		67		67		41		48		161		130		169		199		211		178		178		168		172		221		238		100		82		117		233		226		217		202		261		228		404		224		227		218		121		103		108		182		135		145		160		427		415		426		399		409		402		402		382		386		349		363		337		330		373		245		262		311		319		366		369		329		362		289		306		348		327		333		348		452		477		580		460		467		439		435		423		434		433		414		365		412		398		382		401		416		563		448		552		567		589		612		587		526		521		514		504		518		473		502		468		112		154		
-1		431		410		610		610		246		220		241		210		244		232		162		187		199		217		219		211		232		240		246		221		354		231		299		254		231		279		212		218		190		332		291		360		138		76		17		20		0		137		143		161		127		21		16		47		80		21		28		174		143		182		212		224		191		191		181		185		234		218		113		95		130		246		239		230		215		241		208		384		204		207		198		101		83		88		162		115		125		140		407		395		406		379		389		382		382		362		366		329		343		317		310		353		258		273		322		330		377		380		340		373		269		286		328		307		313		328		432		457		560		440		447		419		415		403		414		413		394		345		392		378		362		381		396		543		428		532		547		569		592		567		506		501		494		484		498		453		482		448		125		167		
-1		476		455		655		655		258		232		253		222		256		244		174		199		211		229		231		223		244		252		258		233		366		243		311		266		243		291		224		230		202		344		303		372		150		88		29		25		45		0		6		24		10		66		61		92		92		66		73		186		155		194		224		236		203		203		193		197		246		263		125		107		142		258		251		242		227		286		253		429		249		252		243		146		128		133		207		160		170		185		452		440		451		424		434		427		427		407		411		374		388		362		355		398		270		287		336		344		391		394		354		387		314		331		373		352		358		373		477		502		605		485		492		464		460		448		459		458		439		390		437		423		407		426		441		588		473		577		592		614		637		612		551		546		539		529		543		498		527		493		137		179		
-1		482		461		661		661		264		238		259		228		262		250		180		205		217		235		237		229		250		258		264		239		372		249		317		272		249		297		230		236		208		350		309		378		156		94		35		31		51		6		0		18		16		72		67		98		98		72		79		192		161		200		230		242		209		209		199		203		252		269		131		113		148		264		257		248		233		292		259		435		255		258		249		152		134		139		213		166		176		191		458		446		457		430		440		433		433		413		417		380		394		368		361		404		276		293		342		350		397		400		360		393		320		337		379		358		364		379		483		508		611		491		498		470		466		454		465		464		445		396		443		429		413		432		447		594		479		583		598		620		643		618		557		552		545		535		549		504		533		499		143		185		
-1		498		477		677		677		280		254		275		244		278		266		196		221		233		251		253		245		266		274		280		255		388		265		333		288		265		313		246		252		224		366		325		394		172		110		51		47		67		22		28		0		12		88		83		114		114		88		95		208		177		216		246		258		225		225		215		219		268		285		147		129		164		280		273		264		249		308		275		451		271		274		265		168		150		155		229		182		192		207		474		462		473		446		456		449		449		429		433		396		410		384		377		420		292		309		358		366		413		416		376		409		336		353		395		374		380		395		499		524		627		507		514		486		482		470		481		480		461		412		459		445		429		448		463		610		495		599		614		636		659		634		573		568		561		551		565		520		549		515		159		201		
-1		486		465		665		665		268		242		263		232		266		254		184		209		221		239		241		233		254		262		268		243		376		253		321		276		253		301		234		240		212		354		313		382		160		98		39		35		55		10		16		34		0		76		71		102		102		76		83		196		165		204		234		246		213		213		203		207		256		273		135		117		152		268		261		252		237		296		263		439		259		262		253		156		138		143		217		170		180		195		462		450		461		434		444		437		437		417		421		384		398		372		365		408		280		297		346		354		401		404		364		397		324		341		383		362		368		383		487		512		615		495		502		474		470		458		469		468		449		400		447		433		417		436		451		598		483		587		602		624		647		622		561		556		549		539		553		508		537		503		147		189		
-1		420		399		599		599		263		237		258		227		261		249		179		204		216		234		236		228		249		257		263		238		371		248		316		271		248		296		229		235		207		349		308		377		155		93		34		37		17		126		132		150		116		0		5		36		97		10		17		191		160		199		229		241		208		208		198		202		227		207		130		112		147		241		248		247		232		230		197		373		193		196		187		90		72		77		151		104		114		129		396		384		395		368		378		371		371		351		355		318		332		306		299		342		273		262		311		319		366		369		329		362		258		275		317		296		302		317		421		446		549		429		436		408		404		392		403		402		383		334		381		367		351		370		385		532		417		521		536		558		581		556		495		490		483		473		487		442		471		437		142		184		
-1		415		394		594		594		268		242		263		232		266		254		184		209		221		239		241		233		254		262		268		243		376		253		321		276		253		301		234		240		212		354		313		382		160		98		39		42		22		121		127		145		111		5		0		31		102		5		12		196		165		204		234		246		213		213		203		207		222		202		135		117		152		236		243		252		237		225		192		368		188		191		182		85		67		72		146		99		109		124		391		379		390		363		373		366		366		346		350		313		327		301		294		337		268		257		306		314		361		364		324		357		253		270		312		291		297		312		416		441		544		424		431		403		399		387		398		397		378		329		376		362		346		365		380		527		412		516		531		553		576		551		490		485		478		468		482		437		466		432		147		189		
-1		384		363		563		563		299		273		294		263		297		285		215		240		252		270		272		264		285		293		299		274		407		284		352		307		284		332		265		271		243		385		344		413		191		129		70		73		53		152		158		176		142		36		31		0		133		36		43		227		196		235		265		277		244		244		234		238		191		171		166		148		183		205		212		221		268		194		161		337		157		160		151		54		36		41		115		68		78		93		360		348		359		332		342		335		335		315		319		282		296		270		263		306		237		226		275		283		330		333		293		326		222		239		281		260		266		281		385		410		513		393		400		372		368		356		367		366		347		298		345		331		315		334		349		496		381		485		500		522		545		520		459		454		447		437		451		406		435		401		178		220		
-1		393		372		572		572		174		148		169		138		172		160		90		115		127		145		147		139		160		168		174		149		282		159		227		182		159		207		140		146		118		260		219		288		66		4		84		87		67		166		172		190		156		50		45		14		0		50		57		102		63		110		140		152		111		111		101		105		154		174		33		15		50		166		159		150		135		203		175		346		171		174		165		68		50		55		129		82		92		107		369		357		368		341		351		344		344		324		328		291		305		279		272		315		178		195		244		252		299		302		262		295		231		248		290		269		275		290		394		419		522		402		409		381		377		365		376		375		356		307		354		340		324		343		358		505		390		494		509		531		554		529		468		463		456		446		460		415		444		410		53		87		
-1		420		399		599		599		273		247		268		237		271		259		189		214		226		244		246		238		259		267		273		248		381		258		326		281		258		306		239		245		217		359		318		387		165		103		44		47		27		116		122		140		106		10		5		36		107		0		7		201		170		209		239		251		218		218		208		212		227		207		140		122		157		241		248		257		242		230		197		373		193		196		187		90		72		77		151		104		114		129		396		384		395		368		378		371		371		351		355		318		332		306		299		342		273		262		311		319		366		369		329		362		258		275		317		296		302		317		421		446		549		429		436		408		404		392		403		402		383		334		381		367		351		370		385		532		417		521		536		558		581		556		495		490		483		473		487		442		471		437		152		194		
-1		424		403		603		603		267		241		262		231		265		253		183		208		220		238		240		232		253		261		267		242		375		252		320		275		252		300		233		239		211		353		312		381		159		97		38		41		21		109		115		133		99		4		9		40		101		14		0		195		164		203		233		245		212		212		202		206		231		211		134		116		151		245		252		251		236		234		201		377		197		200		191		94		76		81		155		108		118		133		400		388		399		372		382		375		375		355		359		322		336		310		303		346		277		266		315		323		370		373		333		366		262		279		321		300		306		321		425		450		553		433		440		412		408		396		407		406		387		338		385		371		355		374		389		536		421		525		540		562		585		560		499		494		487		477		491		446		475		441		146		188		
-1		340		319		519		519		491		465		486		455		489		477		407		432		444		462		464		456		477		485		491		466		599		476		544		499		476		524		457		463		435		577		536		605		383		321		262		265		245		334		340		358		324		228		223		204		325		218		225		0		10		8		38		50		58		58		48		52		101		121		161		340		192		113		106		97		82		150		144		293		140		132		141		150		168		165		177		192		202		217		316		304		315		288		298		291		291		271		275		238		252		226		219		262		125		142		191		199		246		249		209		242		178		195		237		216		222		237		341		366		469		349		356		328		324		312		323		322		303		254		301		287		271		290		305		452		337		441		456		478		501		476		415		410		403		393		407		362		391		357		370		34		
-1		330		309		509		509		481		455		476		445		479		467		397		422		434		452		454		446		467		475		481		456		589		466		534		489		466		514		447		453		425		567		526		595		373		311		252		255		235		324		330		348		314		218		213		194		315		208		215		409		0		417		447		459		48		48		38		42		91		111		151		330		182		103		96		87		72		140		134		283		130		122		131		140		158		155		167		182		192		207		306		294		305		278		288		281		281		261		265		228		242		216		209		252		115		132		181		189		236		239		199		232		168		185		227		206		212		227		331		356		459		339		346		318		314		302		313		312		293		244		291		277		261		280		295		442		327		431		446		468		491		466		405		400		393		383		397		352		381		347		360		24		
-1		348		327		527		527		499		473		494		463		497		485		415		440		452		470		472		464		485		493		499		474		607		484		552		507		484		532		465		471		443		585		544		613		391		329		270		273		253		342		348		366		332		236		231		212		333		226		233		8		18		0		30		42		54		66		56		60		109		129		169		348		200		121		114		105		90		158		152		301		148		140		149		158		176		173		185		200		210		225		324		312		323		296		306		299		299		279		283		246		260		234		227		270		133		150		199		207		254		257		217		250		186		203		245		224		230		245		349		374		477		357		364		336		332		320		331		330		311		262		309		295		279		298		313		460		345		449		464		486		509		484		423		418		411		401		415		370		399		365		378		42		
-1		354		333		533		533		505		479		500		469		503		491		421		446		458		476		478		470		491		499		505		480		613		490		558		513		490		538		471		477		449		591		550		619		397		335		276		279		259		348		354		372		338		242		237		218		339		232		239		38		48		30		0		12		24		72		62		66		115		135		175		354		206		127		120		111		96		164		158		307		154		146		155		164		182		179		191		206		216		231		330		318		329		302		312		305		305		285		289		252		266		240		233		276		139		156		205		213		260		263		223		256		192		209		251		230		236		251		355		380		483		363		370		342		338		326		337		336		317		268		315		301		285		304		319		466		351		455		470		492		515		490		429		424		417		407		421		376		405		371		384		48		
-1		342		321		521		521		493		467		488		457		491		479		409		434		446		464		466		458		479		487		493		468		601		478		546		501		478		526		459		465		437		579		538		607		385		323		264		267		247		336		342		360		326		230		225		206		327		220		227		421		60		429		459		0		12		60		50		54		103		123		163		342		194		115		108		99		84		152		146		295		142		134		143		152		170		167		179		194		204		219		318		306		317		290		300		293		293		273		277		240		254		228		221		264		127		144		193		201		248		251		211		244		180		197		239		218		224		239		343		368		471		351		358		330		326		314		325		324		305		256		303		289		273		292		307		454		339		443		458		480		503		478		417		412		405		395		409		364		393		359		372		36		
-1		330		309		509		509		481		455		476		445		479		467		397		422		434		452		454		446		467		475		481		456		589		466		534		489		466		514		447		453		425		567		526		595		373		311		252		255		235		324		330		348		314		218		213		194		315		208		215		409		48		417		447		459		0		48		38		42		91		111		151		330		182		103		96		87		72		140		134		283		130		122		131		140		158		155		167		182		192		207		306		294		305		278		288		281		281		261		265		228		242		216		209		252		115		132		181		189		236		239		199		232		168		185		227		206		212		227		331		356		459		339		346		318		314		302		313		312		293		244		291		277		261		280		295		442		327		431		446		468		491		466		405		400		393		383		397		352		381		347		360		24		
-1		302		281		481		481		453		427		448		417		451		439		369		394		406		424		426		418		439		447		453		428		561		438		506		461		438		486		419		425		397		539		498		567		345		283		224		227		207		296		302		320		286		190		185		166		287		180		187		381		42		389		419		431		42		0		10		14		63		83		123		302		154		75		68		59		44		112		106		255		102		94		103		112		130		127		139		154		164		179		278		266		277		250		260		253		253		233		237		200		214		188		181		224		87		104		153		161		208		211		171		204		140		157		199		178		184		199		303		328		431		311		318		290		286		274		285		284		265		216		263		249		233		252		267		414		299		403		418		440		463		438		377		372		365		355		369		324		353		319		332		18		
-1		292		271		471		471		443		417		438		407		441		429		359		384		396		414		416		408		429		437		443		418		551		428		496		451		428		476		409		415		387		529		488		557		335		273		214		217		197		286		292		310		276		180		175		156		277		170		177		371		52		379		409		421		52		10		0		4		53		73		113		292		144		65		58		49		34		102		96		245		92		84		93		102		120		117		129		144		154		169		268		256		267		240		250		243		243		223		227		190		204		178		171		214		77		94		143		151		198		201		161		194		130		147		189		168		174		189		293		318		421		301		308		280		276		264		275		274		255		206		253		239		223		242		257		404		289		393		408		430		453		428		367		362		355		345		359		314		343		309		322		28		
-1		288		267		467		467		439		413		434		403		437		425		355		380		392		410		412		404		425		433		439		414		547		424		492		447		424		472		405		411		383		525		484		553		331		269		210		213		193		282		288		306		272		176		171		152		273		166		173		367		56		375		405		417		56		14		4		0		49		69		109		288		140		61		54		45		30		98		92		241		88		80		89		98		116		113		125		140		150		165		264		252		263		236		246		239		239		219		223		186		200		174		167		210		73		90		139		147		194		197		157		190		126		143		185		164		170		185		289		314		417		297		304		276		272		260		271		270		251		202		249		235		219		238		253		400		285		389		404		426		449		424		363		358		351		341		355		310		339		305		318		32		
-1		241		220		420		420		390		364		385		354		388		376		306		331		343		361		363		355		376		384		390		365		498		375		443		398		375		423		356		362		334		476		435		504		282		220		161		164		144		233		239		257		223		127		122		103		224		117		124		318		104		326		356		368		152		152		142		146		0		20		60		239		91		14		21		30		176		51		43		194		39		31		40		49		67		64		76		91		101		116		217		205		216		189		199		192		192		172		176		139		153		127		120		163		46		63		112		120		167		170		130		163		79		96		138		117		123		138		242		267		370		250		257		229		225		213		224		223		204		155		202		188		172		191		206		353		238		342		357		379		402		377		316		311		304		294		308		263		292		258		269		128		
-1		246		225		425		425		370		344		365		334		368		356		286		311		323		341		343		335		356		364		370		345		478		355		423		378		355		403		336		342		314		456		415		484		262		200		141		144		124		213		219		237		203		107		102		83		204		97		104		298		84		306		336		348		132		132		122		126		20		0		40		219		71		34		41		50		156		56		23		199		19		11		20		29		47		44		56		71		81		96		222		210		221		194		204		197		197		177		181		144		158		132		125		168		66		83		132		140		187		190		150		183		84		101		143		122		128		143		247		272		375		255		262		234		230		218		229		228		209		160		207		193		177		196		211		358		243		347		362		384		407		382		321		316		309		299		313		268		297		263		249		108		
-1		374		353		553		553		525		499		520		489		523		511		441		466		478		496		498		490		511		519		525		500		633		510		578		533		510		558		491		497		469		611		570		639		417		355		296		299		279		368		374		392		358		262		257		238		359		252		259		453		44		461		491		503		92		92		82		86		135		155		0		374		31		147		140		131		116		184		178		327		174		166		175		184		202		199		211		226		236		251		350		338		349		322		332		325		325		305		309		272		286		260		253		296		159		176		225		233		280		283		243		276		212		229		271		250		256		271		375		400		503		383		390		362		358		346		357		356		337		288		335		321		305		324		339		486		371		475		490		512		535		510		449		444		437		427		441		396		425		391		404		68		
-1		378		357		557		557		189		163		184		153		187		175		105		130		142		160		162		154		175		183		189		164		297		174		242		197		174		222		155		161		133		275		234		303		81		19		99		102		82		181		187		205		171		65		60		29		15		65		72		117		48		125		155		167		96		96		86		90		139		159		18		0		35		151		144		135		120		188		182		331		178		170		179		83		65		70		144		97		107		122		354		342		353		326		336		329		329		309		313		276		290		264		257		300		163		180		229		237		284		287		247		280		216		233		275		254		260		275		379		404		507		387		394		366		362		350		361		360		341		292		339		325		309		328		343		490		375		479		494		516		539		514		453		448		441		431		445		400		429		395		68		72		
-1		343		322		522		522		494		468		489		458		492		480		410		435		447		465		467		459		480		488		494		469		602		479		547		502		479		527		460		466		438		580		539		608		386		324		265		268		248		337		343		361		327		231		226		207		328		221		228		422		13		430		460		472		61		61		51		55		104		124		31		343		0		116		109		100		85		153		147		296		143		135		144		153		171		168		180		195		205		220		319		307		318		291		301		294		294		274		278		241		255		229		222		265		128		145		194		202		249		252		212		245		181		198		240		219		225		240		344		369		472		352		359		331		327		315		326		325		306		257		304		290		274		293		308		455		340		444		459		481		504		479		418		413		406		396		410		365		394		360		373		37		
-1		227		206		406		406		430		404		425		394		428		416		346		371		383		401		403		395		416		424		430		405		538		415		483		438		415		463		396		402		374		516		475		544		322		260		201		204		184		273		279		297		263		167		162		143		264		157		164		358		177		366		396		408		225		225		215		219		113		93		133		279		164		0		7		16		249		37		70		180		74		82		80		89		107		104		116		131		141		156		203		191		202		175		185		178		178		158		162		125		139		113		106		149		32		49		98		106		153		156		116		149		65		82		124		103		109		124		228		253		356		236		243		215		211		199		210		209		190		141		188		174		158		177		192		339		224		328		343		365		388		363		302		297		290		280		294		249		278		244		309		201		
-1		234		213		413		413		437		411		432		401		435		423		353		378		390		408		410		402		423		431		437		412		545		422		490		445		422		470		403		409		381		523		482		551		329		267		208		211		191		280		286		304		270		174		169		150		271		164		171		365		184		373		403		415		232		232		222		226		120		100		140		286		171		7		0		9		256		44		77		187		81		89		87		96		114		111		123		138		148		163		210		198		209		182		192		185		185		165		169		132		146		120		113		156		25		42		91		99		146		149		109		142		72		89		131		110		116		131		235		260		363		243		250		222		218		206		217		216		197		148		195		181		165		184		199		346		231		335		350		372		395		370		309		304		297		287		301		256		285		251		316		208		
-1		243		222		422		422		446		420		441		410		444		432		362		387		399		417		419		411		432		440		446		421		554		431		499		454		431		479		412		418		390		532		491		560		338		276		217		220		200		289		295		313		279		183		178		159		280		173		180		374		193		382		412		424		241		241		231		235		129		109		149		295		180		16		9		0		265		53		86		196		90		98		96		105		123		120		132		147		157		172		219		207		218		191		201		194		194		174		178		141		155		129		122		165		28		45		94		102		149		152		112		145		81		98		140		119		125		140		244		269		372		252		259		231		227		215		226		225		206		157		204		190		174		193		208		355		240		344		359		381		404		379		318		313		306		296		310		265		294		260		325		217		
-1		258		237		437		437		461		435		456		425		459		447		377		402		414		432		434		426		447		455		461		436		569		446		514		469		446		494		427		433		405		547		506		575		353		291		232		235		215		304		310		328		294		198		193		174		295		188		195		389		86		397		427		439		86		44		34		30		79		99		139		310		170		31		24		15		0		68		101		211		105		110		111		120		138		135		147		162		172		187		234		222		233		206		216		209		209		189		193		156		170		144		137		180		43		60		109		117		164		167		127		160		96		113		155		134		140		155		259		284		387		267		274		246		242		230		241		240		221		172		219		205		189		208		223		370		255		359		374		396		419		394		333		328		321		311		325		280		309		275		340		62		
-1		190		169		369		369		393		367		388		357		391		379		309		334		346		364		366		358		379		387		393		368		501		378		446		401		378		426		359		365		337		479		438		507		285		223		164		167		147		236		242		260		226		130		125		106		227		120		127		321		140		329		359		371		188		188		178		182		76		56		96		242		127		37		44		53		212		0		33		143		37		45		43		52		70		67		79		94		104		119		166		154		165		138		148		141		141		121		125		88		102		76		69		112		49		32		81		89		136		139		99		132		28		45		87		66		72		87		191		216		319		199		206		178		174		162		173		172		153		104		151		137		121		140		155		302		187		291		306		328		351		326		265		260		253		243		257		212		241		207		272		164		
-1		223		202		402		402		360		334		355		324		358		346		276		301		313		331		333		325		346		354		360		335		468		345		413		368		345		393		326		332		304		446		405		474		252		190		131		134		114		203		209		227		193		97		92		73		194		87		94		288		107		296		326		338		155		155		145		149		43		23		63		209		94		57		64		73		179		33		0		176		4		12		10		19		37		34		46		61		71		86		199		187		198		171		181		174		174		154		158		121		135		109		102		145		82		65		114		122		169		172		132		165		61		78		120		99		105		120		224		249		352		232		239		211		207		195		206		205		186		137		184		170		154		173		188		335		220		324		339		361		384		359		298		293		286		276		290		245		274		240		239		131		
-1		232		211		411		411		369		343		364		333		367		355		285		310		322		340		342		334		355		363		369		344		477		354		422		377		354		402		335		341		313		455		414		483		261		199		140		143		123		212		218		236		202		106		101		82		203		96		103		297		116		305		335		347		164		164		154		158		52		32		72		218		103		66		73		82		188		42		9		0		13		21		19		28		46		43		55		70		80		95		208		196		207		180		190		183		183		163		167		130		144		118		111		154		91		74		123		131		178		181		141		174		70		87		129		108		114		129		233		258		361		241		248		220		216		204		215		214		195		146		193		179		163		182		197		344		229		333		348		370		393		368		307		302		295		285		299		254		283		249		248		140		
-1		227		206		406		406		356		330		351		320		354		342		272		297		309		327		329		321		342		350		356		331		464		341		409		364		341		389		322		328		300		442		401		470		248		186		127		130		110		199		205		223		189		93		88		69		190		83		90		284		103		292		322		334		151		151		141		145		39		19		59		205		90		53		60		69		175		37		4		180		0		8		6		15		33		30		42		57		67		82		203		191		202		175		185		178		178		158		162		125		139		113		106		149		85		69		118		126		173		176		136		169		65		82		124		103		109		124		228		253		356		236		243		215		211		199		210		209		190		141		188		174		158		177		192		339		224		328		343		365		388		363		302		297		290		280		294		249		278		244		235		127		
-1		235		214		414		414		359		333		354		323		357		345		275		300		312		330		332		324		345		353		359		334		467		344		412		367		344		392		325		331		303		445		404		473		251		189		130		133		113		202		208		226		192		96		91		72		193		86		93		287		95		295		325		337		143		143		133		137		31		11		51		208		82		45		52		61		167		45		12		188		8		0		9		18		36		33		45		60		70		85		211		199		210		183		193		186		186		166		170		133		147		121		114		157		77		77		126		134		181		184		144		177		73		90		132		111		117		132		236		261		364		244		251		223		219		207		218		217		198		149		196		182		166		185		200		347		232		336		351		373		396		371		310		305		298		288		302		257		286		252		238		119		
-1		233		212		412		412		350		324		345		314		348		336		266		291		303		321		323		315		336		344		350		325		458		335		403		358		335		383		316		322		294		436		395		464		242		180		121		124		104		193		199		217		183		87		82		63		184		77		84		278		104		286		316		328		152		152		142		146		40		20		60		199		91		54		61		70		176		43		10		186		6		9		0		9		27		24		36		51		61		76		209		197		208		181		191		184		184		164		168		131		145		119		112		155		86		75		124		132		179		182		142		175		71		88		130		109		115		130		234		259		362		242		249		221		217		205		216		215		196		147		194		180		164		183		198		345		230		334		349		371		394		369		308		303		296		286		300		255		284		250		229		128		
-1		358		337		537		537		341		315		336		305		339		327		257		282		294		312		314		306		327		335		341		316		449		326		394		349		326		374		307		313		285		427		386		455		233		171		112		115		95		184		190		208		174		78		73		54		175		68		75		269		229		277		307		319		277		277		267		271		165		145		185		190		216		179		186		195		301		168		135		311		131		134		125		0		18		15		89		42		52		67		334		322		333		306		316		309		309		289		293		256		270		244		237		280		211		200		249		257		304		307		267		300		196		213		255		234		240		255		359		384		487		367		374		346		342		330		341		340		321		272		319		305		289		308		323		470		355		459		474		496		519		494		433		428		421		411		425		380		409		375		220		253		
-1		348		327		527		527		331		305		326		295		329		317		247		272		284		302		304		296		317		325		331		306		439		316		384		339		316		364		297		303		275		417		376		445		223		161		102		105		85		174		180		198		164		68		63		36		165		58		65		259		219		267		297		309		267		267		257		261		155		135		175		180		206		169		176		185		291		158		125		301		121		124		115		18		0		5		79		32		42		57		324		312		323		296		306		299		299		279		283		246		260		234		227		270		201		190		239		247		294		297		257		290		186		203		245		224		230		245		349		374		477		357		364		336		332		320		331		330		311		262		309		295		279		298		313		460		345		449		464		486		509		484		423		418		411		401		415		370		399		365		210		243		
-1		343		322		522		522		326		300		321		290		324		312		242		267		279		297		299		291		312		320		326		301		434		311		379		334		311		359		292		298		270		412		371		440		218		156		97		100		80		169		175		193		159		63		58		41		160		53		60		254		214		262		292		304		262		262		252		256		150		130		170		175		201		164		171		180		286		153		120		296		116		119		110		15		5		0		74		27		37		52		319		307		318		291		301		294		294		274		278		241		255		229		222		265		196		185		234		242		289		292		252		285		181		198		240		219		225		240		344		369		472		352		359		331		327		315		326		325		306		257		304		290		274		293		308		455		340		444		459		481		504		479		418		413		406		396		410		365		394		360		205		238		
-1		269		248		448		448		386		360		381		350		384		372		302		327		339		357		359		351		372		380		386		361		494		371		439		394		371		419		352		358		330		472		431		500		278		216		157		160		140		229		235		253		219		123		118		99		220		113		120		314		140		322		352		364		188		188		178		182		76		56		96		235		127		90		97		106		212		79		46		222		42		45		36		45		63		60		0		87		97		112		245		233		244		217		227		220		220		200		204		167		181		155		148		191		122		111		160		168		215		218		178		211		107		124		166		145		151		166		270		295		398		278		285		257		253		241		252		251		232		183		230		216		200		219		234		381		266		370		385		407		430		405		344		339		332		322		336		291		320		286		265		164		
-1		316		295		495		495		299		273		294		263		297		285		215		240		252		270		272		264		285		293		299		274		407		284		352		307		284		332		265		271		243		385		344		413		191		129		70		73		53		142		148		166		132		36		31		62		133		26		33		227		187		235		265		277		235		235		225		229		123		103		143		148		174		137		144		153		259		126		93		269		89		92		83		42		32		27		47		0		10		25		292		280		291		264		274		267		267		247		251		214		228		202		195		238		169		158		207		215		262		265		225		258		154		171		213		192		198		213		317		342		445		325		332		304		300		288		299		298		279		230		277		263		247		266		281		428		313		417		432		454		477		452		391		386		379		369		383		338		367		333		178		211		
-1		436		415		615		615		289		263		284		253		287		275		205		230		242		260		262		254		275		283		289		264		397		274		342		297		274		322		255		261		233		375		334		403		181		119		60		63		43		132		138		156		122		26		21		52		123		16		23		217		186		225		255		267		234		234		224		228		243		223		156		138		173		257		264		273		258		246		213		389		209		212		203		106		88		93		167		120		0		15		412		400		411		384		394		387		387		367		371		334		348		322		315		358		289		278		327		335		382		385		345		378		274		291		333		312		318		333		437		462		565		445		452		424		420		408		419		418		399		350		397		383		367		386		401		548		433		537		552		574		597		572		511		506		499		489		503		458		487		453		168		210		
-1		451		430		630		630		304		278		299		268		302		290		220		245		257		275		277		269		290		298		304		279		412		289		357		312		289		337		270		276		248		390		349		418		196		134		75		78		58		147		153		171		137		41		36		67		138		31		38		232		201		240		270		282		249		249		239		243		258		238		171		153		188		272		279		288		273		261		228		404		224		227		218		121		103		108		182		135		15		0		427		415		426		399		409		402		402		382		386		349		363		337		330		373		304		293		342		350		397		400		360		393		289		306		348		327		333		348		452		477		580		460		467		439		435		423		434		433		414		365		412		398		382		401		416		563		448		552		567		589		612		587		526		521		514		504		518		473		502		468		183		225		
-1		463		442		642		642		316		290		311		280		314		302		232		257		269		287		289		281		302		310		316		291		424		301		369		324		301		349		282		288		260		402		361		430		208		146		87		90		70		159		165		183		149		53		48		79		150		43		50		244		213		252		282		294		261		261		251		255		270		250		183		165		200		284		291		300		285		273		240		416		236		239		230		133		115		120		194		147		27		12		0		427		438		411		421		414		414		394		398		361		375		349		342		385		316		305		354		362		409		412		372		405		301		318		360		339		345		360		464		489		592		472		479		451		447		435		446		445		426		377		424		410		394		413		428		575		460		564		579		601		624		599		538		533		526		516		530		485		514		480		195		237		
-1		475		454		654		654		328		302		323		292		326		314		244		269		281		299		301		293		314		322		328		303		436		313		381		336		313		361		294		300		272		414		373		442		220		158		99		102		82		171		177		195		161		65		60		91		162		55		62		256		225		264		294		306		273		273		263		267		282		262		195		177		212		296		303		312		297		285		252		428		248		251		242		145		127		132		206		159		39		24		12		0		450		423		433		426		426		406		410		373		387		361		354		397		328		317		366		374		421		424		384		417		313		330		372		351		357		372		476		501		604		484		491		463		459		447		458		457		438		389		436		422		406		425		440		587		472		576		591		613		636		611		550		545		538		528		542		497		526		492		207		249		
-1		228		207		358		358		325		299		320		289		323		311		241		266		278		296		298		290		311		319		325		300		433		310		378		333		310		358		291		297		269		411		370		439		217		155		96		99		79		168		174		192		158		62		57		88		159		52		59		253		222		261		291		303		270		270		260		264		279		259		192		174		209		293		300		309		294		282		249		263		245		248		239		142		124		129		203		156		36		21		9		10		0		27		17		35		45		110		114		77		63		196		189		53		325		314		363		371		418		421		381		414		310		311		270		290		284		269		241		266		369		249		256		228		224		212		211		210		191		154		167		153		137		129		144		291		176		280		295		317		340		315		254		249		242		232		246		201		230		196		204		246		
-1		201		180		331		331		344		318		339		308		342		330		260		285		297		315		317		309		330		338		344		319		452		329		397		352		329		377		310		316		288		430		389		458		236		174		115		118		98		187		193		211		177		81		76		107		178		71		78		272		241		280		310		322		289		289		279		283		288		268		211		193		228		302		309		318		313		278		245		236		249		257		255		161		143		148		222		175		55		40		28		16		27		0		10		13		23		83		87		50		36		169		162		26		322		305		354		362		409		412		372		405		301		284		243		263		257		242		214		239		342		222		229		201		197		185		184		183		164		127		140		126		110		102		117		264		149		253		268		290		313		288		227		222		215		205		219		174		203		169		223		265		
-1		211		190		341		341		342		316		337		306		340		328		258		283		295		313		315		307		328		336		342		317		450		327		395		350		327		375		308		314		286		428		387		456		234		172		113		116		96		185		191		209		175		79		74		105		176		69		76		270		239		278		308		320		287		287		277		281		296		276		209		191		226		310		317		326		311		288		255		246		259		265		256		159		141		146		220		173		53		38		26		26		17		10		0		18		28		93		97		60		46		179		172		36		332		315		364		372		419		422		382		415		311		294		253		273		267		252		224		249		352		232		239		211		207		195		194		193		174		137		150		136		120		112		127		274		159		263		278		300		323		298		237		232		225		215		229		184		213		179		221		263		
-1		204		183		334		334		360		334		355		324		358		346		276		301		313		331		333		325		346		354		360		335		468		345		413		368		345		393		326		332		304		446		405		474		252		190		131		134		114		203		209		227		193		97		92		123		194		87		94		288		257		296		326		338		305		305		295		299		291		271		227		209		244		305		312		321		329		281		248		239		252		260		258		177		159		164		238		191		71		56		44		44		35		28		18		0		10		86		90		53		39		172		165		29		325		308		357		365		412		415		375		408		304		287		246		266		260		245		217		242		345		225		232		204		200		188		187		186		167		130		143		129		113		105		120		267		152		256		271		293		316		291		230		225		218		208		222		177		206		172		239		281		
-1		214		193		344		344		370		344		365		334		368		356		286		311		323		341		343		335		356		364		370		345		478		355		423		378		355		403		336		342		314		456		415		484		262		200		141		144		124		213		219		237		203		107		102		133		204		97		104		298		267		306		336		348		315		315		305		309		301		281		237		219		254		315		322		331		339		291		258		249		262		270		268		187		169		174		248		201		81		66		54		54		45		38		28		10		0		96		100		63		49		182		175		39		335		318		367		375		422		425		385		418		314		297		256		276		270		255		227		252		355		235		242		214		210		198		197		196		177		140		153		139		123		115		130		277		162		266		281		303		326		301		240		235		228		218		232		187		216		182		249		291		
-1		118		97		248		248		390		364		385		354		388		376		306		331		343		361		363		355		376		384		390		365		498		375		443		398		375		423		356		362		334		476		435		504		282		220		161		164		144		233		239		257		223		127		122		153		224		117		124		318		269		326		356		368		317		317		307		311		205		185		225		239		256		219		226		235		341		195		162		153		166		174		172		181		189		194		208		221		101		86		74		74		65		58		48		30		20		0		4		83		69		86		79		59		239		222		271		279		326		329		289		322		218		201		160		180		174		159		131		156		259		139		146		118		114		102		101		100		81		44		57		43		27		19		34		181		66		170		185		207		230		205		144		139		132		122		136		91		120		86		269		293		
-1		114		93		244		244		394		368		389		358		392		380		310		335		347		365		367		359		380		388		394		369		502		379		447		402		379		427		360		366		338		480		439		508		286		224		165		168		148		237		243		261		227		131		126		157		228		121		128		322		265		330		360		372		313		313		303		307		201		181		221		243		252		215		222		231		337		191		158		149		162		170		168		177		193		192		204		219		105		90		78		78		69		62		52		34		24		4		0		87		73		82		75		63		235		218		267		275		322		325		285		318		214		197		156		176		170		155		127		152		255		135		142		114		110		98		97		96		77		40		53		39		23		15		30		177		62		166		181		203		226		201		140		135		128		118		132		87		116		82		273		289		
-1		151		130		281		281		394		368		389		358		392		380		310		335		347		365		367		359		380		388		394		369		502		379		447		402		379		427		360		366		338		480		439		508		286		224		165		168		148		237		243		261		227		131		126		157		228		121		128		322		291		330		360		372		339		339		329		333		238		218		258		243		278		252		259		268		363		228		195		186		199		207		205		211		193		198		241		225		105		90		78		66		77		50		60		53		53		33		37		0		14		119		112		24		272		255		304		312		359		362		322		355		251		234		193		213		207		192		164		189		292		172		179		151		147		135		134		133		114		77		90		76		60		52		67		214		99		203		218		240		263		238		177		172		165		155		169		124		153		119		273		315		
-1		165		144		295		295		380		354		375		344		378		366		296		321		333		351		353		345		366		374		380		355		488		365		433		388		365		413		346		352		324		466		425		494		272		210		151		154		134		223		229		247		213		117		112		143		214		107		114		308		277		316		346		358		325		325		315		319		252		232		247		229		264		266		273		282		349		242		209		200		213		221		219		197		179		184		255		211		91		76		64		52		63		36		46		39		49		47		51		14		0		133		126		10		286		269		318		326		373		376		336		369		265		248		207		227		221		206		178		203		306		186		193		165		161		149		148		147		128		91		104		90		74		66		81		228		113		217		232		254		277		252		191		186		179		169		183		138		167		133		259		301		
-1		163		142		293		293		406		380		401		370		404		392		322		347		359		377		379		371		392		400		406		381		514		391		459		414		391		439		372		378		350		492		451		520		298		236		177		180		160		249		255		273		239		143		138		149		240		133		140		334		183		342		372		384		231		231		221		225		119		99		139		255		170		133		140		149		255		109		76		67		80		88		86		95		113		110		122		137		117		102		90		78		89		62		72		65		65		45		49		12		26		0		124		36		158		141		190		198		245		248		208		241		137		154		196		175		181		196		176		201		304		184		191		163		159		147		146		145		126		89		102		88		72		64		79		226		111		215		230		252		275		250		189		184		177		167		181		136		165		131		285		207		
-1		121		100		300		300		413		387		408		377		411		399		329		354		366		384		386		378		399		407		413		388		521		398		466		421		398		446		379		385		357		499		458		527		305		243		184		187		167		256		262		280		246		150		145		156		247		140		147		341		190		349		379		391		238		238		228		232		126		106		146		262		177		140		147		156		262		116		83		74		87		95		93		102		120		117		129		144		124		109		97		85		96		69		79		72		72		52		56		19		33		7		0		43		165		148		197		205		252		255		215		248		144		161		151		171		165		150		122		147		250		130		137		109		105		93		104		103		84		35		82		68		52		71		86		233		118		222		237		259		282		257		196		191		184		174		188		143		172		138		292		214		
-1		175		154		305		305		370		344		365		334		368		356		286		311		323		341		343		335		356		364		370		345		478		355		423		378		355		403		336		342		314		456		415		484		262		200		141		144		124		213		219		237		203		107		102		133		204		97		104		298		267		306		336		348		315		315		305		309		262		242		237		219		254		276		283		292		339		252		219		210		223		231		229		187		169		174		248		201		81		66		54		42		53		26		36		29		39		57		61		24		10		143		136		0		296		279		328		336		383		386		346		379		275		258		217		237		231		216		188		213		316		196		203		175		171		159		158		157		138		101		114		100		84		76		91		238		123		227		242		264		287		262		201		196		189		179		193		148		177		143		249		291		
-1		259		238		438		438		462		436		457		426		460		448		378		403		415		433		435		427		448		456		462		437		570		447		515		470		447		495		428		434		406		548		507		576		354		292		233		236		216		305		311		329		295		199		194		175		296		189		196		390		209		398		428		440		257		257		247		251		145		125		165		311		196		32		25		28		281		69		102		212		106		114		112		121		139		136		148		163		173		188		235		223		234		207		217		210		210		190		194		157		171		145		138		181		0		17		66		74		121		124		84		117		97		114		156		135		141		156		260		285		388		268		275		247		243		231		242		241		222		173		220		206		190		209		224		371		256		360		375		397		420		395		334		329		322		312		326		281		310		276		341		233		
-1		276		255		455		455		479		453		474		443		477		465		395		420		432		450		452		444		465		473		479		454		587		464		532		487		464		512		445		451		423		565		524		593		371		309		250		253		233		322		328		346		312		216		211		192		313		206		213		407		226		415		445		457		274		274		264		268		162		142		182		328		213		49		42		45		298		86		119		229		123		131		129		138		156		153		165		180		190		205		252		240		251		224		234		227		227		207		211		174		188		162		155		198		17		0		49		57		104		107		67		100		114		131		173		152		158		173		277		302		405		285		292		264		260		248		259		258		239		190		237		223		207		226		241		388		273		377		392		414		437		412		351		346		339		329		343		298		327		293		358		250		
-1		325		304		504		504		528		502		523		492		526		514		444		469		481		499		501		493		514		522		528		503		636		513		581		536		513		561		494		500		472		614		573		642		420		358		299		302		282		371		377		395		361		265		260		241		362		255		262		456		275		464		494		506		323		323		313		317		211		191		231		377		262		98		91		94		347		135		168		278		172		180		178		187		205		202		214		229		239		254		301		289		300		273		283		276		276		256		260		223		237		211		204		247		66		49		0		8		55		58		18		51		163		180		222		201		207		222		326		351		454		334		341		313		309		297		308		307		288		239		286		272		256		275		290		437		322		426		441		463		486		461		400		395		388		378		392		347		376		342		407		299		
-1		336		315		515		515		539		513		534		503		537		525		455		480		492		510		512		504		525		533		539		514		647		524		592		547		524		572		505		511		483		625		584		653		431		369		310		313		293		382		388		406		372		276		271		252		373		266		273		467		286		475		505		517		334		334		324		328		222		202		242		388		273		109		102		105		358		146		179		289		183		191		189		198		216		213		225		240		250		265		312		300		311		284		294		287		287		267		271		234		248		222		215		258		77		60		109		0		47		50		10		43		174		191		233		212		218		233		337		362		465		345		352		324		320		308		319		318		299		250		297		283		267		286		301		448		333		437		452		474		497		472		411		406		399		389		403		358		387		353		418		310		
-1		353		332		532		532		556		530		551		520		554		542		472		497		509		527		529		521		542		550		556		531		664		541		609		564		541		589		522		528		500		642		601		670		448		386		327		330		310		399		405		423		389		293		288		269		390		283		290		484		303		492		522		534		351		351		341		345		239		219		259		405		290		126		119		122		375		163		196		306		200		208		206		215		233		230		242		257		267		282		329		317		328		301		311		304		304		284		288		251		265		239		232		275		94		77		126		17		0		3		27		60		191		208		250		229		235		250		354		379		482		362		369		341		337		325		336		335		316		267		314		300		284		303		318		465		350		454		469		491		514		489		428		423		416		406		420		375		404		370		435		327		
-1		356		335		535		535		559		533		554		523		557		545		475		500		512		530		532		524		545		553		559		534		667		544		612		567		544		592		525		531		503		645		604		673		451		389		330		333		313		402		408		426		392		296		291		272		393		286		293		487		306		495		525		537		354		354		344		348		242		222		262		408		293		129		122		125		378		166		199		309		203		211		209		218		236		233		245		260		270		285		332		320		331		304		314		307		307		287		291		254		268		242		235		278		97		80		129		20		3		0		30		63		194		211		253		232		238		253		357		382		485		365		372		344		340		328		339		338		319		270		317		303		287		306		321		468		353		457		472		494		517		492		431		426		419		409		423		378		407		373		438		330		
-1		326		305		505		505		529		503		524		493		527		515		445		470		482		500		502		494		515		523		529		504		637		514		582		537		514		562		495		501		473		615		574		643		421		359		300		303		283		372		378		396		362		266		261		242		363		256		263		457		276		465		495		507		324		324		314		318		212		192		232		378		263		99		92		95		348		136		169		279		173		181		179		188		206		203		215		230		240		255		302		290		301		274		284		277		277		257		261		224		238		212		205		248		67		50		99		54		37		40		0		33		164		181		223		202		208		223		327		352		455		335		342		314		310		298		309		308		289		240		287		273		257		276		291		438		323		427		442		464		487		462		401		396		389		379		393		348		377		343		408		300		
-1		293		272		472		472		496		470		491		460		494		482		412		437		449		467		469		461		482		490		496		471		604		481		549		504		481		529		462		468		440		582		541		610		388		326		267		270		250		339		345		363		329		233		228		209		330		223		230		424		243		432		462		474		291		291		281		285		179		159		199		345		230		66		59		62		315		103		136		246		140		148		146		155		173		170		182		197		207		222		269		257		268		241		251		244		244		224		228		191		205		179		172		215		34		17		66		74		121		124		84		0		131		148		190		169		175		190		294		319		422		302		309		281		277		265		276		275		256		207		254		240		224		243		258		405		290		394		409		431		454		429		368		363		356		346		360		315		344		310		375		267		
-1		207		186		386		386		483		457		478		447		481		469		399		424		436		454		456		448		469		477		483		458		591		468		536		491		468		516		449		455		427		569		528		597		375		313		254		257		237		326		332		350		316		220		215		196		317		210		217		411		230		419		449		461		278		278		268		272		166		146		186		332		217		53		46		49		302		90		123		160		127		135		133		142		160		157		169		184		194		195		183		171		182		155		165		158		158		138		142		105		119		93		86		129		21		4		53		61		108		111		71		104		0		17		59		38		44		59		208		233		336		216		223		195		191		179		190		189		170		121		168		154		138		157		172		319		204		308		323		345		368		343		282		277		270		260		274		229		258		224		362		254		
-1		190		169		369		369		482		456		477		446		480		468		398		423		435		453		455		447		468		476		482		457		590		467		535		490		467		515		448		454		426		568		527		596		374		312		253		256		236		325		331		349		315		219		214		213		316		209		216		410		247		418		448		460		295		295		285		289		183		163		203		331		234		70		63		66		319		107		140		143		144		152		150		159		177		174		186		201		193		178		166		154		165		138		148		141		141		121		125		88		102		76		69		112		38		21		70		78		125		128		88		121		17		0		42		21		27		42		191		216		319		199		206		178		174		162		173		172		153		104		151		137		121		140		155		302		187		291		306		328		351		326		265		260		253		243		257		212		241		207		361		271		
-1		148		127		327		327		440		414		435		404		438		426		356		381		393		411		413		405		426		434		440		415		548		425		493		448		425		473		406		412		384		526		485		554		332		270		211		214		194		283		289		307		273		177		172		183		274		167		174		368		217		376		406		418		265		265		255		259		153		133		173		289		204		167		174		183		289		143		110		101		114		122		120		129		147		144		156		171		151		136		124		112		123		96		106		99		99		79		83		46		60		34		27		70		192		175		224		232		279		282		242		275		171		188		0		198		192		177		149		174		277		157		164		136		132		120		131		130		111		62		109		95		79		98		113		260		145		249		264		286		309		284		223		218		211		201		215		170		199		165		319		241		
-1		211		190		390		390		503		477		498		467		501		489		419		444		456		474		476		468		489		497		503		478		611		488		556		511		488		536		469		475		447		589		548		617		395		333		274		277		257		346		352		370		336		240		235		234		337		230		237		431		268		439		469		481		316		316		306		310		204		184		224		352		255		91		84		87		340		128		161		164		165		173		171		180		198		195		207		222		214		199		187		175		186		159		169		162		162		142		146		109		123		97		90		133		59		42		91		99		146		149		109		142		38		21		63		0		6		21		212		237		340		220		227		199		195		183		194		193		174		125		172		158		142		161		176		323		208		312		327		349		372		347		286		281		274		264		278		233		262		228		382		292		
-1		217		196		396		396		509		483		504		473		507		495		425		450		462		480		482		474		495		503		509		484		617		494		562		517		494		542		475		481		453		595		554		623		401		339		280		283		263		352		358		376		342		246		241		240		343		236		243		437		274		445		475		487		322		322		312		316		210		190		230		358		261		97		90		93		346		134		167		170		171		179		177		186		204		201		213		228		220		205		193		181		192		165		175		168		168		148		152		115		129		103		96		139		65		48		97		105		152		155		115		148		44		27		69		6		0		15		218		243		346		226		233		205		201		189		200		199		180		131		178		164		148		167		182		329		214		318		333		355		378		353		292		287		280		270		284		239		268		234		388		298		
-1		232		211		411		411		524		498		519		488		522		510		440		465		477		495		497		489		510		518		524		499		632		509		577		532		509		557		490		496		468		610		569		638		416		354		295		298		278		367		373		391		357		261		256		255		358		251		258		452		289		460		490		502		337		337		327		331		225		205		245		373		276		112		105		108		361		149		182		185		186		194		192		201		219		216		228		243		235		220		208		196		207		180		190		183		183		163		167		130		144		118		111		154		80		63		112		120		167		170		130		163		59		42		84		21		15		0		233		258		361		241		248		220		216		204		215		214		195		146		193		179		163		182		197		344		229		333		348		370		393		368		307		302		295		285		299		254		283		249		403		313		
-1		93		101		366		366		503		477		498		467		501		489		419		444		456		474		476		468		489		497		503		478		611		488		556		511		488		536		469		475		447		589		548		617		395		333		274		277		257		346		352		370		336		240		235		246		337		230		237		431		280		439		469		481		328		328		318		322		216		196		236		352		267		140		133		136		352		177		173		164		177		185		183		192		210		207		219		234		214		199		187		175		186		159		169		162		162		142		146		109		123		97		90		133		108		91		140		148		195		198		158		191		87		70		63		49		43		28		0		25		128		8		15		13		17		29		65		75		85		87		109		120		104		161		152		299		184		288		303		325		348		323		262		257		250		240		254		209		238		204		382		304		
-1		118		126		391		391		528		502		523		492		526		514		444		469		481		499		501		493		514		522		528		503		636		513		581		536		513		561		494		500		472		614		573		642		420		358		299		302		282		371		377		395		361		265		260		271		362		255		262		456		305		464		494		506		353		353		343		347		241		221		261		377		292		150		143		146		377		187		198		189		202		210		208		217		235		232		244		259		239		224		212		200		211		184		194		187		187		167		171		134		148		122		115		158		118		101		150		158		205		208		168		201		97		80		88		59		53		38		25		0		103		33		40		38		42		54		90		100		110		112		134		145		129		186		177		324		209		313		328		350		373		348		287		282		275		265		279		234		263		229		407		329		
-1		221		229		494		494		631		605		626		595		629		617		547		572		584		602		604		596		617		625		631		606		739		616		684		639		616		664		597		603		575		717		676		745		523		461		402		405		385		474		480		498		464		368		363		374		465		358		365		559		408		567		597		609		456		456		446		450		344		324		364		480		395		253		246		249		480		290		301		292		305		313		311		320		338		335		347		362		342		327		315		303		314		287		297		290		290		270		274		237		251		225		218		261		221		204		253		261		308		311		271		304		200		183		191		162		156		141		128		103		0		136		143		141		145		157		193		203		213		215		237		248		232		289		280		427		312		416		431		453		476		451		390		385		378		368		382		337		366		332		510		432		
-1		93		101		366		366		503		477		498		467		501		489		419		444		456		474		476		468		489		497		503		478		611		488		556		511		488		536		469		475		447		589		548		617		395		333		274		277		257		346		352		370		336		240		235		246		337		230		237		431		280		439		469		481		328		328		318		322		216		196		236		352		267		148		141		144		352		185		173		164		177		185		183		192		210		207		219		234		214		199		187		175		186		159		169		162		162		142		146		109		123		97		90		133		116		99		148		156		203		206		166		199		95		78		63		57		51		36		8		33		136		0		7		13		17		29		65		75		85		87		109		120		104		161		152		299		184		288		303		325		348		323		262		257		250		240		254		209		238		204		382		304		
-1		100		108		373		373		510		484		505		474		508		496		426		451		463		481		483		475		496		504		510		485		618		495		563		518		495		543		476		482		454		596		555		624		402		340		281		284		264		353		359		377		343		247		242		253		344		237		244		438		287		446		476		488		335		335		325		329		223		203		243		359		274		155		148		151		359		192		180		171		184		192		190		199		217		214		226		241		221		206		194		182		193		166		176		169		169		149		153		116		130		104		97		140		123		106		155		163		210		213		173		206		102		85		70		64		58		43		15		40		143		7		0		20		24		36		72		82		92		94		116		127		111		168		159		306		191		295		310		332		355		330		269		264		257		247		261		216		245		211		389		311		
-1		80		88		353		353		490		464		485		454		488		476		406		431		443		461		463		455		476		484		490		465		598		475		543		498		475		523		456		462		434		576		535		604		382		320		261		264		244		333		339		357		323		227		222		233		324		217		224		418		267		426		456		468		315		315		305		309		203		183		223		339		254		153		146		149		339		190		160		151		164		172		170		179		197		194		206		221		201		186		174		162		173		146		156		149		149		129		133		96		110		84		77		120		121		104		153		161		208		211		171		204		100		83		50		62		56		41		13		38		141		21		28		0		4		16		52		62		72		74		96		107		91		148		139		286		171		275		290		312		335		310		249		244		237		227		241		196		225		191		369		291		
-1		76		84		349		349		486		460		481		450		484		472		402		427		439		457		459		451		472		480		486		461		594		471		539		494		471		519		452		458		430		572		531		600		378		316		257		260		240		329		335		353		319		223		218		229		320		213		220		414		263		422		452		464		311		311		301		305		199		179		219		335		250		157		150		153		335		189		156		147		160		168		166		175		193		190		202		217		197		182		170		158		169		142		152		145		145		125		129		92		106		80		73		116		125		108		157		165		212		215		175		208		104		87		46		66		60		45		17		42		145		25		32		4		0		12		48		58		68		70		92		103		87		144		135		282		167		271		286		308		331		306		245		240		233		223		237		192		221		187		365		287		
-1		64		72		337		337		498		472		493		462		496		484		414		439		451		469		471		463		484		492		498		473		606		483		551		506		483		531		464		470		442		584		543		612		390		328		269		272		252		341		347		365		331		235		230		241		332		225		232		426		275		434		464		476		323		323		313		317		211		191		231		347		262		169		162		165		347		201		168		159		172		180		178		187		205		202		214		229		209		194		182		170		181		154		164		157		157		137		141		104		118		92		85		128		137		120		169		177		224		227		187		220		116		99		58		78		72		57		29		54		157		37		44		16		12		0		36		46		56		58		80		91		75		138		123		270		155		259		274		296		319		294		233		228		221		211		225		180		209		175		377		299		
-1		28		36		373		373		534		508		529		498		532		520		450		475		487		505		507		499		520		528		534		509		642		519		587		542		519		567		500		506		478		620		579		648		426		364		305		308		288		377		383		401		367		271		266		277		368		261		268		462		311		470		500		512		359		359		349		353		247		227		267		383		298		205		198		201		383		237		204		195		208		216		214		223		241		238		250		265		245		230		218		206		217		190		200		193		193		173		177		140		154		128		121		164		173		156		205		213		260		263		223		256		152		135		94		114		108		93		65		90		193		73		80		52		48		36		0		10		20		94		44		127		111		174		159		306		191		295		310		332		355		330		269		264		257		247		261		216		245		211		413		335		
-1		18		35		383		383		544		518		539		508		542		530		460		485		497		515		517		509		530		538		544		519		652		529		597		552		529		577		510		516		488		630		589		658		436		374		315		318		298		387		393		411		377		281		276		287		378		271		278		472		321		480		510		522		369		369		359		363		257		237		277		393		308		215		208		211		393		247		214		205		218		226		224		233		251		248		260		275		255		240		228		216		227		200		210		203		203		183		187		150		164		138		131		174		183		166		215		223		270		273		233		266		162		145		104		124		118		103		75		100		203		83		90		62		58		46		10		0		19		104		43		137		121		184		169		316		201		305		320		342		365		340		279		274		267		257		271		226		255		221		423		345		
-1		37		16		393		393		554		528		549		518		552		540		470		495		507		525		527		519		540		548		554		529		662		539		607		562		539		587		520		526		498		640		599		668		446		384		325		328		308		397		403		421		387		291		286		297		388		281		288		482		331		490		520		532		379		379		369		373		267		247		287		403		318		225		218		221		403		257		224		215		228		236		234		243		261		258		270		285		265		250		238		226		237		210		220		213		213		193		197		160		174		148		141		184		193		176		225		233		280		283		243		276		172		155		114		134		128		113		85		110		213		93		100		72		68		56		20		19		0		114		24		147		131		194		179		326		211		315		330		352		375		350		289		284		277		267		281		236		265		231		433		355		
-1		86		65		279		279		448		422		443		412		446		434		364		389		401		419		421		413		434		442		448		423		556		433		501		456		433		481		414		420		392		534		493		562		340		278		219		222		202		291		297		315		281		185		180		191		282		175		182		376		225		384		414		426		273		273		263		267		161		141		181		297		212		175		182		191		297		151		118		109		122		130		128		137		155		152		164		179		159		144		132		120		131		104		114		107		107		87		91		54		68		42		35		78		195		178		227		235		282		285		245		278		174		157		116		136		130		115		87		112		215		95		102		74		70		58		69		68		49		0		47		33		17		80		65		212		97		201		216		238		261		236		175		170		163		153		167		122		151		117		327		249		
-1		61		40		417		417		578		552		573		542		576		564		494		519		531		549		551		543		564		572		578		553		686		563		631		586		563		611		544		550		522		664		623		692		470		408		349		352		332		421		427		445		411		315		310		321		412		305		312		506		355		514		544		556		403		403		393		397		291		271		311		427		342		249		242		245		427		281		248		239		252		260		258		267		285		282		294		309		289		274		262		250		261		234		244		237		237		217		221		184		198		172		165		208		217		200		249		257		304		307		267		300		196		179		138		158		152		137		109		134		237		117		124		96		92		80		44		43		24		138		0		171		155		218		203		350		235		339		354		376		399		374		313		308		301		291		305		260		289		255		457		379		
-1		75		54		246		246		456		430		451		420		454		442		372		397		409		427		429		421		442		450		456		431		564		441		509		464		441		489		422		428		400		542		501		570		348		286		227		230		210		299		305		323		289		193		188		219		290		183		190		384		258		392		422		434		306		306		296		300		194		174		214		305		245		208		215		224		330		184		151		142		155		163		161		170		188		185		197		212		167		152		140		140		131		124		114		96		86		66		62		87		101		75		68		111		228		211		260		268		315		318		278		311		207		190		149		169		163		148		120		145		248		128		135		107		103		91		58		57		38		33		14		0		16		47		32		179		64		168		183		205		228		203		142		137		130		120		134		89		118		84		335		282		
-1		91		70		262		262		465		439		460		429		463		451		381		406		418		436		438		430		451		459		465		440		573		450		518		473		450		498		431		437		409		551		510		579		357		295		236		239		219		308		314		332		298		202		197		208		299		192		199		393		242		401		431		443		290		290		280		284		178		158		198		314		229		192		199		208		314		168		135		126		139		147		145		154		172		169		181		196		176		161		149		137		147		121		130		112		102		82		78		71		85		59		52		95		212		195		244		252		299		302		262		295		191		174		133		153		147		132		104		129		232		112		119		91		87		75		74		73		54		17		30		16		0		63		48		195		80		184		199		221		244		219		158		153		146		136		150		105		134		100		344		266		
-1		99		78		229		229		409		383		404		373		407		395		325		350		362		380		382		374		395		403		409		384		517		394		462		417		394		442		375		381		353		495		454		523		301		239		180		183		163		252		258		276		242		146		141		172		243		136		143		337		250		345		375		387		298		298		288		292		186		166		206		258		237		200		207		216		322		176		143		134		147		155		153		162		180		177		189		204		120		105		93		93		84		77		67		49		39		19		15		79		88		67		60		78		220		203		252		260		307		310		270		303		199		182		141		161		155		140		112		137		240		120		127		99		95		83		82		81		62		25		38		24		8		0		15		162		47		151		166		188		211		186		125		120		113		103		117		72		101		67		288		274		
-1		114		93		214		214		424		398		419		388		422		410		340		365		377		395		397		389		410		418		424		399		532		409		477		432		409		457		390		396		368		510		469		538		316		254		195		198		178		267		273		291		257		161		156		187		258		151		158		352		265		360		390		402		313		313		303		307		201		181		221		273		252		215		222		231		337		191		158		149		162		170		168		177		195		192		204		219		135		120		108		108		99		92		82		64		54		34		30		94		103		82		75		93		235		218		267		275		322		325		285		318		214		197		156		176		170		155		127		152		255		135		142		114		110		98		97		96		77		40		53		39		23		15		0		147		32		136		151		173		196		171		110		105		98		88		102		57		86		52		303		289		
-1		143		122		243		67		453		427		448		417		451		439		369		394		406		424		426		418		439		447		453		428		561		438		506		461		438		486		419		425		397		539		498		567		345		283		224		227		207		296		302		320		286		190		185		216		287		180		187		381		294		389		419		431		342		342		332		336		230		210		250		302		281		244		251		260		366		220		187		178		191		199		197		206		224		221		233		248		164		149		137		137		128		121		111		93		83		63		59		123		132		111		104		122		264		247		296		304		351		354		314		347		243		226		185		205		199		184		156		181		284		164		171		143		139		127		126		125		106		69		82		68		52		44		29		0		61		165		180		202		225		200		139		134		127		117		131		86		115		81		332		318		
-1		146		125		182		182		456		430		451		420		454		442		372		397		409		427		429		421		442		450		456		431		564		441		509		464		441		489		422		428		400		542		501		570		348		286		227		230		210		299		305		323		289		193		188		219		290		183		190		384		297		392		422		434		345		345		335		339		233		213		253		305		284		247		254		263		369		223		190		181		194		202		200		209		227		224		236		251		167		152		140		140		131		124		114		96		86		66		62		126		135		114		107		125		267		250		299		307		354		357		317		350		246		229		188		208		202		187		159		184		287		167		174		146		142		130		129		128		109		72		85		71		55		47		32		115		0		104		119		141		164		139		78		73		66		56		70		25		54		20		335		321		
-1		154		133		78		78		464		438		459		428		462		450		380		405		417		435		437		429		450		458		464		439		572		449		517		472		449		497		430		436		408		550		509		578		356		294		235		238		218		307		313		331		297		201		196		227		298		191		198		392		305		400		430		442		353		353		343		347		241		221		261		313		292		255		262		271		377		231		198		189		202		210		208		217		235		232		244		259		175		160		148		148		139		132		122		104		94		74		70		134		143		122		115		133		275		258		307		315		362		365		325		358		254		237		196		216		210		195		167		192		295		175		182		154		150		138		137		136		117		80		93		79		63		55		40		11		72		0		15		37		60		35		150		145		138		128		142		97		126		92		343		329		
-1		169		148		63		93		479		453		474		443		477		465		395		420		432		450		452		444		465		473		479		454		587		464		532		487		464		512		445		451		423		565		524		593		371		309		250		253		233		322		328		346		312		216		211		242		313		206		213		407		320		415		445		457		368		368		358		362		256		236		276		328		307		270		277		286		392		246		213		204		217		225		223		232		250		247		259		274		190		175		163		163		154		147		137		119		109		89		85		149		158		137		130		148		290		273		322		330		377		380		340		373		269		252		211		231		225		210		182		207		310		190		197		169		165		153		152		151		132		95		108		94		78		70		55		26		87		15		0		22		45		50		165		160		153		143		157		112		141		107		358		344		
-1		191		170		41		115		501		475		496		465		499		487		417		442		454		472		474		466		487		495		501		476		609		486		554		509		486		534		467		473		445		587		546		615		393		331		272		275		255		344		350		368		334		238		233		264		335		228		235		429		342		437		467		479		390		390		380		384		278		258		298		350		329		292		299		308		414		268		235		226		239		247		245		254		272		269		281		296		212		197		185		185		176		169		159		141		131		111		107		171		180		159		152		170		312		295		344		352		399		402		362		395		291		274		233		253		247		232		204		229		332		212		219		191		187		175		174		173		154		117		130		116		100		92		77		48		109		37		22		0		23		72		187		182		175		165		179		134		163		129		380		366		
-1		180		159		74		104		490		464		485		454		488		476		406		431		443		461		463		455		476		484		490		465		598		475		543		498		475		523		456		462		434		576		535		604		382		320		261		264		244		333		339		357		323		227		222		253		324		217		224		418		331		426		456		468		379		379		369		373		267		247		287		339		318		281		288		297		403		257		224		215		228		236		234		243		261		258		270		285		201		186		174		174		165		158		148		130		120		100		96		160		169		148		141		159		301		284		333		341		388		391		351		384		280		263		222		242		236		221		193		218		321		201		208		180		176		164		163		162		143		106		119		105		89		81		66		37		98		26		11		33		0		61		176		171		164		154		168		123		152		118		369		355		
-1		189		168		113		113		499		473		494		463		497		485		415		440		452		470		472		464		485		493		499		474		607		484		552		507		484		532		465		471		443		585		544		613		391		329		270		273		253		342		348		366		332		236		231		262		333		226		233		427		340		435		465		477		388		388		378		382		276		256		296		348		327		290		297		306		412		266		233		224		237		245		243		252		270		267		279		294		210		195		183		183		174		167		157		139		129		109		105		169		178		157		150		168		310		293		342		350		397		400		360		393		289		272		231		251		245		230		202		227		330		210		217		189		185		173		172		171		152		115		128		114		98		90		75		46		107		35		50		72		95		0		185		180		173		163		177		132		161		127		378		364		
-1		180		159		104		104		490		464		485		454		488		476		406		431		443		461		463		455		476		484		490		465		598		475		543		498		475		523		456		462		434		576		535		604		382		320		261		264		244		333		339		357		323		227		222		253		324		217		224		418		331		426		456		468		379		379		369		373		267		247		287		339		318		281		288		297		403		257		224		215		228		236		234		243		261		258		270		285		201		186		174		174		165		158		148		130		120		100		96		160		169		148		141		159		301		284		333		341		388		391		351		384		280		263		222		242		236		221		193		218		321		201		208		180		176		164		163		162		143		106		119		105		89		81		66		37		67		26		41		63		86		61		0		5		12		22		31		52		81		47		369		355		
-1		185		164		109		109		495		469		490		459		493		481		411		436		448		466		468		460		481		489		495		470		603		480		548		503		480		528		461		467		439		581		540		609		387		325		266		269		249		338		344		362		328		232		227		258		329		222		229		423		336		431		461		473		384		384		374		378		272		252		292		344		323		286		293		302		408		262		229		220		233		241		239		248		266		263		275		290		206		191		179		179		170		163		153		135		125		105		101		165		174		153		146		164		306		289		338		346		393		396		356		389		285		268		227		247		241		226		198		223		326		206		213		185		181		169		168		167		148		111		124		110		94		86		71		42		72		31		46		68		91		66		5		0		7		17		26		48		77		52		374		360		
-1		192		171		116		116		502		476		497		466		500		488		418		443		455		473		475		467		488		496		502		477		610		487		555		510		487		535		468		474		446		588		547		616		394		332		273		276		256		345		351		369		335		239		234		265		336		229		236		430		343		438		468		480		391		391		381		385		279		259		299		351		330		293		300		309		415		269		236		227		240		248		246		255		273		270		282		297		213		198		186		186		177		170		160		142		132		112		108		172		181		160		153		171		313		296		345		353		400		403		363		396		292		275		234		254		248		233		205		230		333		213		220		192		188		176		175		174		155		118		131		117		101		93		78		49		66		38		53		75		98		73		12		7		0		10		19		41		70		46		381		367		
-1		202		181		126		126		512		486		507		476		510		498		428		453		465		483		485		477		498		506		512		487		620		497		565		520		497		545		478		484		456		598		557		626		404		342		283		286		266		355		361		379		345		249		244		275		346		239		246		440		353		448		478		490		401		401		391		395		289		269		309		361		340		303		310		319		425		279		246		237		250		258		256		265		283		280		292		307		223		208		196		196		187		180		170		152		142		122		118		182		191		170		163		181		323		306		355		363		410		413		373		406		302		285		244		264		258		243		215		240		343		223		230		202		198		186		185		184		165		128		141		127		111		103		88		59		56		48		63		85		108		83		22		17		10		0		14		31		60		36		391		377		
-1		211		190		135		135		521		495		516		485		519		507		437		462		474		492		494		486		507		515		521		496		629		506		574		529		506		554		487		493		465		607		566		635		413		351		292		295		275		364		370		388		354		258		253		284		355		248		255		449		362		457		487		499		410		410		400		404		298		278		318		370		349		312		319		328		434		288		255		246		259		267		265		274		292		289		301		316		232		217		205		205		196		189		179		161		151		131		127		191		200		179		172		190		332		315		364		372		419		422		382		415		311		294		253		273		267		252		224		249		352		232		239		211		207		195		194		193		174		137		150		136		120		112		97		68		70		57		72		94		117		92		31		26		19		14		0		45		74		50		400		386		
-1		171		150		157		157		481		455		476		445		479		467		397		422		434		452		454		446		467		475		481		456		589		466		534		489		466		514		447		453		425		567		526		595		373		311		252		255		235		324		330		348		314		218		213		244		315		208		215		409		322		417		447		459		370		370		360		364		258		238		278		330		309		272		279		288		394		248		215		206		219		227		225		234		252		249		261		276		192		177		165		165		156		149		139		121		111		91		87		151		160		139		132		150		292		275		324		332		379		382		342		375		271		254		213		233		227		212		184		209		312		192		199		171		167		155		154		153		134		97		110		96		80		72		57		90		25		79		94		116		139		114		53		48		41		31		45		0		29		5		360		346		
-1		200		179		186		186		510		484		505		474		508		496		426		451		463		481		483		475		496		504		510		485		618		495		563		518		495		543		476		482		454		596		555		624		402		340		281		284		264		353		359		377		343		247		242		273		344		237		244		438		351		446		476		488		399		399		389		393		287		267		307		359		338		301		308		317		423		277		244		235		248		256		254		263		281		278		290		305		221		206		194		194		185		178		168		150		140		120		116		180		189		168		161		179		321		304		353		361		408		411		371		404		300		283		242		262		256		241		213		238		341		221		228		200		196		184		183		182		163		126		139		125		109		101		86		119		54		108		123		145		168		143		82		77		70		60		74		29		0		34		389		375		
-1		166		145		162		162		476		450		471		440		474		462		392		417		429		447		449		441		462		470		476		451		584		461		529		484		461		509		442		448		420		562		521		590		368		306		247		250		230		319		325		343		309		213		208		239		310		203		210		404		317		412		442		454		365		365		355		359		253		233		273		325		304		267		274		283		389		243		210		201		214		222		220		229		247		244		256		271		187		172		160		160		151		144		134		116		106		86		82		146		155		134		127		145		287		270		319		327		374		377		337		370		266		249		208		228		222		207		179		204		307		187		194		166		162		150		149		148		129		92		105		91		75		67		52		95		20		84		99		121		144		119		58		53		46		36		50		5		34		0		355		341		
-1		389		368		568		568		121		95		116		85		119		107		37		62		74		92		94		86		107		115		121		96		229		106		174		129		106		154		87		93		65		207		166		235		13		370		311		314		294		383		389		407		373		277		272		253		374		267		274		49		59		57		87		99		107		107		97		101		150		170		210		389		241		162		155		146		131		199		193		342		189		181		190		199		217		214		226		241		251		266		365		353		364		337		347		340		340		320		324		287		301		275		268		311		174		191		240		248		295		298		258		291		227		244		286		265		271		286		390		415		518		398		405		377		373		361		372		371		352		303		350		336		320		339		354		501		386		490		505		527		550		525		464		459		452		442		456		411		440		406		0		83		
-1		306		285		485		485		457		431		452		421		455		443		373		398		410		428		430		422		443		451		457		432		565		442		510		465		442		490		423		429		401		543		502		571		349		287		228		231		211		300		306		324		290		194		189		170		291		184		191		385		24		393		423		435		24		24		14		18		67		87		127		306		158		79		72		63		48		116		110		259		106		98		107		116		134		131		143		158		168		183		282		270		281		254		264		257		257		237		241		204		218		192		185		228		91		108		157		165		212		215		175		208		144		161		203		182		188		203		307		332		435		315		322		294		290		278		289		288		269		220		267		253		237		256		271		418		303		407		422		444		467		442		381		376		369		359		373		328		357		323		336		0		
