Data =>
	instName=TWs2
	optimalValue=-1
	vehicles=-1
	capacity=150
	depotNode=1
	nodes=140
	arcs=84
	edges=106
	requiredN=15
	requiredA=22
	requiredE=38
0		-1		-1		-1		-1		-1		-1		-1		-1		-1		-1		-1		-1		-1		-1		-1		-1		-1		-1		-1		-1		-1		-1		-1		-1		-1		-1		-1		-1		-1		-1		-1		-1		-1		-1		-1		-1		-1		-1		-1		-1		-1		-1		-1		-1		-1		-1		-1		-1		-1		-1		-1		-1		-1		-1		-1		-1		-1		-1		-1		-1		-1		-1		-1		-1		-1		-1		-1		-1		-1		-1		-1		-1		-1		-1		-1		-1		-1		-1		-1		-1		-1		-1		-1		-1		-1		-1		-1		-1		-1		-1		-1		-1		-1		-1		-1		-1		-1		-1		-1		-1		-1		-1		-1		-1		-1		-1		-1		-1		-1		-1		-1		-1		-1		-1		-1		-1		-1		-1		-1		-1		-1		-1		-1		-1		-1		-1		-1		-1		-1		-1		-1		-1		-1		-1		-1		-1		-1		-1		-1		-1		
-1		0		53		329		329		584		558		579		548		511		499		430		455		467		485		486		479		473		481		487		489		547		499		602		498		488		536		469		463		458		468		509		496		406		344		285		288		268		313		319		335		323		257		252		283		348		247		261		356		346		364		370		358		346		304		294		290		241		261		381		363		359		227		253		256		271		190		291		300		287		272		281		290		308		305		379		332		231		216		204		204		195		188		178		160		150		130		126		213		199		367		121		189		228		211		260		268		285		288		322		228		207		190		148		211		254		239		211		236		339		211		218		198		194		206		57		18		37		86		172		158		103		111		126		262		158		251		266		288		277		286		225		231		224		214		243		183		212		178		393		322		
-1		53		0		308		308		563		537		558		527		490		478		409		434		446		464		465		458		452		460		466		468		526		478		581		477		467		515		448		442		437		447		488		475		385		323		264		267		247		292		298		314		302		236		231		262		327		226		240		335		325		343		349		337		325		283		273		269		220		240		360		342		338		206		232		235		250		169		270		279		266		251		260		269		287		284		358		311		210		195		183		183		174		167		157		139		129		109		105		192		178		346		100		168		207		190		239		247		264		267		301		207		186		169		127		190		233		218		190		215		318		190		197		177		173		185		36		35		16		65		151		137		82		90		105		241		137		230		245		267		256		265		204		210		203		193		222		162		191		157		372		301		
-1		225		204		0		156		606		580		601		570		533		521		452		477		489		507		508		501		495		503		509		511		569		521		624		520		510		558		491		485		480		490		531		518		428		366		307		310		290		335		341		357		345		279		274		305		370		269		283		443		433		451		481		493		481		455		445		441		392		412		403		385		420		378		404		407		422		341		378		387		374		377		368		359		341		346		420		373		253		238		226		226		217		210		200		182		172		152		148		235		221		454		272		211		379		362		411		419		436		439		473		379		358		341		299		362		405		390		362		387		490		362		369		349		345		357		208		207		188		237		164		150		166		133		118		89		150		78		63		41		64		113		217		223		216		206		235		175		204		170		415		457		
-1		203		182		156		0		584		558		579		548		511		499		430		455		467		485		486		479		473		481		487		489		547		499		602		498		488		536		469		463		458		468		509		496		406		344		285		288		268		313		319		335		323		257		252		283		348		247		261		421		411		429		459		471		459		433		423		419		370		390		381		363		398		356		382		385		400		319		356		365		352		355		346		337		319		324		398		351		231		216		204		204		195		188		178		160		150		130		126		213		199		432		250		189		357		340		389		397		414		417		451		357		336		319		277		340		383		368		340		365		468		340		347		327		323		335		186		185		166		215		142		128		144		111		96		67		128		78		93		115		104		113		195		201		194		184		213		153		182		148		393		435		
-1		582		590		819		819		0		26		47		36		165		153		84		109		121		139		140		133		127		135		141		143		201		153		256		163		153		201		134		140		145		145		186		173		197		259		409		412		392		437		443		459		447		381		376		277		263		371		385		259		269		267		297		309		317		317		307		311		356		336		296		278		282		370		457		460		475		383		350		359		346		347		340		331		313		318		392		345		355		557		545		545		536		529		519		501		491		471		616		438		452		426		433		530		432		415		464		472		489		492		526		432		411		428		460		449		566		551		523		548		651		523		530		510		506		518		554		564		574		576		662		648		593		601		616		752		648		741		756		778		767		776		715		721		714		704		733		673		702		668		210		293		
-1		556		564		793		793		26		0		21		10		139		127		58		83		95		113		114		107		101		109		115		117		175		127		230		137		127		175		108		114		119		119		160		147		171		233		383		386		366		411		417		433		421		355		350		251		237		345		359		233		243		241		271		283		291		291		281		285		330		310		270		252		256		344		431		434		449		357		324		333		320		321		314		305		287		292		366		319		329		531		519		519		510		503		493		475		465		445		590		412		426		400		407		504		406		389		438		446		463		466		500		406		385		402		434		423		540		525		497		522		625		497		504		484		480		492		528		538		548		550		636		622		567		575		590		726		622		715		730		752		741		750		689		695		688		678		707		647		676		642		184		267		
-1		577		585		814		814		47		21		0		31		160		148		79		104		116		134		135		128		122		130		136		138		196		148		251		158		148		196		129		135		140		140		181		168		192		254		404		407		387		432		438		454		442		376		371		272		258		366		380		254		264		262		292		304		312		312		302		306		351		331		291		273		277		365		452		455		470		378		345		354		341		342		335		326		308		313		387		340		350		552		540		540		531		524		514		496		486		466		611		433		447		421		428		525		427		410		459		467		484		487		521		427		406		423		455		444		561		546		518		543		646		518		525		505		501		513		549		559		569		571		657		643		588		596		611		747		643		736		751		773		762		771		710		716		709		699		728		668		697		663		205		288		
-1		546		554		783		783		36		10		31		0		129		117		48		73		85		103		104		97		91		99		105		107		165		117		220		127		117		165		98		104		109		109		150		137		161		223		373		376		356		401		407		423		411		345		340		241		227		335		349		223		233		231		261		273		281		281		271		275		320		300		260		242		246		334		421		424		439		347		314		323		310		311		304		295		277		282		356		309		319		521		509		509		500		493		483		465		455		435		580		402		416		390		397		494		396		379		428		436		453		456		490		396		375		392		424		413		530		515		487		512		615		487		494		474		470		482		518		528		538		540		626		612		557		565		580		716		612		705		720		742		731		740		679		685		678		668		697		637		666		632		174		257		
-1		583		591		820		820		73		47		68		37		0		12		85		110		45		63		25		33		51		59		65		144		202		154		257		164		154		202		135		141		146		146		187		174		198		260		410		413		393		438		444		460		448		382		377		278		264		372		386		260		270		268		298		310		318		318		308		312		357		337		297		279		283		371		458		461		476		384		351		360		347		348		341		332		314		319		393		346		356		558		546		546		537		530		520		502		492		472		617		439		453		427		434		531		433		416		465		473		490		493		527		433		412		429		461		450		567		552		524		549		652		524		531		511		507		519		555		565		575		577		663		649		594		602		617		753		649		742		757		779		768		777		716		722		715		705		734		674		703		669		211		294		
-1		595		603		832		832		85		59		80		49		12		0		97		122		33		51		13		21		39		47		53		156		214		166		269		176		166		214		147		153		158		158		199		186		210		272		422		425		405		450		456		472		460		394		389		290		276		384		398		272		282		280		310		322		330		330		320		324		369		349		309		291		295		383		470		473		488		396		363		372		359		360		353		344		326		331		405		358		368		570		558		558		549		542		532		514		504		484		629		451		465		439		446		543		445		428		477		485		502		505		539		445		424		441		473		462		579		564		536		561		664		536		543		523		519		531		567		577		587		589		675		661		606		614		629		765		661		754		769		791		780		789		728		734		727		717		746		686		715		681		223		306		
-1		498		506		735		735		154		128		149		118		81		69		0		25		37		55		56		49		43		51		57		59		117		69		172		79		69		117		50		56		61		61		102		89		113		175		325		328		308		353		359		375		363		297		292		193		179		287		301		175		185		183		213		225		233		233		223		227		272		252		212		194		198		286		373		376		391		299		266		275		262		263		256		247		229		234		308		261		271		473		461		461		452		445		435		417		407		387		532		354		368		342		349		446		348		331		380		388		405		408		442		348		327		344		376		365		482		467		439		464		567		439		446		426		422		434		470		480		490		492		578		564		509		517		532		668		564		657		672		694		683		692		631		637		630		620		649		589		618		584		126		209		
-1		523		531		760		760		129		103		124		93		56		44		25		0		12		30		31		24		18		26		32		34		92		44		147		67		94		142		75		81		86		86		127		114		138		200		350		353		333		378		384		400		388		322		317		218		204		312		326		200		210		208		238		250		258		258		248		252		297		277		237		219		223		311		398		401		416		324		291		300		287		288		281		272		254		259		333		286		296		498		486		486		477		470		460		442		432		412		557		379		393		367		374		471		373		356		405		413		430		433		467		373		352		369		401		390		507		492		464		489		592		464		471		451		447		459		495		505		515		517		603		589		534		542		557		693		589		682		697		719		708		717		656		662		655		645		674		614		643		609		151		234		
-1		627		635		864		864		117		91		112		81		44		32		129		154		0		18		19		12		6		14		20		188		246		198		301		208		198		246		179		185		190		190		231		218		242		304		454		457		437		482		488		504		492		426		421		322		308		416		430		304		314		312		342		354		362		362		352		356		401		381		341		323		327		415		502		505		520		428		395		404		391		392		385		376		358		363		437		390		400		602		590		590		581		574		564		546		536		516		661		483		497		471		478		575		477		460		509		517		534		537		571		477		456		473		505		494		611		596		568		593		696		568		575		555		551		563		599		609		619		621		707		693		638		646		661		797		693		786		801		823		812		821		760		766		759		749		778		718		747		713		255		338		
-1		645		653		882		882		135		109		130		99		62		50		147		172		18		0		37		30		24		32		38		206		264		216		319		226		216		264		197		203		208		208		249		236		260		322		472		475		455		500		506		522		510		444		439		340		326		434		448		322		332		330		360		372		380		380		370		374		419		399		359		341		345		433		520		523		538		446		413		422		409		410		403		394		376		381		455		408		418		620		608		608		599		592		582		564		554		534		679		501		515		489		496		593		495		478		527		535		552		555		589		495		474		491		523		512		629		614		586		611		714		586		593		573		569		581		617		627		637		639		725		711		656		664		679		815		711		804		819		841		830		839		778		784		777		767		796		736		765		731		273		356		
-1		608		616		845		845		98		72		93		62		25		13		110		135		20		38		0		8		26		34		40		169		227		179		282		189		179		227		160		166		171		171		212		199		223		285		435		438		418		463		469		485		473		407		402		303		289		397		411		285		295		293		323		335		343		343		333		337		382		362		322		304		308		396		483		486		501		409		376		385		372		373		366		357		339		344		418		371		381		583		571		571		562		555		545		527		517		497		642		464		478		452		459		556		458		441		490		498		515		518		552		458		437		454		486		475		592		577		549		574		677		549		556		536		532		544		580		590		600		602		688		674		619		627		642		778		674		767		782		804		793		802		741		747		740		730		759		699		728		694		236		319		
-1		616		624		853		853		106		80		101		70		33		21		118		143		12		30		8		0		18		26		32		177		235		187		290		197		187		235		168		174		179		179		220		207		231		293		443		446		426		471		477		493		481		415		410		311		297		405		419		293		303		301		331		343		351		351		341		345		390		370		330		312		316		404		491		494		509		417		384		393		380		381		374		365		347		352		426		379		389		591		579		579		570		563		553		535		525		505		650		472		486		460		467		564		466		449		498		506		523		526		560		466		445		462		494		483		600		585		557		582		685		557		564		544		540		552		588		598		608		610		696		682		627		635		650		786		682		775		790		812		801		810		749		755		748		738		767		707		736		702		244		327		
-1		621		629		858		858		111		85		106		75		38		26		123		148		6		24		13		18		0		8		14		182		240		192		295		202		192		240		173		179		184		184		225		212		236		298		448		451		431		476		482		498		486		420		415		316		302		410		424		298		308		306		336		348		356		356		346		350		395		375		335		317		321		409		496		499		514		422		389		398		385		386		379		370		352		357		431		384		394		596		584		584		575		568		558		540		530		510		655		477		491		465		472		569		471		454		503		511		528		531		565		471		450		467		499		488		605		590		562		587		690		562		569		549		545		557		593		603		613		615		701		687		632		640		655		791		687		780		795		817		806		815		754		760		753		743		772		712		741		707		249		332		
-1		629		637		866		866		119		93		114		83		46		34		131		156		67		85		47		55		73		0		6		190		248		200		303		210		200		248		181		187		192		192		233		220		244		306		456		459		439		484		490		506		494		428		423		324		310		418		432		306		316		314		344		356		364		364		354		358		403		383		343		325		329		417		504		507		522		430		397		406		393		394		387		378		360		365		439		392		402		604		592		592		583		576		566		548		538		518		663		485		499		473		480		577		479		462		511		519		536		539		573		479		458		475		507		496		613		598		570		595		698		570		577		557		553		565		601		611		621		623		709		695		640		648		663		799		695		788		803		825		814		823		762		768		761		751		780		720		749		715		257		340		
-1		623		631		860		860		113		87		108		77		40		28		125		150		61		79		41		49		67		75		0		184		242		194		297		204		194		242		175		181		186		186		227		214		238		300		450		453		433		478		484		500		488		422		417		318		304		412		426		300		310		308		338		350		358		358		348		352		397		377		337		319		323		411		498		501		516		424		391		400		387		388		381		372		354		359		433		386		396		598		586		586		577		570		560		542		532		512		657		479		493		467		474		571		473		456		505		513		530		533		567		473		452		469		501		490		607		592		564		589		692		564		571		551		547		559		595		605		615		617		703		689		634		642		657		793		689		782		797		819		808		817		756		762		755		745		774		714		743		709		251		334		
-1		557		565		794		794		163		137		158		127		90		78		59		34		46		64		65		58		52		60		66		0		58		10		113		33		128		133		109		115		120		120		145		148		172		234		384		387		367		412		418		434		422		356		351		252		238		346		360		234		244		242		272		284		292		292		282		286		331		311		271		253		257		345		432		435		450		358		325		334		321		322		315		306		288		293		367		320		330		532		520		520		511		504		494		476		466		446		591		413		427		401		408		505		407		390		439		447		464		467		501		407		386		403		435		424		541		526		498		523		626		498		505		485		481		493		529		539		549		551		637		623		568		576		591		727		623		716		731		753		742		751		690		696		689		679		708		648		677		643		185		268		
-1		575		583		812		812		307		281		302		271		234		222		189		178		190		208		209		202		196		204		210		144		0		154		55		111		158		75		139		133		138		128		87		156		190		252		402		405		385		430		436		452		440		374		369		270		256		364		378		252		262		260		290		302		310		310		300		304		349		329		289		271		275		363		450		453		468		376		343		352		339		340		333		324		306		311		385		338		348		550		538		538		529		522		512		494		484		464		609		431		445		419		426		523		425		408		457		465		482		485		519		425		404		421		453		442		559		544		516		541		644		516		523		503		499		511		547		557		567		569		655		641		586		594		609		745		641		734		749		771		760		769		708		714		707		697		726		666		695		661		203		286		
-1		567		575		804		804		173		147		168		137		100		88		69		44		56		74		75		68		62		70		76		10		68		0		123		43		138		143		119		125		130		130		155		158		182		244		394		397		377		422		428		444		432		366		361		262		248		356		370		244		254		252		282		294		302		302		292		296		341		321		281		263		267		355		442		445		460		368		335		344		331		332		325		316		298		303		377		330		340		542		530		530		521		514		504		486		476		456		601		423		437		411		418		515		417		400		449		457		474		477		511		417		396		413		445		434		551		536		508		533		636		508		515		495		491		503		539		549		559		561		647		633		578		586		601		737		633		726		741		763		752		761		700		706		699		689		718		658		687		653		195		278		
-1		520		528		757		757		252		226		247		216		179		167		134		123		135		153		154		147		141		149		155		89		147		99		0		56		103		20		84		78		83		73		32		101		135		197		347		350		330		375		381		397		385		319		314		215		201		309		323		197		207		205		235		247		255		255		245		249		294		274		234		216		220		308		395		398		413		321		288		297		284		285		278		269		251		256		330		283		293		495		483		483		474		467		457		439		429		409		554		376		390		364		371		468		370		353		402		410		427		430		464		370		349		366		398		387		504		489		461		486		589		461		468		448		444		456		492		502		512		514		600		586		531		539		554		690		586		679		694		716		705		714		653		659		652		642		671		611		640		606		148		231		
-1		590		598		827		827		196		170		191		160		123		111		92		67		79		97		98		91		85		93		99		33		91		43		146		0		161		166		142		148		153		153		178		181		205		267		417		420		400		445		451		467		455		389		384		285		271		379		393		267		277		275		305		317		325		325		315		319		364		344		304		286		290		378		465		468		483		391		358		367		354		355		348		339		321		326		400		353		363		565		553		553		544		537		527		509		499		479		624		446		460		434		441		538		440		423		472		480		497		500		534		440		419		436		468		457		574		559		531		556		659		531		538		518		514		526		562		572		582		584		670		656		601		609		624		760		656		749		764		786		775		784		723		729		722		712		741		681		710		676		218		301		
-1		548		556		785		785		206		180		201		170		133		121		102		77		89		107		108		101		95		103		109		43		101		53		156		10		0		48		112		106		111		101		60		129		163		225		375		378		358		403		409		425		413		347		342		243		229		337		351		225		235		233		263		275		283		283		273		277		322		302		262		244		248		336		423		426		441		349		316		325		312		313		306		297		279		284		358		311		321		523		511		511		502		495		485		467		457		437		582		404		418		392		399		496		398		381		430		438		455		458		492		398		377		394		426		415		532		517		489		514		617		489		496		476		472		484		520		530		540		542		628		614		559		567		582		718		614		707		722		744		733		742		681		687		680		670		699		639		668		634		176		259		
-1		500		508		737		737		268		242		263		232		195		183		114		139		151		169		170		163		157		165		171		126		184		136		239		93		83		0		64		58		63		53		12		81		115		177		327		330		310		355		361		377		365		299		294		195		181		289		303		177		187		185		215		227		235		235		225		229		274		254		214		196		200		288		375		378		393		301		268		277		264		265		258		249		231		236		310		263		273		475		463		463		454		447		437		419		409		389		534		356		370		344		351		448		350		333		382		390		407		410		444		350		329		346		378		367		484		469		441		466		569		441		448		428		424		436		472		482		492		494		580		566		511		519		534		670		566		659		674		696		685		694		633		639		632		622		651		591		620		586		128		211		
-1		448		456		685		685		204		178		199		168		131		119		50		75		87		105		106		99		93		101		107		62		120		72		175		29		19		67		0		6		11		11		52		39		63		125		275		278		258		303		309		325		313		247		242		143		129		237		251		125		135		133		163		175		183		183		173		177		222		202		162		144		148		236		323		326		341		249		216		225		212		213		206		197		179		184		258		211		221		423		411		411		402		395		385		367		357		337		482		304		318		292		299		396		298		281		330		338		355		358		392		298		277		294		326		315		432		417		389		414		517		389		396		376		372		384		420		430		440		442		528		514		459		467		482		618		514		607		622		644		633		642		581		587		580		570		599		539		568		534		76		159		
-1		442		450		679		679		210		184		205		174		137		125		56		81		93		111		112		105		99		107		113		68		126		78		181		35		25		73		6		0		5		5		46		33		57		119		269		272		252		297		303		319		307		241		236		137		123		231		245		119		129		127		157		169		177		177		167		171		216		196		156		138		142		230		317		320		335		243		210		219		206		207		200		191		173		178		252		205		215		417		405		405		396		389		379		361		351		331		476		298		312		286		293		390		292		275		324		332		349		352		386		292		271		288		320		309		426		411		383		408		511		383		390		370		366		378		414		424		434		436		522		508		453		461		476		612		508		601		616		638		627		636		575		581		574		564		593		533		562		528		70		153		
-1		437		445		674		674		215		189		210		179		142		130		61		86		98		116		117		110		104		112		118		73		131		83		186		40		30		78		11		5		0		10		51		38		52		114		264		267		247		292		298		314		302		236		231		132		118		226		240		114		124		122		152		164		172		172		162		166		211		191		151		133		137		225		312		315		330		238		205		214		201		202		195		186		168		173		247		200		210		412		400		400		391		384		374		356		346		326		471		293		307		281		288		385		287		270		319		327		344		347		381		287		266		283		315		304		421		406		378		403		506		378		385		365		361		373		409		419		429		431		517		503		448		456		471		607		503		596		611		633		622		631		570		576		569		559		588		528		557		523		65		148		
-1		447		455		684		684		215		189		210		179		142		130		61		86		98		116		117		110		104		112		118		73		131		83		186		40		30		78		11		5		10		0		41		28		62		124		274		277		257		302		308		324		312		246		241		142		128		236		250		124		134		132		162		174		182		182		172		176		221		201		161		143		147		235		322		325		340		248		215		224		211		212		205		196		178		183		257		210		220		422		410		410		401		394		384		366		356		336		481		303		317		291		298		395		297		280		329		337		354		357		391		297		276		293		325		314		431		416		388		413		516		388		395		375		371		383		419		429		439		441		527		513		458		466		481		617		513		606		621		643		632		641		580		586		579		569		598		538		567		533		75		158		
-1		488		496		725		725		256		230		251		220		183		171		102		127		139		157		158		151		145		153		159		114		172		124		227		81		71		119		52		46		51		41		0		69		103		165		315		318		298		343		349		365		353		287		282		183		169		277		291		165		175		173		203		215		223		223		213		217		262		242		202		184		188		276		363		366		381		289		256		265		252		253		246		237		219		224		298		251		261		463		451		451		442		435		425		407		397		377		522		344		358		332		339		436		338		321		370		378		395		398		432		338		317		334		366		355		472		457		429		454		557		429		436		416		412		424		460		470		480		482		568		554		499		507		522		658		554		647		662		684		673		682		621		627		620		610		639		579		608		574		116		199		
-1		475		483		712		712		243		217		238		207		170		158		89		114		126		144		145		138		132		140		146		101		159		111		214		68		58		106		39		33		38		28		69		0		90		152		302		305		285		330		336		352		340		274		269		170		156		264		278		152		162		160		190		202		210		210		200		204		249		229		189		171		175		263		350		353		368		276		243		252		239		240		233		224		206		211		285		238		248		450		438		438		429		422		412		394		384		364		509		331		345		319		326		423		325		308		357		365		382		385		419		325		304		321		353		342		459		444		416		441		544		416		423		403		399		411		447		457		467		469		555		541		486		494		509		645		541		634		649		671		660		669		608		614		607		597		626		566		595		561		103		186		
-1		385		393		622		622		178		152		173		142		105		93		24		49		61		79		80		73		67		75		81		83		141		93		196		92		82		130		63		57		52		62		103		90		0		62		212		215		195		240		246		262		250		184		179		80		66		174		188		62		72		70		100		112		120		120		110		114		159		139		99		81		85		173		260		263		278		186		153		162		149		150		143		134		116		121		195		148		158		360		348		348		339		332		322		304		294		274		419		241		255		229		236		333		235		218		267		275		292		295		329		235		214		231		263		252		369		354		326		351		454		326		333		313		309		321		357		367		377		379		465		451		396		404		419		555		451		544		559		581		570		579		518		524		517		507		536		476		505		471		13		96		
-1		323		331		560		560		240		214		235		204		167		155		86		111		123		141		142		135		129		137		143		145		203		155		258		154		144		192		125		119		114		124		165		152		62		0		150		153		133		178		184		200		188		122		117		18		4		112		126		77		67		85		115		127		115		115		105		109		97		77		37		19		54		111		198		201		216		124		91		100		87		88		81		72		54		59		133		86		96		298		286		286		277		270		260		242		232		212		357		179		193		167		174		271		173		156		205		213		230		233		267		173		152		169		201		190		307		292		264		289		392		264		271		251		247		259		295		305		315		317		403		389		334		342		357		493		389		482		497		519		508		517		456		462		455		445		474		414		443		409		49		91		
-1		369		377		606		606		299		273		294		263		226		214		145		170		182		200		201		194		188		196		202		204		262		214		317		213		203		251		184		178		173		183		224		211		121		59		0		4		17		29		35		51		39		34		33		64		63		45		38		136		126		144		174		186		174		174		164		168		156		136		96		78		113		170		244		247		262		170		137		146		133		136		127		118		100		105		179		132		142		344		332		332		323		316		306		288		278		258		403		225		239		213		220		317		219		202		251		259		276		279		313		219		198		215		247		236		353		338		310		335		438		310		317		297		293		305		341		351		361		363		449		435		380		388		403		539		435		528		543		565		554		563		502		508		501		491		520		460		489		455		108		150		
-1		372		380		609		609		336		310		331		300		263		251		182		207		219		237		238		231		225		233		239		241		299		251		354		250		240		288		221		215		210		220		261		248		158		96		37		0		20		25		31		47		35		37		36		67		100		48		41		173		163		181		211		223		211		211		201		205		193		173		133		115		150		207		247		250		265		173		140		149		136		139		130		121		103		108		182		135		145		347		335		335		326		319		309		291		281		261		406		228		242		216		223		320		222		205		254		262		279		282		316		222		201		218		250		239		356		341		313		338		441		313		320		300		296		308		344		354		364		366		452		438		383		391		406		542		438		531		546		568		557		566		505		511		504		494		523		463		492		458		145		187		
-1		352		360		589		589		316		290		311		280		243		231		162		187		199		217		218		211		205		213		219		221		279		231		334		230		220		268		201		195		190		200		241		228		138		76		17		20		0		45		51		67		55		17		16		47		80		28		21		153		143		161		191		203		191		191		181		185		173		153		113		95		130		187		227		230		245		153		120		129		116		119		110		101		83		88		162		115		125		327		315		315		306		299		289		271		261		241		386		208		222		196		203		300		202		185		234		242		259		262		296		202		181		198		230		219		336		321		293		318		421		293		300		280		276		288		324		334		344		346		432		418		363		371		386		522		418		511		526		548		537		546		485		491		484		474		503		443		472		438		125		167		
-1		397		405		634		634		361		335		356		325		288		276		207		232		244		262		263		256		250		258		264		266		324		276		379		275		265		313		246		240		235		245		286		273		183		121		62		25		45		0		6		22		10		62		61		92		125		73		66		198		188		206		236		248		236		236		226		230		218		198		158		140		175		232		272		275		290		198		165		174		161		164		155		146		128		133		207		160		170		372		360		360		351		344		334		316		306		286		431		253		267		241		248		345		247		230		279		287		304		307		341		247		226		243		275		264		381		366		338		363		466		338		345		325		321		333		369		379		389		391		477		463		408		416		431		567		463		556		571		593		582		591		530		536		529		519		548		488		517		483		170		212		
-1		437		445		674		674		401		375		396		365		328		316		247		272		284		302		303		296		290		298		304		306		364		316		419		315		305		353		286		280		275		285		326		313		223		161		102		65		85		40		0		18		30		102		101		132		165		113		106		238		228		246		276		288		276		276		266		270		258		238		198		180		215		272		312		315		330		238		205		214		201		204		195		186		168		173		247		200		210		412		400		400		391		384		374		356		346		326		471		293		307		281		288		385		287		270		319		327		344		347		381		287		266		283		315		304		421		406		378		403		506		378		385		365		361		373		409		419		429		431		517		503		448		456		471		607		503		596		611		633		622		631		570		576		569		559		588		528		557		523		210		252		
-1		419		427		656		656		383		357		378		347		310		298		229		254		266		284		285		278		272		280		286		288		346		298		401		297		287		335		268		262		257		267		308		295		205		143		84		47		67		22		18		0		12		84		83		114		147		95		88		220		210		228		258		270		258		258		248		252		240		220		180		162		197		254		294		297		312		220		187		196		183		186		177		168		150		155		229		182		192		394		382		382		373		366		356		338		328		308		453		275		289		263		270		367		269		252		301		309		326		329		363		269		248		265		297		286		403		388		360		385		488		360		367		347		343		355		391		401		411		413		499		485		430		438		453		589		485		578		593		615		604		613		552		558		551		541		570		510		539		505		192		234		
-1		407		415		644		644		371		345		366		335		298		286		217		242		254		272		273		266		260		268		274		276		334		286		389		285		275		323		256		250		245		255		296		283		193		131		72		35		55		10		16		12		0		72		71		102		135		83		76		208		198		216		246		258		246		246		236		240		228		208		168		150		185		242		282		285		300		208		175		184		171		174		165		156		138		143		217		170		180		382		370		370		361		354		344		326		316		296		441		263		277		251		258		355		257		240		289		297		314		317		351		257		236		253		285		274		391		376		348		373		476		348		355		335		331		343		379		389		399		401		487		473		418		426		441		577		473		566		581		603		592		601		540		546		539		529		558		498		527		493		180		222		
-1		352		360		589		589		333		307		328		297		260		248		179		204		216		234		235		228		222		230		236		238		296		248		351		247		237		285		218		212		207		217		258		245		155		93		34		37		17		62		68		84		72		0		16		47		97		11		4		170		160		178		208		220		208		208		198		202		190		170		130		112		147		190		227		230		245		153		120		129		116		119		110		101		83		88		162		115		125		327		315		315		306		299		289		271		261		241		386		208		222		196		203		300		202		185		234		242		259		262		296		202		181		198		230		219		336		321		293		318		421		293		300		280		276		288		324		334		344		346		432		418		363		371		386		522		418		511		526		548		537		546		485		491		484		474		503		443		472		438		142		184		
-1		336		344		573		573		332		306		327		296		259		247		178		203		215		233		234		227		221		229		235		237		295		247		350		246		236		284		217		211		206		216		257		244		154		92		33		36		16		61		67		83		71		5		0		31		96		16		9		169		159		177		207		219		207		207		197		201		188		169		129		111		146		174		211		214		229		137		104		113		100		103		94		85		67		72		146		99		109		311		299		299		290		283		273		255		245		225		370		192		206		180		187		284		186		169		218		226		243		246		280		186		165		182		214		203		320		305		277		302		405		277		284		264		260		272		308		318		328		330		416		402		347		355		370		506		402		495		510		532		521		530		469		475		468		458		487		427		456		422		141		183		
-1		305		313		542		542		431		405		426		395		358		346		277		302		314		332		333		326		320		328		334		336		394		346		449		345		335		383		316		310		305		315		356		343		253		191		132		135		115		160		166		182		170		104		99		0		195		94		108		268		258		276		286		274		262		220		210		206		157		177		228		210		245		143		180		183		198		106		73		82		69		72		63		54		36		41		115		68		78		280		268		268		259		252		242		224		214		194		339		161		175		149		156		253		155		138		187		195		212		215		249		155		134		151		183		172		289		274		246		271		374		246		253		233		229		241		277		287		297		299		385		371		316		324		339		475		371		464		479		501		490		499		438		444		437		427		456		396		425		391		240		238		
-1		319		327		556		556		244		218		239		208		171		159		90		115		127		145		146		139		133		141		147		149		207		159		262		158		148		196		129		123		118		128		169		156		66		4		146		149		129		174		180		196		184		118		113		14		0		108		122		73		63		81		111		123		111		111		101		105		93		73		33		15		50		107		194		197		212		120		87		96		83		84		77		68		50		55		129		82		92		294		282		282		273		266		256		238		228		208		353		175		189		163		170		267		169		152		201		209		226		229		263		169		148		165		197		186		303		288		260		285		388		260		267		247		243		255		291		301		311		313		399		385		330		338		353		489		385		478		493		515		504		513		452		458		451		441		470		410		439		405		53		87		
-1		341		349		578		578		337		311		332		301		264		252		183		208		220		238		239		232		226		234		240		242		300		252		355		251		241		289		222		216		211		221		262		249		159		97		38		41		21		66		72		88		76		10		5		36		101		0		14		174		164		182		212		224		212		212		202		206		193		174		134		116		151		179		216		219		234		142		109		118		105		108		99		90		72		77		151		104		114		316		304		304		295		288		278		260		250		230		375		197		211		185		192		289		191		174		223		231		248		251		285		191		170		187		219		208		325		310		282		307		410		282		289		269		265		277		313		323		333		335		421		407		352		360		375		511		407		500		515		537		526		535		474		480		473		463		492		432		461		427		146		188		
-1		348		356		585		585		344		318		339		308		271		259		190		215		227		245		246		239		233		241		247		249		307		259		362		258		248		296		229		223		218		228		269		256		166		104		45		48		28		73		79		95		83		17		12		43		108		7		0		181		171		189		219		231		219		219		209		213		200		181		141		123		158		186		223		226		241		149		116		125		112		115		106		97		79		84		158		111		121		323		311		311		302		295		285		267		257		237		382		204		218		192		199		296		198		181		230		238		255		258		292		198		177		194		226		215		332		317		289		314		417		289		296		276		272		284		320		330		340		342		428		414		359		367		382		518		414		507		522		544		533		542		481		487		480		470		499		439		468		434		153		195		
-1		378		386		615		615		240		214		235		204		167		155		86		111		123		141		142		135		129		137		143		145		203		155		258		154		144		192		125		119		114		124		165		152		62		98		248		251		231		276		282		298		286		220		215		116		102		210		224		0		10		8		38		50		58		58		48		52		101		116		76		58		23		115		226		229		244		152		146		155		142		127		136		145		152		157		231		184		194		353		341		341		332		325		315		297		287		267		412		234		248		222		229		326		201		184		233		241		258		261		295		201		180		197		256		218		362		347		319		344		447		319		326		306		302		314		350		360		370		372		458		444		389		397		412		548		444		537		552		574		563		572		511		517		510		500		529		469		498		464		49		34		
-1		368		376		605		605		250		224		245		214		177		165		96		121		133		151		152		145		139		147		153		155		213		165		268		164		154		202		135		129		124		134		175		162		72		108		241		244		224		269		275		291		279		213		208		126		112		203		217		10		0		18		48		60		48		48		38		42		91		106		66		48		13		105		216		219		234		142		136		145		132		117		126		135		153		150		224		177		187		343		331		331		322		315		305		287		277		257		402		224		238		212		219		316		191		174		223		231		248		251		285		191		170		187		246		208		352		337		309		334		437		309		316		296		292		304		340		350		360		362		448		434		379		387		402		538		434		527		542		564		553		562		501		507		500		490		519		459		488		454		59		24		
-1		427		435		664		664		352		326		347		316		279		267		198		223		235		253		254		247		241		249		255		257		315		267		370		266		256		304		237		231		226		236		277		264		174		210		300		303		283		328		334		350		338		272		267		228		214		262		276		112		102		0		30		42		54		102		92		96		145		165		168		150		115		159		270		273		288		196		195		204		191		176		185		194		212		209		283		236		246		402		390		390		381		374		364		346		336		316		461		283		297		271		278		375		245		228		277		285		302		305		339		245		224		241		305		262		411		396		368		393		496		368		375		355		351		363		399		409		419		421		507		493		438		446		461		597		493		586		601		623		612		621		560		566		559		549		578		518		547		513		161		78		
-1		397		405		634		634		322		296		317		286		249		237		168		193		205		223		224		217		211		219		225		227		285		237		340		236		226		274		207		201		196		206		247		234		144		180		270		273		253		298		304		320		308		242		237		198		184		232		246		82		72		30		0		12		24		72		62		66		115		135		138		120		85		129		240		243		258		166		165		174		161		146		155		164		182		179		253		206		216		372		360		360		351		344		334		316		306		286		431		253		267		241		248		345		215		198		247		255		272		275		309		215		194		211		275		232		381		366		338		363		466		338		345		325		321		333		369		379		389		391		477		463		408		416		431		567		463		556		571		593		582		591		530		536		529		519		548		488		517		483		131		48		
-1		385		393		622		622		310		284		305		274		237		225		156		181		193		211		212		205		199		207		213		215		273		225		328		224		214		262		195		189		184		194		235		222		132		168		258		261		241		286		292		308		296		230		225		186		172		220		234		70		60		42		12		0		12		60		50		54		103		123		126		108		73		117		228		231		246		154		153		162		149		134		143		152		170		167		241		194		204		360		348		348		339		332		322		304		294		274		419		241		255		229		236		333		203		186		235		243		260		263		297		203		182		199		263		220		369		354		326		351		454		326		333		313		309		321		357		367		377		379		465		451		396		404		419		555		451		544		559		581		570		579		518		524		517		507		536		476		505		471		119		36		
-1		373		381		610		610		298		272		293		262		225		213		144		169		181		199		200		193		187		195		201		203		261		213		316		212		202		250		183		177		172		182		223		210		120		156		246		249		229		274		280		296		284		218		213		174		160		208		222		58		48		54		24		12		0		48		38		42		91		111		114		96		61		105		216		219		234		142		141		150		137		122		131		140		158		155		229		182		192		348		336		336		327		320		310		292		282		262		407		229		243		217		224		321		191		174		223		231		248		251		285		191		170		187		251		208		357		342		314		339		442		314		321		301		297		309		345		355		365		367		453		439		384		392		407		543		439		532		547		569		558		567		506		512		505		495		524		464		493		459		107		24		
-1		367		375		604		604		292		266		287		256		219		207		138		163		175		193		194		187		181		189		195		197		255		207		310		206		196		244		177		171		166		176		217		204		114		150		240		243		223		268		274		290		278		212		207		168		154		202		216		52		42		60		66		54		42		0		32		36		85		105		108		90		55		99		210		213		228		136		135		144		131		116		125		134		152		149		223		176		186		342		330		330		321		314		304		286		276		256		401		223		237		211		218		315		185		168		217		225		242		245		279		185		164		181		245		202		351		336		308		333		436		308		315		295		291		303		339		349		359		361		447		433		378		386		401		537		433		526		541		563		552		561		500		506		499		489		518		458		487		453		101		18		
-1		335		343		572		572		302		276		297		266		229		217		148		173		185		203		204		197		191		199		205		207		265		217		320		216		206		254		187		181		176		186		227		214		124		160		208		211		191		236		242		258		246		180		175		156		164		170		184		62		52		70		76		64		52		10		0		4		53		73		118		100		65		67		178		181		196		104		103		112		99		84		93		102		120		117		191		144		154		310		298		298		289		282		272		254		244		224		369		191		205		179		186		283		153		136		185		193		210		213		247		153		132		149		213		170		319		304		276		301		404		276		283		263		259		271		307		317		327		329		415		401		346		354		369		505		401		494		509		531		520		529		468		474		467		457		486		426		455		421		111		28		
-1		331		339		568		568		306		280		301		270		233		221		152		177		189		207		208		201		195		203		209		211		269		221		324		220		210		258		191		185		180		190		231		218		128		164		204		207		187		232		238		254		242		176		171		152		168		166		180		66		56		74		80		68		56		14		4		0		49		69		122		104		69		63		174		177		192		100		99		108		95		80		89		98		116		113		187		140		150		306		294		294		285		278		268		250		240		220		365		187		201		175		182		279		149		132		181		189		206		209		243		149		128		145		209		166		315		300		272		297		400		272		279		259		255		267		303		313		323		325		411		397		342		350		365		501		397		490		505		527		516		525		464		470		463		453		482		422		451		417		115		32		
-1		282		290		519		519		355		329		350		319		282		270		201		226		238		256		257		250		244		252		258		260		318		270		373		269		259		307		240		234		229		239		280		267		177		213		155		158		138		183		189		205		193		127		122		103		217		117		131		115		105		123		129		117		105		63		53		49		0		20		171		153		118		14		125		128		143		51		50		59		46		31		40		49		67		64		138		91		101		257		245		245		236		229		219		201		191		171		316		138		152		126		133		230		100		83		132		140		157		160		194		100		79		96		160		117		266		251		223		248		351		223		230		210		206		218		254		264		274		276		362		348		293		301		316		452		348		441		456		478		467		476		415		421		414		404		433		373		402		368		164		81		
-1		262		270		499		499		375		349		370		339		302		290		221		246		258		276		277		270		264		272		278		280		338		290		393		289		279		327		260		254		249		259		300		287		197		194		135		138		118		163		169		185		173		107		102		83		198		97		111		135		125		143		149		137		125		83		73		69		20		0		191		173		138		34		137		140		155		63		30		39		26		11		20		29		47		44		118		71		81		237		225		225		216		209		199		181		171		151		296		118		132		106		113		210		112		95		144		152		169		172		206		112		91		108		140		129		246		231		203		228		331		203		210		190		186		198		234		244		254		256		342		328		273		281		296		432		328		421		436		458		447		456		395		401		394		384		413		353		382		348		184		101		
-1		302		310		539		539		294		268		289		258		221		209		140		165		177		195		196		189		183		191		197		199		257		209		312		208		198		246		179		173		168		178		219		206		116		152		175		178		158		203		209		225		213		147		142		123		156		137		151		54		44		62		92		104		92		92		82		86		60		40		0		18		31		74		177		180		195		103		70		79		66		51		60		69		87		84		158		111		121		277		265		265		256		249		239		221		211		191		336		158		172		146		153		250		152		135		184		192		209		212		246		152		131		148		180		169		286		271		243		268		371		243		250		230		226		238		274		284		294		296		382		368		313		321		336		472		368		461		476		498		487		496		435		441		434		424		453		393		422		388		103		68		
-1		320		328		557		557		298		272		293		262		225		213		144		169		181		199		200		193		187		195		201		203		261		213		316		212		202		250		183		177		172		182		223		210		120		156		193		196		176		221		227		243		231		165		160		141		160		155		169		58		48		66		96		108		96		96		86		90		78		58		18		0		35		92		195		198		213		121		88		97		84		69		78		87		105		102		176		129		139		295		283		283		274		267		257		239		229		209		354		176		190		164		171		268		170		153		202		210		227		230		264		170		149		166		198		187		304		289		261		286		389		261		268		248		244		256		292		302		312		314		400		386		331		339		354		490		386		479		494		516		505		514		453		459		452		442		471		411		440		406		107		72		
-1		355		363		592		592		263		237		258		227		190		178		109		134		146		164		165		158		152		160		166		168		226		178		281		177		167		215		148		142		137		147		188		175		85		121		228		231		211		256		262		278		266		200		195		139		125		190		204		23		13		31		61		73		61		61		51		55		104		93		53		35		0		118		229		232		247		155		123		132		119		104		113		122		140		137		211		164		174		330		318		318		309		302		292		274		264		244		389		211		225		199		206		303		204		187		236		244		261		264		298		204		183		200		233		221		339		324		296		321		424		296		303		283		279		291		327		337		347		349		435		421		366		374		389		525		421		514		529		551		540		549		488		494		487		477		506		446		475		441		72		37		
-1		296		304		533		533		369		343		364		333		296		284		215		240		252		270		271		264		258		266		272		274		332		284		387		283		273		321		254		248		243		253		294		281		191		227		169		172		152		197		203		219		207		141		136		117		231		131		145		129		119		137		143		131		119		77		67		63		14		34		185		167		132		0		111		114		129		37		64		73		60		45		54		63		81		78		152		105		115		271		259		259		250		243		233		215		205		185		330		152		166		140		147		244		86		69		118		126		143		146		180		86		65		82		174		103		280		265		237		262		365		237		244		224		220		232		268		278		288		290		376		362		307		315		330		466		362		455		470		492		481		490		429		435		428		418		447		387		416		382		178		95		
-1		303		311		540		540		360		334		355		324		287		275		206		231		243		261		262		255		249		257		263		265		323		275		378		274		264		312		245		239		234		244		285		272		182		218		176		179		159		204		210		226		214		148		143		124		222		138		152		120		110		128		134		122		110		68		58		54		21		41		176		158		123		7		0		9		24		44		71		80		67		52		61		70		88		85		159		112		122		278		266		266		257		250		240		222		212		192		337		159		173		147		154		251		25		42		91		99		116		119		153		59		46		63		181		84		287		272		244		269		372		244		251		231		227		239		275		285		295		297		383		369		314		322		337		473		369		462		477		499		488		497		436		442		435		425		454		394		423		389		169		86		
-1		312		320		549		549		351		325		346		315		278		266		197		222		234		252		253		246		240		248		254		256		314		266		369		265		255		303		236		230		225		235		276		263		173		209		185		188		168		213		219		235		223		157		152		133		213		147		161		111		101		119		125		113		101		59		49		45		30		50		167		149		114		16		9		0		15		53		80		89		76		61		70		79		97		94		168		121		131		287		275		275		266		259		249		231		221		201		346		168		182		156		163		260		28		45		94		102		119		122		156		62		49		66		190		87		296		281		253		278		381		253		260		240		236		248		284		294		304		306		392		378		323		331		346		482		378		471		486		508		497		506		445		451		444		434		463		403		432		398		160		77		
-1		327		335		564		564		336		310		331		300		263		251		182		207		219		237		238		231		225		233		239		241		299		251		354		250		240		288		221		215		210		220		261		248		158		194		200		203		183		228		234		250		238		172		167		148		198		162		176		96		86		104		110		98		86		44		34		30		45		65		152		134		99		31		24		15		0		68		95		104		91		76		85		94		112		109		183		136		146		302		290		290		281		274		264		246		236		216		361		183		197		171		178		275		43		60		109		117		134		137		171		77		64		81		205		102		311		296		268		293		396		268		275		255		251		263		299		309		319		321		407		393		338		346		361		497		393		486		501		523		512		521		460		466		459		449		478		418		447		413		145		62		
-1		333		341		570		570		406		380		401		370		333		321		252		277		289		307		308		301		295		303		309		311		369		321		424		320		310		358		291		285		280		290		331		318		228		264		206		209		189		234		240		256		244		178		173		154		268		168		182		166		156		174		180		168		156		114		104		100		51		71		222		204		169		37		74		77		92		0		101		110		97		82		91		100		118		115		189		142		152		308		296		296		287		280		270		252		242		222		367		189		203		177		184		281		49		32		81		89		106		109		143		49		28		45		211		66		317		302		274		299		402		274		281		261		257		269		305		315		325		327		413		399		344		352		367		503		399		492		507		529		518		527		466		472		465		455		484		424		453		419		215		132		
-1		232		240		469		469		439		413		434		403		366		354		285		310		322		340		341		334		328		336		342		344		402		354		457		353		343		391		324		318		313		323		364		351		261		297		239		242		222		267		273		289		277		211		206		187		301		201		215		199		189		207		213		201		189		147		137		133		84		104		255		237		202		70		107		110		125		33		0		9		130		115		124		133		151		148		222		175		185		207		195		195		186		179		169		151		141		121		266		88		102		76		83		180		82		65		114		122		139		142		176		82		61		78		110		99		216		201		173		198		301		173		180		160		156		168		204		214		224		226		312		298		243		251		266		402		298		391		406		428		417		426		365		371		364		354		383		323		352		318		248		165		
-1		223		231		460		460		448		422		443		412		375		363		294		319		331		349		350		343		337		345		351		353		411		363		466		362		352		400		333		327		322		332		373		360		270		306		248		251		231		276		282		298		286		220		215		196		310		210		224		208		198		216		222		210		198		156		146		142		93		113		264		246		211		79		116		119		134		42		9		0		139		124		133		142		160		157		231		184		194		198		186		186		177		170		160		142		132		112		257		79		93		67		74		171		91		74		123		131		148		151		185		91		70		87		101		108		207		192		164		189		292		164		171		151		147		159		195		205		215		217		303		289		234		242		257		393		289		382		397		419		408		417		356		362		355		345		374		314		343		309		257		174		
-1		236		244		473		473		420		394		415		384		347		335		266		291		303		321		322		315		309		317		323		325		383		335		438		334		324		372		305		299		294		304		345		332		242		180		121		124		104		149		155		171		159		93		88		69		184		83		97		203		193		211		217		205		193		151		141		137		88		108		217		199		206		74		111		114		129		37		4		13		0		8		6		15		33		30		104		57		67		211		199		199		190		183		173		155		145		125		270		92		106		80		87		184		86		69		118		126		143		146		180		86		65		82		114		103		220		205		177		202		305		177		184		164		160		172		208		218		228		230		316		302		247		255		270		406		302		395		410		432		421		430		369		375		368		358		387		327		356		322		229		169		
-1		251		259		488		488		423		397		418		387		350		338		269		294		306		324		325		318		312		320		326		328		386		338		441		337		327		375		308		302		297		307		348		335		245		183		124		127		107		152		158		174		162		96		91		72		187		86		100		218		208		226		232		220		208		166		156		152		103		123		220		202		221		89		126		129		144		52		19		28		15		0		9		18		36		33		107		60		70		226		214		214		205		198		188		170		160		140		285		107		121		95		102		199		101		84		133		141		158		161		195		101		80		97		129		118		235		220		192		217		320		192		199		179		175		187		223		233		243		245		331		317		262		270		285		421		317		410		425		447		436		445		384		390		383		373		402		342		371		337		232		184		
-1		242		250		479		479		414		388		409		378		341		329		260		285		297		315		316		309		303		311		317		319		377		329		432		328		318		366		299		293		288		298		339		326		236		174		115		118		98		143		149		165		153		87		82		63		178		77		91		209		199		217		223		211		199		157		147		143		94		114		211		193		212		80		117		120		135		43		10		19		6		9		0		9		27		24		98		51		61		217		205		205		196		189		179		161		151		131		276		98		112		86		93		190		92		75		124		132		149		152		186		92		71		88		120		109		226		211		183		208		311		183		190		170		166		178		214		224		234		236		322		308		253		261		276		412		308		401		416		438		427		436		375		381		374		364		393		333		362		328		223		175		
-1		251		259		488		488		405		379		400		369		332		320		251		276		288		306		307		300		294		302		308		310		368		320		423		319		309		357		290		284		279		289		330		317		227		165		106		109		89		134		140		156		144		78		73		54		169		68		82		218		208		226		232		220		208		166		156		152		103		123		202		184		219		89		126		129		144		52		19		28		15		18		9		0		18		15		89		42		52		226		214		214		205		198		188		170		160		140		285		107		121		95		102		199		101		84		133		141		158		161		195		101		80		97		129		118		235		220		192		217		320		192		199		179		175		187		223		233		243		245		331		317		262		270		285		421		317		410		425		447		436		445		384		390		383		373		402		342		371		337		214		184		
-1		269		277		506		506		395		369		390		359		322		310		241		266		278		296		297		290		284		292		298		300		358		310		413		309		299		347		280		274		269		279		320		307		217		155		96		99		79		124		130		146		134		68		63		36		159		58		72		232		222		240		250		238		226		184		174		170		121		141		192		174		209		107		144		147		162		70		37		46		33		36		27		18		0		5		79		32		42		244		232		232		223		216		206		188		178		158		303		125		139		113		120		217		119		102		151		159		176		179		213		119		98		115		147		136		253		238		210		235		338		210		217		197		193		205		241		251		261		263		349		335		280		288		303		439		335		428		443		465		454		463		402		408		401		391		420		360		389		355		204		202		
-1		274		282		511		511		390		364		385		354		317		305		236		261		273		291		292		285		279		287		293		295		353		305		408		304		294		342		275		269		264		274		315		302		212		150		91		94		74		119		125		141		129		63		58		41		154		53		67		227		217		235		255		243		231		189		179		175		126		146		187		169		204		112		149		152		167		75		42		51		38		41		32		23		5		0		74		27		37		249		237		237		228		221		211		193		183		163		308		130		144		118		125		222		124		107		156		164		181		184		218		124		103		120		152		141		258		243		215		240		343		215		222		202		198		210		246		256		266		268		354		340		285		293		308		444		340		433		448		470		459		468		407		413		406		396		425		365		394		360		199		207		
-1		278		286		515		515		410		384		405		374		337		325		256		281		293		311		312		305		299		307		313		315		373		325		428		324		314		362		295		289		284		294		335		322		232		170		111		114		94		139		145		161		149		83		78		99		174		73		87		245		235		253		259		247		235		193		183		179		130		150		207		189		224		116		153		156		171		79		46		55		42		45		36		45		63		60		0		47		57		253		241		241		232		225		215		197		187		167		312		134		148		122		129		226		128		111		160		168		185		188		222		128		107		124		156		145		262		247		219		244		347		219		226		206		202		214		250		260		270		272		358		344		289		297		312		448		344		437		452		474		463		472		411		417		410		400		429		369		398		364		219		211		
-1		301		309		538		538		363		337		358		327		290		278		209		234		246		264		265		258		252		260		266		268		326		278		381		277		267		315		248		242		237		247		288		275		185		123		64		67		47		92		98		114		102		36		31		62		127		26		40		200		190		208		238		250		238		216		206		202		153		173		160		142		177		139		176		179		194		102		69		78		65		68		59		50		32		27		47		0		10		276		264		264		255		248		238		220		210		190		335		157		171		145		152		249		151		134		183		191		208		211		245		151		130		147		179		168		285		270		242		267		370		242		249		229		225		237		273		283		293		295		381		367		312		320		335		471		367		460		475		497		486		495		434		440		433		423		452		392		421		387		172		214		
-1		357		365		594		594		353		327		348		317		280		268		199		224		236		254		255		248		242		250		256		258		316		268		371		267		257		305		238		232		227		237		278		265		175		113		54		57		37		82		88		104		92		26		21		52		117		16		30		190		180		198		228		240		228		228		218		222		209		190		150		132		167		195		232		235		250		158		125		134		121		124		115		106		88		93		167		120		0		332		320		320		311		304		294		276		266		246		391		213		227		201		208		305		207		190		239		247		264		267		301		207		186		203		235		224		341		326		298		323		426		298		305		285		281		293		329		339		349		351		437		423		368		376		391		527		423		516		531		553		542		551		490		496		489		479		508		448		477		443		162		204		
-1		372		380		609		609		368		342		363		332		295		283		214		239		251		269		270		263		257		265		271		273		331		283		386		282		272		320		253		247		242		252		293		280		190		128		69		72		52		97		103		119		107		41		36		67		132		31		45		205		195		213		243		255		243		243		233		237		224		205		165		147		182		210		247		250		265		173		140		149		136		139		130		121		103		108		182		135		15		0		12		24		21		48		38		56		66		86		406		98		84		216		223		74		222		205		254		262		279		282		316		222		201		218		250		239		356		341		313		338		441		313		320		300		296		308		344		354		364		366		452		438		383		391		406		542		438		531		546		568		557		566		505		511		504		494		523		463		492		458		177		219		
-1		384		392		621		621		380		354		375		344		307		295		226		251		263		281		282		275		269		277		283		285		343		295		398		294		284		332		265		259		254		264		305		292		202		140		81		84		64		109		115		131		119		53		48		79		144		43		57		217		207		225		255		267		255		255		245		249		236		217		177		159		194		222		259		262		277		185		152		161		148		151		142		133		115		120		194		147		27		12		0		12		9		36		26		44		54		74		418		86		72		228		235		62		234		217		266		274		291		294		328		234		213		230		262		251		368		353		325		350		453		325		332		312		308		320		356		366		376		378		464		450		395		403		418		554		450		543		558		580		569		578		517		523		516		506		535		475		504		470		189		231		
-1		396		404		633		633		392		366		387		356		319		307		238		263		275		293		294		287		281		289		295		297		355		307		410		306		296		344		277		271		266		276		317		304		214		152		93		96		76		121		127		143		131		65		60		91		156		55		69		229		219		237		267		279		267		267		257		261		248		229		189		171		206		234		271		274		289		197		164		173		160		163		154		145		127		132		206		159		39		24		12		0		21		48		38		56		66		86		430		98		84		240		247		74		246		229		278		286		303		306		340		246		225		242		274		263		380		365		337		362		465		337		344		324		320		332		368		378		388		390		476		462		407		415		430		566		462		555		570		592		581		590		529		535		528		518		547		487		516		482		201		243		
-1		393		401		630		630		389		363		384		353		316		304		235		260		272		290		291		284		278		286		292		294		352		304		407		303		293		341		274		268		263		273		314		301		211		149		90		93		73		118		124		140		128		62		57		88		153		52		66		226		216		234		264		276		264		264		254		258		245		226		186		168		203		231		268		271		286		194		161		170		157		160		151		142		124		129		203		156		36		21		9		10		0		27		17		35		45		65		427		77		63		237		244		53		243		226		275		283		300		303		337		243		222		239		271		260		377		362		334		359		462		334		341		321		317		329		365		375		385		387		473		459		404		412		427		563		459		552		567		589		578		587		526		532		525		515		544		484		513		479		198		240		
-1		412		420		649		649		408		382		403		372		335		323		254		279		291		309		310		303		297		305		311		313		371		323		426		322		312		360		293		287		282		292		333		320		230		168		109		112		92		137		143		159		147		81		76		107		172		71		85		245		235		253		283		295		283		283		273		277		264		245		205		187		222		250		287		290		305		213		180		189		176		179		170		161		143		148		222		175		55		40		28		16		27		0		10		13		23		43		446		50		36		256		263		26		262		245		294		302		319		322		356		262		241		258		290		279		396		381		353		378		481		353		360		340		336		348		384		394		404		406		492		478		423		431		446		582		478		571		586		608		597		606		545		551		544		534		563		503		532		498		217		259		
-1		410		418		647		647		406		380		401		370		333		321		252		277		289		307		308		301		295		303		309		311		369		321		424		320		310		358		291		285		280		290		331		318		228		166		107		110		90		135		141		157		145		79		74		105		170		69		83		243		233		251		281		293		281		281		271		275		262		243		203		185		220		248		285		288		303		211		178		187		174		177		168		159		141		146		220		173		53		38		26		26		17		10		0		18		28		48		444		60		46		254		261		36		260		243		292		300		317		320		354		260		239		256		288		277		394		379		351		376		479		351		358		338		334		346		382		392		402		404		490		476		421		429		444		580		476		569		584		606		595		604		543		549		542		532		561		501		530		496		215		257		
-1		428		436		665		665		424		398		419		388		351		339		270		295		307		325		326		319		313		321		327		329		387		339		442		338		328		376		309		303		298		308		349		336		246		184		125		128		108		153		159		175		163		97		92		123		188		87		101		261		251		269		299		311		299		299		289		293		280		261		221		203		238		266		303		306		321		229		196		205		192		195		186		177		159		164		238		191		71		56		44		44		35		28		18		0		10		30		462		53		39		272		279		29		278		261		310		318		335		338		372		278		257		274		306		295		412		397		369		394		497		369		376		356		352		364		400		410		420		422		508		494		439		447		462		598		494		587		602		624		613		622		561		567		560		550		579		519		548		514		233		275		
-1		438		446		675		675		434		408		429		398		361		349		280		305		317		335		336		329		323		331		337		339		397		349		452		348		338		386		319		313		308		318		359		346		256		194		135		138		118		163		169		185		173		107		102		133		198		97		111		271		261		279		309		321		309		309		299		303		290		271		231		213		248		276		313		316		331		239		206		215		202		205		196		187		169		174		248		201		81		66		54		54		45		38		28		10		0		20		472		63		49		282		289		39		288		271		320		328		345		348		382		288		267		284		316		305		422		407		379		404		507		379		386		366		362		374		410		420		430		432		518		504		449		457		472		608		504		597		612		634		623		632		571		577		570		560		589		529		558		524		243		285		
-1		458		466		695		695		454		428		449		418		381		369		300		325		337		355		356		349		343		351		357		359		417		369		472		368		358		406		339		333		328		338		379		366		276		214		155		158		138		183		189		205		193		127		122		153		218		117		131		291		281		299		329		341		329		329		319		323		310		291		251		233		268		296		333		336		351		259		226		235		222		225		216		207		189		194		268		221		101		86		74		74		65		58		48		30		20		0		492		83		69		302		309		59		308		291		340		348		365		368		402		308		287		304		336		325		442		427		399		424		527		399		406		386		382		394		430		440		450		452		538		524		469		477		492		628		524		617		632		654		643		652		591		597		590		580		609		549		578		544		263		305		
-1		462		470		699		699		458		432		453		422		385		373		304		329		341		359		360		353		347		355		361		363		421		373		476		372		362		410		343		337		332		342		383		370		280		218		159		162		142		187		193		209		197		131		126		157		222		121		135		295		285		303		333		345		333		333		323		327		314		295		255		237		272		300		337		340		355		263		230		239		226		229		220		211		193		198		272		225		105		90		78		78		69		62		52		34		24		4		0		87		73		306		313		63		312		295		344		352		369		372		406		312		291		308		340		329		446		431		403		428		531		403		410		390		386		398		434		444		454		456		542		528		473		481		496		632		528		621		636		658		647		656		595		601		594		584		613		553		582		548		267		309		
-1		491		499		728		728		487		461		482		451		414		402		333		358		370		388		389		382		376		384		390		392		450		402		505		401		391		439		372		366		361		371		412		399		309		247		188		191		171		216		222		238		226		160		155		186		251		150		164		324		314		332		362		374		362		362		352		356		343		324		284		266		301		329		366		369		384		292		259		268		255		258		249		240		222		227		301		254		134		119		107		107		98		91		81		63		53		33		525		0		14		335		342		92		341		324		373		381		398		401		435		341		320		337		369		358		475		460		432		457		560		432		439		419		415		427		463		473		483		485		571		557		502		510		525		661		557		650		665		687		676		685		624		630		623		613		642		582		611		577		296		338		
-1		505		513		742		742		501		475		496		465		428		416		347		372		384		402		403		396		390		398		404		406		464		416		519		415		405		453		386		380		375		385		426		413		323		261		202		205		185		230		236		252		240		174		169		200		265		164		178		338		328		346		376		388		376		376		366		370		357		338		298		280		315		343		380		383		398		306		273		282		269		272		263		254		236		241		315		268		148		133		121		121		112		105		95		77		67		47		539		14		0		349		356		106		355		338		387		395		412		415		449		355		334		351		383		372		489		474		446		471		574		446		453		433		429		441		477		487		497		499		585		571		516		524		539		675		571		664		679		701		690		699		638		644		637		627		656		596		625		591		310		352		
-1		156		164		393		393		482		456		477		446		409		397		328		353		365		383		384		377		371		379		385		387		445		397		500		396		386		434		367		361		356		366		407		394		304		259		200		203		183		228		234		250		238		172		167		198		263		162		176		242		232		250		256		244		232		190		180		176		127		147		296		278		245		113		139		142		157		76		177		186		173		158		167		176		194		191		265		218		146		131		119		119		110		103		93		75		65		45		190		12		26		0		7		104		114		97		146		154		171		174		208		114		93		76		34		97		140		125		97		122		225		97		104		84		80		92		128		138		148		150		236		222		167		175		190		326		222		315		330		352		341		350		289		295		288		278		307		247		276		242		291		208		
-1		149		157		386		386		475		449		470		439		402		390		321		346		358		376		377		370		364		372		378		380		438		390		493		389		379		427		360		354		349		359		400		387		297		333		275		278		258		303		309		325		313		247		242		223		337		237		251		235		225		243		249		237		225		183		173		169		120		140		291		273		238		106		132		135		150		69		170		179		166		151		160		169		187		184		258		211		221		273		261		261		252		245		235		217		207		187		183		258		256		246		0		246		107		90		139		147		164		167		201		107		86		69		27		90		133		118		90		115		218		90		97		77		73		85		121		131		141		143		229		215		160		168		183		319		215		308		323		345		334		343		282		288		281		271		300		240		269		235		284		201		
-1		438		446		675		675		434		408		429		398		361		349		280		305		317		335		336		329		323		331		337		339		397		349		452		348		338		386		319		313		308		318		359		346		256		194		135		138		118		163		169		185		173		107		102		133		198		97		111		271		261		279		309		321		309		309		299		303		290		271		231		213		248		276		313		316		331		239		206		215		202		205		196		187		169		174		248		201		81		66		54		42		53		26		36		39		49		57		472		24		10		282		289		0		288		271		320		328		345		348		382		288		267		284		316		305		422		407		379		404		507		379		386		366		362		374		410		420		430		432		518		504		449		457		472		608		504		597		612		634		623		632		571		577		570		560		589		529		558		524		243		285		
-1		328		336		565		565		379		353		374		343		306		294		225		250		262		280		281		274		268		276		282		284		342		294		397		293		283		331		264		258		253		263		304		291		201		237		201		204		184		229		235		251		239		173		168		149		241		163		177		139		129		147		153		141		129		87		77		73		46		66		195		177		142		32		25		28		43		69		96		105		92		77		86		95		113		110		184		137		147		303		291		291		282		275		265		247		237		217		362		184		198		172		179		276		0		17		66		74		91		94		128		34		21		38		206		59		312		297		269		294		397		269		276		256		252		264		300		310		320		322		408		394		339		347		362		498		394		487		502		524		513		522		461		467		460		450		479		419		448		414		188		105		
-1		345		353		582		582		396		370		391		360		323		311		242		267		279		297		298		291		285		293		299		301		359		311		414		310		300		348		281		275		270		280		321		308		218		254		218		221		201		246		252		268		256		190		185		166		258		180		194		156		146		164		170		158		146		104		94		90		63		83		212		194		159		49		42		45		60		86		113		122		109		94		103		112		130		127		201		154		164		320		308		308		299		292		282		264		254		234		379		201		215		189		196		293		17		0		49		57		74		77		111		17		4		21		223		42		329		314		286		311		414		286		293		273		269		281		317		327		337		339		425		411		356		364		379		515		411		504		519		541		530		539		478		484		477		467		496		436		465		431		205		122		
-1		457		465		694		694		508		482		503		472		435		423		354		379		391		409		410		403		397		405		411		413		471		423		526		422		412		460		393		387		382		392		433		420		330		366		330		333		313		358		364		380		368		302		297		278		370		292		306		268		258		276		282		270		258		216		206		202		175		195		324		306		271		161		154		157		172		198		225		234		221		206		215		224		242		239		313		266		276		432		420		420		411		404		394		376		366		346		491		313		327		301		308		405		129		112		0		8		25		28		62		95		116		133		335		154		441		426		398		423		526		398		405		385		381		393		429		439		449		451		537		523		468		476		491		627		523		616		631		653		642		651		590		596		589		579		608		548		577		543		317		234		
-1		449		457		686		686		500		474		495		464		427		415		346		371		383		401		402		395		389		397		403		405		463		415		518		414		404		452		385		379		374		384		425		412		322		358		322		325		305		350		356		372		360		294		289		270		362		284		298		260		250		268		274		262		250		208		198		194		167		187		316		298		263		153		146		149		164		190		217		226		213		198		207		216		234		231		305		258		268		424		412		412		403		396		386		368		358		338		483		305		319		293		300		397		121		104		8		0		17		20		54		87		108		125		327		146		433		418		390		415		518		390		397		377		373		385		421		431		441		443		529		515		460		468		483		619		515		608		623		645		634		643		582		588		581		571		600		540		569		535		309		226		
-1		432		440		669		669		483		457		478		447		410		398		329		354		366		384		385		378		372		380		386		388		446		398		501		397		387		435		368		362		357		367		408		395		305		341		305		308		288		333		339		355		343		277		272		253		345		267		281		243		233		251		257		245		233		191		181		177		150		170		299		281		246		136		129		132		147		173		200		209		196		181		190		199		217		214		288		241		251		407		395		395		386		379		369		351		341		321		466		288		302		276		283		380		104		87		25		17		0		3		37		70		91		108		310		129		416		401		373		398		501		373		380		360		356		368		404		414		424		426		512		498		443		451		466		602		498		591		606		628		617		626		565		571		564		554		583		523		552		518		292		209		
-1		435		443		672		672		486		460		481		450		413		401		332		357		369		387		388		381		375		383		389		391		449		401		504		400		390		438		371		365		360		370		411		398		308		344		308		311		291		336		342		358		346		280		275		256		348		270		284		246		236		254		260		248		236		194		184		180		153		173		302		284		249		139		132		135		150		176		203		212		199		184		193		202		220		217		291		244		254		410		398		398		389		382		372		354		344		324		469		291		305		279		286		383		107		90		28		20		3		0		40		73		94		111		313		132		419		404		376		401		504		376		383		363		359		371		407		417		427		429		515		501		446		454		469		605		501		594		609		631		620		629		568		574		567		557		586		526		555		521		295		212		
-1		395		403		632		632		446		420		441		410		373		361		292		317		329		347		348		341		335		343		349		351		409		361		464		360		350		398		331		325		320		330		371		358		268		304		268		271		251		296		302		318		306		240		235		216		308		230		244		206		196		214		220		208		196		154		144		140		113		133		262		244		209		99		92		95		110		136		163		172		159		144		153		162		180		177		251		204		214		370		358		358		349		342		332		314		304		284		429		251		265		239		246		343		67		50		18		10		27		30		0		33		54		71		273		92		379		364		336		361		464		336		343		323		319		331		367		377		387		389		475		461		406		414		429		565		461		554		569		591		580		589		528		534		527		517		546		486		515		481		255		172		
-1		362		370		599		599		413		387		408		377		340		328		259		284		296		314		315		308		302		310		316		318		376		328		431		327		317		365		298		292		287		297		338		325		235		271		235		238		218		263		269		285		273		207		202		183		275		197		211		173		163		181		187		175		163		121		111		107		80		100		229		211		176		66		59		62		77		103		130		139		126		111		120		129		147		144		218		171		181		337		325		325		316		309		299		281		271		251		396		218		232		206		213		310		34		17		66		74		91		94		128		0		21		38		240		59		346		331		303		328		431		303		310		290		286		298		334		344		354		356		442		428		373		381		396		532		428		521		536		558		547		556		495		501		494		484		513		453		482		448		222		139		
-1		349		357		586		586		400		374		395		364		327		315		246		271		283		301		302		295		289		297		303		305		363		315		418		314		304		352		285		279		274		284		325		312		222		258		222		225		205		250		256		272		260		194		189		170		262		184		198		160		150		168		174		162		150		108		98		94		67		87		216		198		163		53		46		49		64		90		117		126		113		98		107		116		134		131		205		158		168		324		312		312		303		296		286		268		258		238		383		205		219		193		200		297		21		4		53		61		78		81		115		21		0		17		227		38		333		318		290		315		418		290		297		277		273		285		321		331		341		343		429		415		360		368		383		519		415		508		523		545		534		543		482		488		481		471		500		440		469		435		209		126		
-1		366		374		603		603		417		391		412		381		344		332		263		288		300		318		319		312		306		314		320		322		380		332		435		331		321		369		302		296		291		301		342		329		239		275		239		242		222		267		273		289		277		211		206		187		279		201		215		177		167		185		191		179		167		125		115		111		84		104		233		215		180		70		63		66		81		107		134		143		130		115		124		133		151		148		222		175		185		341		329		329		320		313		303		285		275		255		400		222		236		210		217		314		38		21		70		78		95		98		132		38		17		0		244		21		350		335		307		332		435		307		314		294		290		302		338		348		358		360		446		432		377		385		400		536		432		525		540		562		551		560		499		505		498		488		517		457		486		452		226		143		
-1		122		130		359		359		459		433		454		423		386		374		305		330		342		360		361		354		348		356		362		364		422		374		477		373		363		411		344		338		333		343		384		371		281		317		281		284		264		309		315		331		319		253		248		229		321		243		257		219		209		227		233		221		209		167		157		153		126		146		275		257		222		112		105		108		123		96		176		185		172		157		166		175		193		190		264		217		227		246		234		234		225		218		208		190		180		160		156		243		229		252		27		219		80		63		112		120		137		140		174		80		59		42		0		63		106		91		63		88		191		63		70		50		46		58		94		104		114		116		202		188		133		141		156		292		188		281		296		318		307		316		255		261		254		244		273		213		242		208		268		185		
-1		387		395		624		624		438		412		433		402		365		353		284		309		321		339		340		333		327		335		341		343		401		353		456		352		342		390		323		317		312		322		363		350		260		296		260		263		243		288		294		310		298		232		227		208		300		222		236		198		188		206		212		200		188		146		136		132		105		125		254		236		201		91		84		87		102		128		155		164		151		136		145		154		172		169		243		196		206		362		350		350		341		334		324		306		296		276		421		243		257		231		238		335		59		42		91		99		116		119		153		59		38		21		265		0		371		356		328		353		456		328		335		315		311		323		359		369		379		381		467		453		398		406		421		557		453		546		561		583		572		581		520		526		519		509		538		478		507		473		247		164		
-1		136		144		373		373		444		418		439		408		371		359		290		315		327		345		346		339		333		341		347		349		407		359		462		358		348		396		329		323		318		328		369		356		266		302		266		269		249		294		300		316		304		238		233		214		306		228		242		204		194		212		218		206		194		152		142		138		111		131		260		242		207		97		90		93		108		134		161		170		157		142		151		160		178		175		249		202		212		260		248		248		239		232		222		204		194		174		170		249		243		237		165		233		65		48		97		105		122		125		159		65		44		27		192		6		0		15		43		53		156		51		58		56		60		72		108		118		128		130		216		202		147		155		170		306		202		295		310		332		321		330		269		275		268		258		287		227		256		222		253		170		
-1		121		129		358		358		459		433		454		423		386		374		305		330		342		360		361		354		348		356		362		364		422		374		477		373		363		411		344		338		333		343		384		371		281		317		281		284		264		309		315		331		319		253		248		229		321		243		257		219		209		227		233		221		209		167		157		153		126		146		275		257		222		112		105		108		123		149		176		185		172		157		166		175		193		190		264		217		227		245		233		233		224		217		207		189		179		159		155		242		228		252		150		218		80		63		112		120		137		140		174		80		59		42		177		21		15		0		28		38		141		36		43		41		45		57		93		103		113		115		201		187		132		140		155		291		187		280		295		317		306		315		254		260		253		243		272		212		241		207		268		185		
-1		93		101		330		330		487		461		482		451		414		402		333		358		370		388		389		382		376		384		390		392		450		402		505		401		391		439		372		366		361		371		412		399		309		345		286		289		269		314		320		336		324		258		253		257		349		248		262		247		237		255		261		249		237		195		185		181		154		174		303		285		250		140		133		136		151		177		204		213		200		185		194		203		221		218		292		245		232		217		205		205		196		189		179		161		151		131		127		214		200		280		122		190		108		91		140		148		165		168		202		108		87		70		149		49		43		28		0		25		128		8		15		13		17		29		65		75		85		87		173		159		104		112		127		263		159		252		267		289		278		287		226		232		225		215		244		184		213		179		296		213		
-1		118		126		355		355		497		471		492		461		424		412		343		368		380		398		399		392		386		394		400		402		460		412		515		411		401		449		382		376		371		381		422		409		319		355		311		314		294		339		345		361		349		283		278		267		359		273		287		257		247		265		271		259		247		205		195		191		164		184		313		295		260		150		143		146		161		187		214		223		210		195		204		213		231		228		302		255		257		242		230		230		221		214		204		186		176		156		152		239		225		290		147		215		118		101		150		158		175		178		212		118		97		80		174		59		53		38		25		0		103		33		40		38		42		54		90		100		110		112		198		184		129		137		152		288		184		277		292		314		303		312		251		257		250		240		269		209		238		204		306		223		
-1		221		229		458		458		600		574		595		564		527		515		446		471		483		501		502		495		489		497		503		505		563		515		618		514		504		552		485		479		474		484		525		512		422		458		414		417		397		442		448		464		452		386		381		370		462		376		390		360		350		368		374		362		350		308		298		294		267		287		416		398		363		253		246		249		264		290		317		326		313		298		307		316		334		331		405		358		360		345		333		333		324		317		307		289		279		259		255		342		328		393		250		318		221		204		253		261		278		281		315		221		200		183		277		162		156		141		128		103		0		136		143		141		145		157		193		203		213		215		301		287		232		240		255		391		287		380		395		417		406		415		354		360		353		343		372		312		341		307		409		326		
-1		93		101		330		330		513		487		508		477		440		428		359		384		396		414		415		408		402		410		416		418		476		428		531		427		417		465		398		392		387		397		438		425		335		345		286		289		269		314		320		336		324		258		253		283		349		248		262		273		263		281		287		275		263		221		211		207		180		200		329		311		276		166		159		162		177		191		230		239		226		211		220		229		247		244		318		271		232		217		205		205		196		189		179		161		151		131		127		214		200		306		122		190		134		117		166		174		191		194		228		134		113		96		149		75		69		54		26		51		154		0		7		13		17		29		65		75		85		87		173		159		104		112		127		263		159		252		267		289		278		287		226		232		225		215		244		184		213		179		322		239		
-1		100		108		337		337		520		494		515		484		447		435		366		391		403		421		422		415		409		417		423		425		483		435		538		434		424		472		405		399		394		404		445		432		342		352		293		296		276		321		327		343		331		265		260		290		356		255		269		280		270		288		294		282		270		228		218		214		187		207		336		318		283		173		166		169		184		198		237		246		233		218		227		236		254		251		325		278		239		224		212		212		203		196		186		168		158		138		134		221		207		313		129		197		141		124		173		181		198		201		235		141		120		103		156		82		76		61		33		58		161		7		0		20		24		36		72		82		92		94		180		166		111		119		134		270		166		259		274		296		285		294		233		239		232		222		251		191		220		186		329		246		
-1		80		88		317		317		500		474		495		464		427		415		346		371		383		401		402		395		389		397		403		405		463		415		518		414		404		452		385		379		374		384		425		412		322		332		273		276		256		301		307		323		311		245		240		270		336		235		249		260		250		268		274		262		250		208		198		194		167		187		316		298		263		153		146		149		164		178		217		226		213		198		207		216		234		231		305		258		219		204		192		192		183		176		166		148		138		118		114		201		187		293		109		177		121		104		153		161		178		181		215		121		100		83		136		62		56		41		13		38		141		13		20		0		4		16		52		62		72		74		160		146		91		99		114		250		146		239		254		276		265		274		213		219		212		202		231		171		200		166		309		226		
-1		76		84		313		313		504		478		499		468		431		419		350		375		387		405		406		399		393		401		407		409		467		419		522		418		408		456		389		383		378		388		429		416		326		328		269		272		252		297		303		319		307		241		236		267		332		231		245		264		254		272		278		266		254		212		202		198		171		191		320		302		267		157		150		153		168		174		221		230		217		202		211		220		238		235		309		262		215		200		188		188		179		172		162		144		134		114		110		197		183		297		105		173		125		108		157		165		182		185		219		125		104		87		132		66		60		45		17		42		145		17		24		4		0		12		48		58		68		70		156		142		87		95		110		246		142		235		250		272		261		270		209		215		208		198		227		167		196		162		313		230		
-1		64		72		301		301		556		530		551		520		483		471		402		427		439		457		458		451		445		453		459		461		519		471		574		470		460		508		441		435		430		440		481		468		378		316		257		260		240		285		291		307		295		229		224		255		320		219		233		328		318		336		342		330		318		276		266		262		213		233		353		335		331		199		225		228		243		162		263		272		259		244		253		262		280		277		351		304		203		188		176		176		167		160		150		132		122		102		98		185		171		339		93		161		200		183		232		240		257		260		294		200		179		162		120		183		226		211		183		208		311		183		190		170		166		0		36		46		56		58		144		130		75		83		98		234		130		223		238		260		249		258		197		203		196		186		215		155		184		150		365		294		
-1		28		36		312		312		567		541		562		531		494		482		413		438		450		468		469		462		456		464		470		472		530		482		585		481		471		519		452		446		441		451		492		479		389		327		268		271		251		296		302		318		306		240		235		266		331		230		244		339		329		347		353		341		329		287		277		273		224		244		364		346		342		210		236		239		254		173		274		283		270		255		264		273		291		288		362		315		214		199		187		187		178		171		161		143		133		113		109		196		182		350		104		172		211		194		243		251		268		271		305		211		190		173		131		194		237		222		194		219		322		194		201		181		177		189		0		10		20		69		155		141		86		94		109		245		141		234		249		271		260		269		208		214		207		197		226		166		195		161		376		305		
-1		18		35		311		311		566		540		561		530		493		481		412		437		449		467		468		461		455		463		469		471		529		481		584		480		470		518		451		445		440		450		491		478		388		326		267		270		250		295		301		317		305		239		234		265		330		229		243		338		328		346		352		340		328		286		276		272		223		243		363		345		341		209		235		238		253		172		273		282		269		254		263		272		290		287		361		314		213		198		186		186		177		170		160		142		132		112		108		195		181		349		103		171		210		193		242		250		267		270		304		210		189		172		130		193		236		221		193		218		321		193		200		180		176		188		39		0		19		68		154		140		85		93		108		244		140		233		248		270		259		268		207		213		206		196		225		165		194		160		375		304		
-1		37		16		292		292		547		521		542		511		474		462		393		418		430		448		449		442		436		444		450		452		510		462		565		461		451		499		432		426		421		431		472		459		369		307		248		251		231		276		282		298		286		220		215		246		311		210		224		319		309		327		333		321		309		267		257		253		204		224		344		326		322		190		216		219		234		153		254		263		250		235		244		253		271		268		342		295		194		179		167		167		158		151		141		123		113		93		89		176		162		330		84		152		191		174		223		231		248		251		285		191		170		153		111		174		217		202		174		199		302		174		181		161		157		169		20		19		0		49		135		121		66		74		89		225		121		214		229		251		240		249		188		194		187		177		206		146		175		141		356		285		
-1		147		126		243		243		498		472		493		462		425		413		344		369		381		399		400		393		387		395		401		403		461		413		516		412		402		450		383		377		372		382		423		410		320		258		199		202		182		227		233		249		237		171		166		197		262		161		175		270		260		278		284		272		260		218		208		204		155		175		295		277		273		141		167		170		185		104		205		214		201		186		195		204		222		219		293		246		145		130		118		118		109		102		92		74		64		44		40		127		113		281		35		103		142		125		174		182		199		202		236		142		121		104		62		125		168		153		125		150		253		125		132		112		108		120		130		129		110		0		86		72		17		25		40		176		72		165		180		202		191		200		139		145		138		128		157		97		126		92		307		236		
-1		61		40		249		249		511		485		506		475		438		426		357		382		394		412		413		406		400		408		414		416		474		426		529		425		415		463		396		390		385		395		436		423		333		271		212		215		195		240		246		262		250		184		179		210		275		174		188		343		333		351		357		345		333		291		281		277		228		248		308		290		325		214		240		243		258		177		278		287		274		259		268		264		246		251		325		278		158		143		131		131		122		115		105		87		77		57		53		140		126		354		108		116		215		198		247		255		272		275		309		215		194		177		135		198		241		226		198		223		326		198		205		185		181		193		44		43		24		73		0		14		30		38		46		182		78		171		186		208		197		206		145		151		144		134		163		103		132		98		320		309		
-1		75		54		235		235		497		471		492		461		424		412		343		368		380		398		399		392		386		394		400		402		460		412		515		411		401		449		382		376		371		381		422		409		319		257		198		201		181		226		232		248		236		170		165		196		261		160		174		334		324		342		371		359		347		305		295		291		242		262		294		276		311		228		254		257		272		191		269		278		265		268		259		250		232		237		311		264		144		129		117		117		108		101		91		73		63		43		39		126		112		345		122		102		229		212		261		269		286		289		323		229		208		191		149		212		255		240		212		237		340		212		219		199		195		207		58		57		38		87		14		0		16		24		32		168		64		157		172		194		183		192		131		137		130		120		149		89		118		84		306		323		
-1		130		109		226		226		481		455		476		445		408		396		327		352		364		382		383		376		370		378		384		386		444		396		499		395		385		433		366		360		355		365		406		393		303		241		182		185		165		210		216		232		220		154		149		180		245		144		158		318		308		326		356		368		356		356		346		346		297		317		278		260		295		283		309		312		327		246		253		262		249		252		243		234		216		221		295		248		128		113		101		101		92		85		75		57		47		27		23		110		96		329		177		86		284		267		316		324		341		344		378		284		263		246		204		267		310		295		267		292		395		267		274		254		250		262		113		112		93		142		69		55		0		8		23		159		55		148		163		185		174		183		122		128		121		111		140		80		109		75		290		332		
-1		122		101		218		218		473		447		468		437		400		388		319		344		356		374		375		368		362		370		376		378		436		388		491		387		377		425		358		352		347		357		398		385		295		233		174		177		157		202		208		224		212		146		141		172		237		136		150		310		300		318		348		360		348		348		338		338		289		309		270		252		287		275		301		304		319		238		245		254		241		244		235		226		208		213		287		240		120		105		93		93		84		77		67		49		39		19		15		102		88		321		169		78		276		259		308		316		333		336		370		276		255		238		196		259		302		287		259		284		387		259		266		246		242		254		105		104		85		134		61		47		63		0		15		151		47		140		155		177		166		175		114		120		113		103		132		72		101		67		282		324		
-1		107		86		203		203		488		462		483		452		415		403		334		359		371		389		390		383		377		385		391		393		451		403		506		402		392		440		373		367		362		372		413		400		310		248		189		192		172		217		223		239		227		161		156		187		252		151		165		325		315		333		363		375		363		337		327		323		274		294		285		267		302		260		286		289		304		223		260		269		256		259		250		241		223		228		302		255		135		120		108		108		99		92		82		64		54		34		30		117		103		336		154		93		261		244		293		301		318		321		355		261		240		223		181		244		287		272		244		269		372		244		251		231		227		239		90		89		70		119		46		32		48		15		0		136		32		125		140		162		151		160		99		105		98		88		117		57		86		52		297		339		
-1		136		115		89		67		517		491		512		481		444		432		363		388		400		418		419		412		406		414		420		422		480		432		535		431		421		469		402		396		391		401		442		429		339		277		218		221		201		246		252		268		256		190		185		216		281		180		194		354		344		362		392		404		392		366		356		352		303		323		314		296		331		289		315		318		333		252		289		298		285		288		279		270		252		257		331		284		164		149		137		137		128		121		111		93		83		63		59		146		132		365		183		122		290		273		322		330		347		350		384		290		269		252		210		273		316		301		273		298		401		273		280		260		256		268		119		118		99		148		75		61		77		44		29		0		61		11		26		48		37		46		128		134		127		117		146		86		115		81		326		368		
-1		240		219		171		171		621		595		616		585		548		536		467		492		504		522		523		516		510		518		524		526		584		536		639		535		525		573		506		500		495		505		546		533		443		381		322		325		305		350		356		372		360		294		289		320		385		284		298		458		448		466		496		508		496		470		460		456		407		427		418		400		435		393		419		422		437		356		393		402		389		392		383		374		356		361		435		388		268		253		241		241		232		225		215		197		187		167		163		250		236		469		287		226		394		377		426		434		451		454		488		394		373		356		314		377		420		405		377		402		505		377		384		364		360		372		223		222		203		252		179		165		181		148		133		104		0		93		108		130		119		128		67		73		66		56		85		25		54		20		430		472		
-1		147		126		78		78		528		502		523		492		455		443		374		399		411		429		430		423		417		425		431		433		491		443		546		442		432		480		413		407		402		412		453		440		350		288		229		232		212		257		263		279		267		201		196		227		292		191		205		365		355		373		403		415		403		377		367		363		314		334		325		307		342		300		326		329		344		263		300		309		296		299		290		281		263		268		342		295		175		160		148		148		139		132		122		104		94		74		70		157		143		376		194		133		301		284		333		341		358		361		395		301		280		263		221		284		327		312		284		309		412		284		291		271		267		279		130		129		110		159		86		72		88		55		40		11		72		0		15		37		26		35		139		145		138		128		157		97		126		92		337		379		
-1		162		141		63		93		543		517		538		507		470		458		389		414		426		444		445		438		432		440		446		448		506		458		561		457		447		495		428		422		417		427		468		455		365		303		244		247		227		272		278		294		282		216		211		242		307		206		220		380		370		388		418		430		418		392		382		378		329		349		340		322		357		315		341		344		359		278		315		324		311		314		305		296		278		283		357		310		190		175		163		163		154		147		137		119		109		89		85		172		158		391		209		148		316		299		348		356		373		376		410		316		295		278		236		299		342		327		299		324		427		299		306		286		282		294		145		144		125		174		101		87		103		70		55		26		87		15		0		22		11		50		154		160		153		143		172		112		141		107		352		394		
-1		184		163		41		115		565		539		560		529		492		480		411		436		448		466		467		460		454		462		468		470		528		480		583		479		469		517		450		444		439		449		490		477		387		325		266		269		249		294		300		316		304		238		233		264		329		228		242		402		392		410		440		452		440		414		404		400		351		371		362		344		379		337		363		366		381		300		337		346		333		336		327		318		300		305		379		332		212		197		185		185		176		169		159		141		131		111		107		194		180		413		231		170		338		321		370		378		395		398		432		338		317		300		258		321		364		349		321		346		449		321		328		308		304		316		167		166		147		196		123		109		125		92		77		48		109		37		22		0		23		72		176		182		175		165		194		134		163		129		374		416		
-1		207		186		64		138		588		562		583		552		515		503		434		459		471		489		490		483		477		485		491		493		551		503		606		502		492		540		473		467		462		472		513		500		410		348		289		292		272		317		323		339		327		261		256		287		352		251		265		425		415		433		463		475		463		437		427		423		374		394		385		367		402		360		386		389		404		323		360		369		356		359		350		341		323		328		402		355		235		220		208		208		199		192		182		164		154		134		130		217		203		436		254		193		361		344		393		401		418		421		455		361		340		323		281		344		387		372		344		369		472		344		351		331		327		339		190		189		170		219		146		132		148		115		100		71		132		60		45		23		0		95		199		205		198		188		217		157		186		152		397		439		
-1		182		161		113		113		563		537		558		527		490		478		409		434		446		464		465		458		452		460		466		468		526		478		581		477		467		515		448		442		437		447		488		475		385		323		264		267		247		292		298		314		302		236		231		262		327		226		240		400		390		408		438		450		438		412		402		398		349		369		360		342		377		335		361		364		379		298		335		344		331		334		325		316		298		303		377		330		210		195		183		183		174		167		157		139		129		109		105		192		178		411		229		168		336		319		368		376		393		396		430		336		315		298		256		319		362		347		319		344		447		319		326		306		302		314		165		164		145		194		121		107		123		90		75		46		107		35		50		72		61		0		174		180		173		163		192		132		161		127		372		414		
-1		173		152		104		104		554		528		549		518		481		469		400		425		437		455		456		449		443		451		457		459		517		469		572		468		458		506		439		433		428		438		479		466		376		314		255		258		238		283		289		305		293		227		222		253		318		217		231		391		381		399		429		441		429		403		393		389		340		360		351		333		368		326		352		355		370		289		326		335		322		325		316		307		289		294		368		321		201		186		174		174		165		158		148		130		120		100		96		183		169		402		220		159		327		310		359		367		384		387		421		327		306		289		247		310		353		338		310		335		438		310		317		297		293		305		156		155		136		185		112		98		114		81		66		37		98		26		41		63		52		61		0		171		164		154		183		123		152		118		363		405		
-1		178		157		109		109		559		533		554		523		486		474		405		430		442		460		461		454		448		456		462		464		522		474		577		473		463		511		444		438		433		443		484		471		381		319		260		263		243		288		294		310		298		232		227		258		323		222		236		396		386		404		434		446		434		408		398		394		345		365		356		338		373		331		357		360		375		294		331		340		327		330		321		312		294		299		373		326		206		191		179		179		170		163		153		135		125		105		101		188		174		407		225		164		332		315		364		372		389		392		426		332		311		294		252		315		358		343		315		340		443		315		322		302		298		310		161		160		141		190		117		103		119		86		71		42		103		31		46		68		57		66		5		0		7		17		26		128		157		123		368		410		
-1		185		164		116		116		566		540		561		530		493		481		412		437		449		467		468		461		455		463		469		471		529		481		584		480		470		518		451		445		440		450		491		478		388		326		267		270		250		295		301		317		305		239		234		265		330		229		243		403		393		411		441		453		441		415		405		401		352		372		363		345		380		338		364		367		382		301		338		347		334		337		328		319		301		306		380		333		213		198		186		186		177		170		160		142		132		112		108		195		181		414		232		171		339		322		371		379		396		399		433		339		318		301		259		322		365		350		322		347		450		322		329		309		305		317		168		167		148		197		124		110		126		93		78		49		110		38		53		75		64		73		12		7		0		10		19		135		164		130		375		417		
-1		195		174		126		126		576		550		571		540		503		491		422		447		459		477		478		471		465		473		479		481		539		491		594		490		480		528		461		455		450		460		501		488		398		336		277		280		260		305		311		327		315		249		244		275		340		239		253		413		403		421		451		463		451		425		415		411		362		382		373		355		390		348		374		377		392		311		348		357		344		347		338		329		311		316		390		343		223		208		196		196		187		180		170		152		142		122		118		205		191		424		242		181		349		332		381		389		406		409		443		349		328		311		269		332		375		360		332		357		460		332		339		319		315		327		178		177		158		207		134		120		136		103		88		59		120		48		63		85		74		83		22		17		10		0		29		145		174		140		385		427		
-1		209		188		140		140		590		564		585		554		517		505		436		461		473		491		492		485		479		487		493		495		553		505		608		504		494		542		475		469		464		474		515		502		412		350		291		294		274		319		325		341		329		263		258		289		354		253		267		427		417		435		465		477		465		439		429		425		376		396		387		369		404		362		388		391		406		325		362		371		358		361		352		343		325		330		404		357		237		222		210		210		201		194		184		166		156		136		132		219		205		438		256		195		363		346		395		403		420		423		457		363		342		325		283		346		389		374		346		371		474		346		353		333		329		341		192		191		172		221		148		134		150		117		102		73		134		62		77		99		88		97		36		31		24		14		0		159		188		154		399		441		
-1		225		204		156		156		606		580		601		570		533		521		452		477		489		507		508		501		495		503		509		511		569		521		624		520		510		558		491		485		480		490		531		518		428		366		307		310		290		335		341		357		345		279		274		305		370		269		283		443		433		451		481		493		481		455		445		441		392		412		403		385		420		378		404		407		422		341		378		387		374		377		368		359		341		346		420		373		253		238		226		226		217		210		200		182		172		152		148		235		221		454		272		211		379		362		411		419		436		439		473		379		358		341		299		362		405		390		362		387		490		362		369		349		345		357		208		207		188		237		164		150		166		133		118		89		25		78		93		115		104		113		52		48		41		31		60		0		29		5		415		457		
-1		254		233		185		185		635		609		630		599		562		550		481		506		518		536		537		530		524		532		538		540		598		550		653		549		539		587		520		514		509		519		560		547		457		395		336		339		319		364		370		386		374		308		303		334		399		298		312		472		462		480		510		522		510		484		474		470		421		441		432		414		449		407		433		436		451		370		407		416		403		406		397		388		370		375		449		402		282		267		255		255		246		239		229		211		201		181		177		264		250		483		301		240		408		391		440		448		465		468		502		408		387		370		328		391		434		419		391		416		519		391		398		378		374		386		237		236		217		266		193		179		195		162		147		118		54		107		122		144		133		142		81		77		70		60		89		29		0		34		444		486		
-1		220		199		151		151		601		575		596		565		528		516		447		472		484		502		503		496		490		498		504		506		564		516		619		515		505		553		486		480		475		485		526		513		423		361		302		305		285		330		336		352		340		274		269		300		365		264		278		438		428		446		476		488		476		450		440		436		387		407		398		380		415		373		399		402		417		336		373		382		369		372		363		354		336		341		415		368		248		233		221		221		212		205		195		177		167		147		143		230		216		449		267		206		374		357		406		414		431		434		468		374		353		336		294		357		400		385		357		382		485		357		364		344		340		352		203		202		183		232		159		145		161		128		113		84		20		73		88		110		99		108		47		53		46		36		65		5		34		0		410		452		
-1		372		380		609		609		191		165		186		155		118		106		37		62		74		92		93		86		80		88		94		96		154		106		209		105		95		143		76		70		65		75		116		103		13		49		199		202		182		227		233		249		237		171		166		67		53		161		175		49		59		57		87		99		107		107		97		101		146		126		86		68		72		160		247		250		265		173		140		149		136		137		130		121		103		108		182		135		145		347		335		335		326		319		309		291		281		261		406		228		242		216		223		320		222		205		254		262		279		282		316		222		201		218		250		239		356		341		313		338		441		313		320		300		296		308		344		354		364		366		452		438		383		391		406		542		438		531		546		568		557		566		505		511		504		494		523		463		492		458		0		83		
-1		349		357		586		586		274		248		269		238		201		189		120		145		157		175		176		169		163		171		177		179		237		189		292		188		178		226		159		153		148		158		199		186		96		132		222		225		205		250		256		272		260		194		189		150		136		184		198		34		24		42		48		36		24		24		14		18		67		87		90		72		37		81		192		195		210		118		117		126		113		98		107		116		134		131		205		158		168		324		312		312		303		296		286		268		258		238		383		205		219		193		200		297		167		150		199		207		224		227		261		167		146		163		227		184		333		318		290		315		418		290		297		277		273		285		321		331		341		343		429		415		360		368		383		519		415		508		523		545		534		543		482		488		481		471		500		440		469		435		83		0		
