Data =>
	instName=TWs5
	optimalValue=-1
	vehicles=-1
	capacity=120
	depotNode=1
	nodes=140
	arcs=86
	edges=104
	requiredN=33
	requiredA=57
	requiredE=69
0		-1		-1		-1		-1		-1		-1		-1		-1		-1		-1		-1		-1		-1		-1		-1		-1		-1		-1		-1		-1		-1		-1		-1		-1		-1		-1		-1		-1		-1		-1		-1		-1		-1		-1		-1		-1		-1		-1		-1		-1		-1		-1		-1		-1		-1		-1		-1		-1		-1		-1		-1		-1		-1		-1		-1		-1		-1		-1		-1		-1		-1		-1		-1		-1		-1		-1		-1		-1		-1		-1		-1		-1		-1		-1		-1		-1		-1		-1		-1		-1		-1		-1		-1		-1		-1		-1		-1		-1		-1		-1		-1		-1		-1		-1		-1		-1		-1		-1		-1		-1		-1		-1		-1		-1		-1		-1		-1		-1		-1		-1		-1		-1		-1		-1		-1		-1		-1		-1		-1		-1		-1		-1		-1		-1		-1		-1		-1		-1		-1		-1		-1		-1		-1		-1		-1		-1		-1		-1		-1		-1		
-1		0		53		225		203		583		557		578		547		510		498		413		438		450		468		511		462		456		464		470		472		530		482		561		505		515		563		452		446		441		616		575		644		389		327		373		377		356		402		408		424		412		345		340		309		323		518		511		396		386		404		434		446		434		434		424		428		547		317		356		338		373		533		526		473		458		550		583		592		298		306		292		283		273		268		288		241		231		216		204		192		202		176		166		148		138		118		114		151		165		659		608		175		501		518		567		575		622		625		585		618		522		539		581		560		566		581		609		619		722		617		624		622		626		64		28		18		37		86		61		75		91		99		107		136		139		147		162		184		173		182		173		178		185		195		204		226		255		231		376		410		
-1		53		0		204		182		562		536		557		526		489		477		392		417		429		447		490		441		435		443		449		451		509		461		540		484		494		542		431		425		420		595		554		623		368		306		352		356		335		381		387		403		391		324		319		288		302		497		490		375		365		383		413		425		413		413		403		407		526		296		335		317		352		512		505		452		437		529		562		571		277		285		271		262		252		247		267		220		210		195		183		171		181		155		145		127		117		97		93		130		144		638		587		154		480		497		546		554		601		604		564		597		501		518		560		539		545		560		588		598		701		596		603		601		605		72		36		35		16		65		40		54		70		78		86		115		118		126		141		163		152		161		152		157		164		174		183		205		234		210		355		389		
-1		244		223		0		156		617		591		612		581		544		532		447		472		484		502		545		496		490		498		504		506		564		516		595		539		549		597		486		480		475		650		609		678		423		361		407		411		390		436		442		458		446		379		374		343		357		552		545		430		420		438		468		480		468		468		458		462		581		351		390		372		407		567		560		507		492		584		617		626		332		340		326		317		307		302		322		275		265		250		238		226		236		210		200		182		172		152		148		185		199		693		642		209		535		552		601		609		656		659		619		652		556		573		615		594		600		615		643		653		756		651		658		656		660		216		227		226		207		158		231		157		141		133		118		89		150		78		63		41		74		113		104		109		116		126		135		157		186		162		410		444		
-1		222		201		156		0		595		569		590		559		522		510		425		450		462		480		523		474		468		476		482		484		542		494		573		517		527		575		464		458		453		628		587		656		401		339		385		389		368		414		420		436		424		357		352		321		335		530		523		408		398		416		446		458		446		446		436		440		559		329		368		350		385		545		538		485		470		562		595		604		310		318		304		295		285		280		300		253		243		228		216		204		214		188		178		160		150		130		126		163		177		671		620		187		513		530		579		587		634		637		597		630		534		551		593		572		578		593		621		631		734		629		636		634		638		194		205		204		185		136		209		135		119		111		96		67		128		78		93		115		104		113		104		109		116		126		135		157		186		162		388		422		
-1		664		643		761		739		0		26		47		36		73		169		84		109		121		139		182		133		127		135		141		143		201		153		232		176		186		234		134		140		145		287		246		315		197		259		318		322		324		347		353		369		357		313		308		277		263		463		456		259		326		267		297		309		321		369		359		363		482		336		296		278		313		468		461		408		393		485		518		527		346		347		340		331		313		318		376		345		355		696		684		672		682		656		670		652		642		622		618		606		620		594		543		630		436		453		502		510		557		560		520		553		457		474		516		495		501		516		544		554		657		552		559		557		561		573		609		646		627		578		651		611		595		603		643		672		675		683		698		720		709		718		709		714		721		731		740		762		791		767		210		345		
-1		638		617		735		713		26		0		21		10		47		143		58		83		95		113		156		107		101		109		115		117		175		127		206		150		160		208		108		114		119		261		220		289		171		233		292		296		298		321		327		343		331		287		282		251		237		437		430		233		300		241		271		283		295		343		333		337		456		310		270		252		287		442		435		382		367		459		492		501		320		321		314		305		287		292		350		319		329		670		658		646		656		630		644		626		616		596		592		580		594		568		517		604		410		427		476		484		531		534		494		527		431		448		490		469		475		490		518		528		631		526		533		531		535		547		583		620		601		552		625		585		569		577		617		646		649		657		672		694		683		692		683		688		695		705		714		736		765		741		184		319		
-1		659		638		756		734		47		21		0		31		68		164		79		104		116		134		177		128		122		130		136		138		196		148		227		171		181		229		129		135		140		282		241		310		192		254		313		317		319		342		348		364		352		308		303		272		258		458		451		254		321		262		292		304		316		364		354		358		477		331		291		273		308		463		456		403		388		480		513		522		341		342		335		326		308		313		371		340		350		691		679		667		677		651		665		647		637		617		613		601		615		589		538		625		431		448		497		505		552		555		515		548		452		469		511		490		496		511		539		549		652		547		554		552		556		568		604		641		622		573		646		606		590		598		638		667		670		678		693		715		704		713		704		709		716		726		735		757		786		762		205		340		
-1		628		607		725		703		36		10		31		0		37		133		48		73		85		103		146		97		91		99		105		107		165		117		196		140		150		198		98		104		109		251		210		279		161		223		282		286		288		311		317		333		321		277		272		241		227		427		420		223		290		231		261		273		285		333		323		327		446		300		260		242		277		432		425		372		357		449		482		491		310		311		304		295		277		282		340		309		319		660		648		636		646		620		634		616		606		586		582		570		584		558		507		594		400		417		466		474		521		524		484		517		421		438		480		459		465		480		508		518		621		516		523		521		525		537		573		610		591		542		615		575		559		567		607		636		639		647		662		684		673		682		673		678		685		695		704		726		755		731		174		309		
-1		665		644		762		740		73		47		68		37		0		170		85		110		122		140		183		134		128		136		142		144		202		154		233		177		187		235		135		141		146		288		247		316		198		260		319		323		325		348		354		370		358		314		309		278		264		464		457		260		327		268		298		310		322		370		360		364		483		337		297		279		314		469		462		409		394		486		519		528		347		348		341		332		314		319		377		346		356		697		685		673		683		657		671		653		643		623		619		607		621		595		544		631		437		454		503		511		558		561		521		554		458		475		517		496		502		517		545		555		658		553		560		558		562		574		610		647		628		579		652		612		596		604		644		673		676		684		699		721		710		719		710		715		722		732		741		763		792		768		211		346		
-1		670		649		767		745		85		59		80		49		12		0		97		44		32		50		13		21		26		34		28		78		136		88		167		111		121		169		140		146		151		222		181		250		203		265		324		328		330		353		359		375		363		319		314		283		269		469		462		265		332		273		303		315		327		375		365		369		488		342		302		284		319		474		467		414		399		491		524		533		352		353		346		337		319		324		382		351		361		702		690		678		688		662		676		658		648		628		624		612		626		600		549		636		442		459		508		516		563		566		526		559		463		480		522		501		507		522		550		560		663		558		565		563		567		579		615		652		633		584		657		617		601		609		649		678		681		689		704		726		715		724		715		720		727		737		746		768		797		773		216		351		
-1		580		559		677		655		170		144		165		134		97		85		0		25		37		55		98		49		43		51		57		59		117		69		148		92		102		150		50		56		61		203		162		231		113		175		234		238		240		263		269		285		273		229		224		193		179		379		372		175		242		183		213		225		237		285		275		279		398		252		212		194		229		384		377		324		309		401		434		443		262		263		256		247		229		234		292		261		271		612		600		588		598		572		586		568		558		538		534		522		536		510		459		546		352		369		418		426		473		476		436		469		373		390		432		411		417		432		460		470		573		468		475		473		477		489		525		562		543		494		567		527		511		519		559		588		591		599		614		636		625		634		625		630		637		647		656		678		707		683		126		261		
-1		626		605		723		701		145		119		140		109		72		60		146		0		12		30		73		24		18		26		32		34		92		44		123		67		77		125		96		102		107		178		137		206		159		221		280		284		286		309		315		331		319		275		270		239		225		425		418		221		288		229		259		271		283		331		321		325		444		298		258		240		275		430		423		370		355		447		480		489		308		309		302		293		275		280		338		307		317		658		646		634		644		618		632		614		604		584		580		568		582		556		505		592		398		415		464		472		519		522		482		515		419		436		478		457		463		478		506		516		619		514		521		519		523		535		571		608		589		540		613		573		557		565		605		634		637		645		660		682		671		680		671		676		683		693		702		724		753		729		172		307		
-1		638		617		735		713		133		107		128		97		60		48		145		12		0		18		61		12		6		14		20		46		104		56		135		79		89		137		108		114		119		190		149		218		171		233		292		296		298		321		327		343		331		287		282		251		237		437		430		233		300		241		271		283		295		343		333		337		456		310		270		252		287		442		435		382		367		459		492		501		320		321		314		305		287		292		350		319		329		670		658		646		656		630		644		626		616		596		592		580		594		568		517		604		410		427		476		484		531		534		494		527		431		448		490		469		475		490		518		528		631		526		533		531		535		547		583		620		601		552		625		585		569		577		617		646		649		657		672		694		683		692		683		688		695		705		714		736		765		741		184		319		
-1		656		635		753		731		151		125		146		115		78		66		163		30		18		0		79		30		24		32		38		64		122		74		153		97		107		155		126		132		137		208		167		236		189		251		310		314		316		339		345		361		349		305		300		269		255		455		448		251		318		259		289		301		313		361		351		355		474		328		288		270		305		460		453		400		385		477		510		519		338		339		332		323		305		310		368		337		347		688		676		664		674		648		662		644		634		614		610		598		612		586		535		622		428		445		494		502		549		552		512		545		449		466		508		487		493		508		536		546		649		544		551		549		553		565		601		638		619		570		643		603		587		595		635		664		667		675		690		712		701		710		701		706		713		723		732		754		783		759		202		337		
-1		657		636		754		732		98		72		93		62		25		13		110		31		19		37		0		8		13		21		27		65		123		75		154		98		108		156		127		133		138		209		168		237		190		252		311		315		317		340		346		362		350		306		301		270		256		456		449		252		319		260		290		302		314		362		352		356		475		329		289		271		306		461		454		401		386		478		511		520		339		340		333		324		306		311		369		338		348		689		677		665		675		649		663		645		635		615		611		599		613		587		536		623		429		446		495		503		550		553		513		546		450		467		509		488		494		509		537		547		650		545		552		550		554		566		602		639		620		571		644		604		588		596		636		665		668		676		691		713		702		711		702		707		714		724		733		755		784		760		203		338		
-1		650		629		747		725		145		119		140		109		72		60		157		24		12		30		73		0		18		26		32		58		116		68		147		91		101		149		120		126		131		202		161		230		183		245		304		308		310		333		339		355		343		299		294		263		249		449		442		245		312		253		283		295		307		355		345		349		468		322		282		264		299		454		447		394		379		471		504		513		332		333		326		317		299		304		362		331		341		682		670		658		668		642		656		638		628		608		604		592		606		580		529		616		422		439		488		496		543		546		506		539		443		460		502		481		487		502		530		540		643		538		545		543		547		559		595		632		613		564		637		597		581		589		629		658		661		669		684		706		695		704		695		700		707		717		726		748		777		753		196		331		
-1		644		623		741		719		127		101		122		91		54		42		139		18		6		24		55		18		0		8		14		52		110		62		141		85		95		143		114		120		125		196		155		224		177		239		298		302		304		327		333		349		337		293		288		257		243		443		436		239		306		247		277		289		301		349		339		343		462		316		276		258		293		448		441		388		373		465		498		507		326		327		320		311		293		298		356		325		335		676		664		652		662		636		650		632		622		602		598		586		600		574		523		610		416		433		482		490		537		540		500		533		437		454		496		475		481		496		524		534		637		532		539		537		541		553		589		626		607		558		631		591		575		583		623		652		655		663		678		700		689		698		689		694		701		711		720		742		771		747		190		325		
-1		704		683		801		779		119		93		114		83		46		34		131		78		66		84		47		55		60		0		6		112		170		122		201		145		155		203		174		180		185		256		215		284		237		299		358		362		364		387		393		409		397		353		348		317		303		503		496		299		366		307		337		349		361		409		399		403		522		376		336		318		353		508		501		448		433		525		558		567		386		387		380		371		353		358		416		385		395		736		724		712		722		696		710		692		682		662		658		646		660		634		583		670		476		493		542		550		597		600		560		593		497		514		556		535		541		556		584		594		697		592		599		597		601		613		649		686		667		618		691		651		635		643		683		712		715		723		738		760		749		758		749		754		761		771		780		802		831		807		250		385		
-1		698		677		795		773		113		87		108		77		40		28		125		72		60		78		41		49		54		6		0		106		164		116		195		139		149		197		168		174		179		250		209		278		231		293		352		356		358		381		387		403		391		347		342		311		297		497		490		293		360		301		331		343		355		403		393		397		516		370		330		312		347		502		495		442		427		519		552		561		380		381		374		365		347		352		410		379		389		730		718		706		716		690		704		686		676		656		652		640		654		628		577		664		470		487		536		544		591		594		554		587		491		508		550		529		535		550		578		588		691		586		593		591		595		607		643		680		661		612		685		645		629		637		677		706		709		717		732		754		743		752		743		748		755		765		774		796		825		801		244		379		
-1		592		571		689		667		282		256		277		246		209		197		112		137		149		167		210		161		155		163		169		0		58		10		89		33		43		91		62		68		73		144		103		172		125		187		246		250		252		275		281		297		285		241		236		205		191		391		384		187		254		195		225		237		249		297		287		291		410		264		224		206		241		396		389		336		321		413		446		455		274		275		268		259		241		246		304		273		283		624		612		600		610		584		598		580		570		550		546		534		548		522		471		558		364		381		430		438		485		488		448		481		385		402		444		423		429		444		472		482		585		480		487		485		489		501		537		574		555		506		579		539		523		531		571		600		603		611		626		648		637		646		637		642		649		659		668		690		719		695		138		273		
-1		650		629		747		725		340		314		335		304		267		255		170		195		207		225		268		219		213		221		227		58		0		68		147		91		101		149		120		126		131		202		161		230		183		245		304		308		310		333		339		355		343		299		294		263		249		449		442		245		312		253		283		295		307		355		345		349		468		322		282		264		299		454		447		394		379		471		504		513		332		333		326		317		299		304		362		331		341		682		670		658		668		642		656		638		628		608		604		592		606		580		529		616		422		439		488		496		543		546		506		539		443		460		502		481		487		502		530		540		643		538		545		543		547		559		595		632		613		564		637		597		581		589		629		658		661		669		684		706		695		704		695		700		707		717		726		748		777		753		196		331		
-1		602		581		699		677		292		266		287		256		219		207		122		147		159		177		220		171		165		173		179		10		68		0		99		43		53		101		72		78		83		154		113		182		135		197		256		260		262		285		291		307		295		251		246		215		201		401		394		197		264		205		235		247		259		307		297		301		420		274		234		216		251		406		399		346		331		423		456		465		284		285		278		269		251		256		314		283		293		634		622		610		620		594		608		590		580		560		556		544		558		532		481		568		374		391		440		448		495		498		458		491		395		412		454		433		439		454		482		492		595		490		497		495		499		511		547		584		565		516		589		549		533		541		581		610		613		621		636		658		647		656		647		652		659		669		678		700		729		705		148		283		
-1		615		594		712		690		305		279		300		269		232		220		135		160		172		190		233		184		178		186		192		89		55		99		0		56		66		114		85		91		96		167		126		195		148		210		269		273		275		298		304		320		308		264		259		228		214		414		407		210		277		218		248		260		272		320		310		314		433		287		247		229		264		419		412		359		344		436		469		478		297		298		291		282		264		269		327		296		306		647		635		623		633		607		621		603		593		573		569		557		571		545		494		581		387		404		453		461		508		511		471		504		408		425		467		446		452		467		495		505		608		503		510		508		512		524		560		597		578		529		602		562		546		554		594		623		626		634		649		671		660		669		660		665		672		682		691		713		742		718		161		296		
-1		559		538		656		634		249		223		244		213		176		164		79		104		116		134		177		128		122		130		136		33		91		43		56		0		10		58		29		35		40		111		70		139		92		154		213		217		219		242		248		264		252		208		203		172		158		358		351		154		221		162		192		204		216		264		254		258		377		231		191		173		208		363		356		303		288		380		413		422		241		242		235		226		208		213		271		240		250		591		579		567		577		551		565		547		537		517		513		501		515		489		438		525		331		348		397		405		452		455		415		448		352		369		411		390		396		411		439		449		552		447		454		452		456		468		504		541		522		473		546		506		490		498		538		567		570		578		593		615		604		613		604		609		616		626		635		657		686		662		105		240		
-1		549		528		646		624		239		213		234		203		166		154		69		94		106		124		167		118		112		120		126		43		101		53		66		10		0		48		19		25		30		101		60		129		82		144		203		207		209		232		238		254		242		198		193		162		148		348		341		144		211		152		182		194		206		254		244		248		367		221		181		163		198		353		346		293		278		370		403		412		231		232		225		216		198		203		261		230		240		581		569		557		567		541		555		537		527		507		503		491		505		479		428		515		321		338		387		395		442		445		405		438		342		359		401		380		386		401		429		439		542		437		444		442		446		458		494		531		512		463		536		496		480		488		528		557		560		568		583		605		594		603		594		599		606		616		625		647		676		652		95		230		
-1		582		561		679		657		284		258		279		248		211		199		114		139		151		169		212		163		157		165		171		91		75		101		20		58		48		0		64		58		63		53		12		81		115		177		236		240		242		265		271		287		275		231		226		195		181		381		374		177		244		185		215		227		239		287		277		281		400		254		214		196		231		386		379		326		311		403		436		445		264		265		258		249		231		236		294		263		273		614		602		590		600		574		588		570		560		540		536		524		538		512		461		548		354		371		420		428		475		478		438		471		375		392		434		413		419		434		462		472		575		470		477		475		479		491		527		564		545		496		569		529		513		521		561		590		593		601		616		638		627		636		627		632		639		649		658		680		709		685		128		263		
-1		530		509		627		605		220		194		215		184		147		135		50		75		87		105		148		99		93		101		107		109		167		119		198		142		152		200		0		6		11		253		212		281		63		125		184		188		190		213		219		235		223		179		174		143		129		329		322		125		192		133		163		175		187		235		225		229		348		202		162		144		179		334		327		274		259		351		384		393		212		213		206		197		179		184		242		211		221		562		550		538		548		522		536		518		508		488		484		472		486		460		409		496		302		319		368		376		423		426		386		419		323		340		382		361		367		382		410		420		523		418		425		423		427		439		475		512		493		444		517		477		461		469		509		538		541		549		564		586		575		584		575		580		587		597		606		628		657		633		76		211		
-1		524		503		621		599		226		200		221		190		153		141		56		81		93		111		154		105		99		107		113		115		173		125		204		148		158		206		6		0		5		259		218		287		57		119		178		182		184		207		213		229		217		173		168		137		123		323		316		119		186		127		157		169		181		229		219		223		342		196		156		138		173		328		321		268		253		345		378		387		206		207		200		191		173		178		236		205		215		556		544		532		542		516		530		512		502		482		478		466		480		454		403		490		296		313		362		370		417		420		380		413		317		334		376		355		361		376		404		414		517		412		419		417		421		433		469		506		487		438		511		471		455		463		503		532		535		543		558		580		569		578		569		574		581		591		600		622		651		627		70		205		
-1		519		498		616		594		231		205		226		195		158		146		61		86		98		116		159		110		104		112		118		120		178		130		209		153		163		211		11		5		0		264		223		292		52		114		173		177		179		202		208		224		212		168		163		132		118		318		311		114		181		122		152		164		176		224		214		218		337		191		151		133		168		323		316		263		248		340		373		382		201		202		195		186		168		173		231		200		210		551		539		527		537		511		525		507		497		477		473		461		475		449		398		485		291		308		357		365		412		415		375		408		312		329		371		350		356		371		399		409		512		407		414		412		416		428		464		501		482		433		506		466		450		458		498		527		530		538		553		575		564		573		564		569		576		586		595		617		646		622		65		200		
-1		529		508		626		604		231		205		226		195		158		146		61		86		98		116		159		110		104		112		118		120		128		130		73		111		101		53		11		5		10		0		41		28		62		124		183		187		189		212		218		234		222		178		173		142		128		328		321		124		191		132		162		174		186		234		224		228		347		201		161		143		178		333		326		273		258		350		383		392		211		212		205		196		178		183		241		210		220		561		549		537		547		521		535		517		507		487		483		471		485		459		408		495		301		318		367		375		422		425		385		418		322		339		381		360		366		381		409		419		522		417		424		422		426		438		474		511		492		443		516		476		460		468		508		537		540		548		563		585		574		583		574		579		586		596		605		627		656		632		75		210		
-1		570		549		667		645		272		246		267		236		199		187		102		127		139		157		200		151		145		153		159		103		87		113		32		70		60		12		52		46		51		41		0		69		103		165		224		228		230		253		259		275		263		219		214		183		169		369		362		165		232		173		203		215		227		275		265		269		388		242		202		184		219		374		367		314		299		391		424		433		252		253		246		237		219		224		282		251		261		602		590		578		588		562		576		558		548		528		524		512		526		500		449		536		342		359		408		416		463		466		426		459		363		380		422		401		407		422		450		460		563		458		465		463		467		479		515		552		533		484		557		517		501		509		549		578		581		589		604		626		615		624		615		620		627		637		646		668		697		673		116		251		
-1		557		536		654		632		259		233		254		223		186		174		89		114		126		144		187		138		132		140		146		148		156		158		101		139		129		81		39		33		38		28		69		0		90		152		211		215		217		240		246		262		250		206		201		170		156		356		349		152		219		160		190		202		214		262		252		256		375		229		189		171		206		361		354		301		286		378		411		420		239		240		233		224		206		211		269		238		248		589		577		565		575		549		563		545		535		515		511		499		513		487		436		523		329		346		395		403		450		453		413		446		350		367		409		388		394		409		437		447		550		445		452		450		454		466		502		539		520		471		544		504		488		496		536		565		568		576		591		613		602		611		602		607		614		624		633		655		684		660		103		238		
-1		467		446		564		542		194		168		189		158		121		109		24		49		61		79		122		73		67		75		81		83		141		93		172		116		126		174		63		57		52		227		186		255		0		62		121		125		127		150		156		172		160		116		111		80		66		266		259		62		129		70		100		112		124		172		162		166		285		139		99		81		116		271		264		211		196		288		321		330		149		150		143		134		116		121		179		148		158		499		487		475		485		459		473		455		445		425		421		409		423		397		346		433		239		256		305		313		360		363		323		356		260		277		319		298		304		319		347		357		460		355		362		360		364		376		412		449		430		381		454		414		398		406		446		475		478		486		501		523		512		521		512		517		524		534		543		565		594		570		13		148		
-1		410		389		507		485		256		230		251		220		183		171		86		111		123		141		184		135		129		137		143		145		203		155		234		178		188		236		125		119		114		289		248		317		62		0		59		63		65		88		94		110		98		54		49		18		4		204		197		77		67		85		115		127		115		115		105		109		228		77		37		19		54		214		207		154		139		231		264		273		87		88		81		72		54		59		117		86		96		442		430		418		428		402		416		398		388		368		364		352		366		340		289		376		182		199		248		256		303		306		266		299		203		220		262		241		247		262		290		300		403		298		305		303		307		319		355		392		373		324		397		357		341		349		389		418		421		429		444		466		455		464		455		460		467		477		486		508		537		513		49		91		
-1		491		470		588		566		345		319		340		309		272		260		175		200		212		230		273		224		218		226		232		234		292		244		323		267		277		325		214		208		203		378		337		406		151		89		0		4		24		29		35		51		39		45		40		71		85		145		138		158		148		166		196		208		196		196		186		190		309		158		118		100		135		295		288		235		220		312		345		354		140		148		134		125		107		112		170		139		149		523		511		499		509		483		497		479		469		449		445		433		447		421		370		457		263		280		329		337		384		387		347		380		284		301		343		322		328		343		371		381		484		379		386		384		388		400		436		473		454		405		478		438		422		430		470		499		502		510		525		547		536		545		536		541		548		558		567		589		618		594		138		172		
-1		487		466		584		562		341		315		336		305		268		256		171		196		208		226		269		220		214		222		228		230		288		240		319		263		273		321		210		204		199		374		333		402		147		85		4		0		20		25		31		47		35		41		36		67		81		141		134		154		144		162		192		204		192		192		182		186		305		154		114		96		131		291		284		231		216		308		341		350		136		144		130		121		103		108		166		135		145		519		507		495		505		479		493		475		465		445		441		429		443		417		366		453		259		276		325		333		380		383		343		376		280		297		339		318		324		339		367		377		480		375		382		380		384		396		432		469		450		401		474		434		418		426		466		495		498		506		521		543		532		541		532		537		544		554		563		585		614		590		134		168		
-1		467		446		564		542		321		295		316		285		248		236		151		176		188		206		249		200		194		202		208		210		268		220		299		243		253		301		190		184		179		354		313		382		127		65		17		21		0		46		52		68		56		21		16		47		61		162		155		134		124		142		172		184		172		172		162		166		285		134		94		76		111		271		264		211		196		288		321		330		116		124		110		101		83		88		146		115		125		499		487		475		485		459		473		455		445		425		421		409		423		397		346		433		239		256		305		313		360		363		323		356		260		277		319		298		304		319		347		357		460		355		362		360		364		376		412		449		430		381		454		414		398		406		446		475		478		486		501		523		512		521		512		517		524		534		543		565		594		570		114		148		
-1		569		548		666		644		423		397		418		387		350		338		253		278		290		308		351		302		296		304		310		312		370		322		401		345		355		403		292		286		281		456		415		484		229		167		147		151		130		0		6		22		10		113		118		149		163		116		109		236		226		244		274		286		274		274		264		268		387		218		196		178		213		373		366		313		298		390		423		432		199		207		193		184		174		169		189		142		132		601		589		577		587		561		575		557		547		527		523		511		525		499		448		535		341		358		407		415		462		465		425		458		362		379		421		400		406		421		449		459		562		457		464		462		466		478		514		551		532		483		556		516		500		508		548		577		580		588		603		625		614		623		614		619		626		636		645		667		696		672		216		250		
-1		575		554		672		650		429		403		424		393		356		344		259		284		296		314		357		308		302		310		316		318		376		328		407		351		361		409		298		292		287		462		421		490		235		173		153		157		136		6		0		18		16		119		124		155		169		122		115		242		232		250		280		292		280		280		270		274		393		224		202		184		219		379		372		319		304		396		429		438		205		213		199		190		180		175		195		148		138		607		595		583		593		567		581		563		553		533		529		517		531		505		454		541		347		364		413		421		468		471		431		464		368		385		427		406		412		427		455		465		568		463		470		468		472		484		520		557		538		489		562		522		506		514		554		583		586		594		609		631		620		629		620		625		632		642		651		673		702		678		222		256		
-1		571		550		668		646		425		399		420		389		352		340		255		280		292		310		353		304		298		306		312		314		372		324		403		347		357		405		294		288		283		458		417		486		231		169		149		153		132		22		18		0		12		115		120		151		165		118		111		238		228		246		276		288		276		276		266		270		389		220		198		180		215		375		368		315		300		392		425		434		201		209		195		186		176		171		191		144		134		603		591		579		589		563		577		559		549		529		525		513		527		501		450		537		343		360		409		417		464		467		427		460		364		381		423		402		408		423		451		461		564		459		466		464		468		480		516		553		534		485		558		518		502		510		550		579		582		590		605		627		616		625		616		621		628		638		647		669		698		674		218		252		
-1		559		538		656		634		413		387		408		377		340		328		243		268		280		298		341		292		286		294		300		302		360		312		391		335		345		393		282		276		271		446		405		474		219		157		137		141		120		10		16		12		0		103		108		139		153		106		99		226		216		234		264		276		264		264		254		258		377		208		186		168		203		363		356		303		288		380		413		422		189		197		183		174		164		159		179		132		122		591		579		567		577		551		565		547		537		517		513		501		515		489		438		525		331		348		397		405		452		455		415		448		352		369		411		390		396		411		439		449		552		447		454		452		456		468		504		541		522		473		546		506		490		498		538		567		570		578		593		615		604		613		604		609		616		626		635		657		686		662		206		240		
-1		456		435		553		531		310		284		305		274		237		225		140		165		177		195		238		189		183		191		197		199		257		209		288		232		242		290		179		173		168		343		302		371		116		54		34		38		17		63		69		85		73		0		5		36		50		179		172		123		113		131		161		173		161		161		151		155		274		123		83		65		100		260		253		200		185		277		310		319		105		113		99		90		72		77		135		104		114		488		476		464		474		448		462		444		434		414		410		398		412		386		335		422		228		245		294		302		349		352		312		345		249		266		308		287		293		308		336		346		449		344		351		349		353		365		401		438		419		370		443		403		387		395		435		464		467		475		490		512		501		510		501		506		513		523		532		554		583		559		103		137		
-1		451		430		548		526		305		279		300		269		232		220		135		160		172		190		233		184		178		186		192		194		252		204		283		227		237		285		174		168		163		338		297		366		111		49		33		37		16		62		68		84		72		5		0		31		45		178		171		118		108		126		156		168		156		156		146		150		269		118		78		60		95		255		248		195		180		272		305		314		100		108		94		85		67		72		130		99		109		483		471		459		469		443		457		439		429		409		405		393		407		381		330		417		223		240		289		297		344		347		307		340		244		261		303		282		288		303		331		341		444		339		346		344		348		360		396		433		414		365		438		398		382		390		430		459		462		470		485		507		496		505		496		501		508		518		527		549		578		554		98		132		
-1		420		399		517		495		274		248		269		238		201		189		104		129		141		159		202		153		147		155		161		163		221		173		252		196		206		254		143		137		132		307		266		335		80		18		64		68		47		93		99		115		103		36		31		0		14		209		202		87		77		95		125		137		125		125		115		119		238		87		47		29		64		224		217		164		149		241		274		283		69		77		63		54		36		41		99		68		78		452		440		428		438		412		426		408		398		378		374		362		376		350		299		386		192		209		258		266		313		316		276		309		213		230		272		251		257		272		300		310		413		308		315		313		317		329		365		402		383		334		407		367		351		359		399		428		431		439		454		476		465		474		465		470		477		487		496		518		547		523		67		101		
-1		406		385		503		481		260		234		255		224		187		175		90		115		127		145		188		139		133		141		147		149		207		159		238		182		192		240		129		123		118		293		252		321		66		4		63		67		61		92		98		114		102		50		45		14		0		208		201		73		63		81		111		123		111		111		101		105		224		73		33		15		50		210		203		150		135		227		260		269		83		84		77		68		50		55		113		82		92		438		426		414		424		398		412		394		384		364		360		348		362		336		285		372		178		195		244		252		299		302		262		295		199		216		258		237		243		258		286		296		399		294		301		299		303		315		351		388		369		320		393		353		337		345		385		414		417		425		440		462		451		460		451		456		463		473		482		504		533		509		53		87		
-1		456		435		553		531		310		284		305		274		237		225		140		165		177		195		238		189		183		191		197		199		257		209		288		232		242		290		179		173		168		343		302		371		116		54		38		42		21		67		73		89		77		10		5		36		50		0		7		123		113		131		161		173		161		161		151		155		274		102		83		65		100		260		253		200		185		277		310		319		83		91		77		68		58		53		73		26		16		488		476		464		474		448		462		444		434		414		410		398		412		386		335		422		228		245		294		302		349		352		312		345		249		266		308		287		293		308		336		346		449		344		351		349		353		365		401		438		419		370		443		403		387		395		435		464		467		475		490		512		501		510		501		506		513		523		532		554		583		559		103		137		
-1		460		439		557		535		314		288		309		278		241		229		144		169		181		199		242		193		187		195		201		203		261		213		292		236		246		294		183		177		172		347		306		375		120		58		38		42		21		67		73		89		77		4		9		40		54		7		0		127		117		135		165		177		165		165		155		159		278		109		87		69		104		264		257		204		189		281		314		323		90		98		84		75		65		60		80		33		23		492		480		468		478		452		466		448		438		418		414		402		416		390		339		426		232		249		298		306		353		356		316		349		253		270		312		291		297		312		340		350		453		348		355		353		357		369		405		442		423		374		447		407		391		399		439		468		471		479		494		516		505		514		505		510		517		527		536		558		587		563		107		141		
-1		405		384		502		480		256		230		251		220		183		171		86		111		123		141		184		135		129		137		143		145		203		155		234		178		188		236		125		119		114		289		248		317		62		98		157		161		163		186		192		208		196		152		147		116		102		302		295		0		110		8		38		50		62		110		100		104		223		175		135		117		123		209		202		149		134		226		259		268		185		186		179		170		152		157		215		184		194		437		425		413		423		397		411		393		383		363		359		347		361		335		284		371		177		194		243		251		298		301		261		294		198		215		257		236		242		257		285		295		398		293		300		298		302		314		350		387		368		319		392		352		336		344		384		413		416		424		439		461		450		459		450		455		462		472		481		503		532		508		49		86		
-1		343		322		440		418		266		240		261		230		193		181		96		121		133		151		194		145		139		147		153		155		213		165		244		188		198		246		135		129		124		299		258		327		72		81		140		144		138		169		175		191		179		127		122		91		77		285		278		10		0		18		48		60		48		48		38		42		161		84		44		62		13		147		140		87		72		164		197		206		103		95		104		113		127		132		140		159		169		375		363		351		361		335		349		331		321		301		297		285		299		273		222		309		115		132		181		189		236		239		199		232		136		153		195		174		180		195		223		233		336		231		238		236		240		252		288		325		306		257		330		290		274		282		322		351		354		362		377		399		388		397		388		393		400		410		419		441		470		446		59		24		
-1		397		376		494		472		264		238		259		228		191		179		94		119		131		149		192		143		137		145		151		153		211		163		242		186		196		244		133		127		122		297		256		325		70		106		165		169		171		194		200		216		204		160		155		124		110		310		303		8		102		0		30		42		54		102		92		96		215		183		143		125		115		201		194		141		126		218		251		260		193		194		187		178		160		165		223		192		202		429		417		405		415		389		403		385		375		355		351		339		353		327		276		363		169		186		235		243		290		293		253		286		190		207		249		228		234		249		277		287		390		285		292		290		294		306		342		379		360		311		384		344		328		336		376		405		408		416		431		453		442		451		442		447		454		464		473		495		524		500		57		78		
-1		367		346		464		442		338		312		333		302		265		253		168		193		205		223		266		217		211		219		225		227		285		237		316		260		270		318		207		201		196		371		330		399		144		153		212		216		210		241		247		263		251		199		194		163		149		357		350		82		72		90		0		12		24		72		62		66		185		156		116		134		85		171		164		111		96		188		221		230		175		167		176		185		199		204		212		231		241		399		387		375		385		359		373		355		345		325		321		309		323		297		246		333		139		156		205		213		260		263		223		256		160		177		219		198		204		219		247		257		360		255		262		260		264		276		312		349		330		281		354		314		298		306		346		375		378		386		401		423		412		421		412		417		424		434		443		465		494		470		131		48		
-1		355		334		452		430		326		300		321		290		253		241		156		181		193		211		254		205		199		207		213		215		273		225		304		248		258		306		195		189		184		359		318		387		132		141		200		204		198		229		235		251		239		187		182		151		137		345		338		70		60		78		108		0		12		60		50		54		173		144		104		122		73		159		152		99		84		176		209		218		163		155		164		173		187		192		200		219		229		387		375		363		373		347		361		343		333		313		309		297		311		285		234		321		127		144		193		201		248		251		211		244		148		165		207		186		192		207		235		245		348		243		250		248		252		264		300		337		318		269		342		302		286		294		334		363		366		374		389		411		400		409		400		405		412		422		431		453		482		458		119		36		
-1		343		322		440		418		314		288		309		278		241		229		144		169		181		199		242		193		187		195		201		203		261		213		292		236		246		294		183		177		172		347		306		375		120		129		188		192		186		217		223		239		227		175		170		139		125		333		326		58		48		66		96		12		0		48		38		42		161		132		92		110		61		147		140		87		72		164		197		206		151		143		152		161		175		180		188		207		217		375		363		351		361		335		349		331		321		301		297		285		299		273		222		309		115		132		181		189		236		239		199		232		136		153		195		174		180		195		223		233		336		231		238		236		240		252		288		325		306		257		330		290		274		282		322		351		354		362		377		399		388		397		388		393		400		410		419		441		470		446		107		24		
-1		315		294		412		390		308		282		303		272		235		223		138		163		175		193		236		187		181		189		195		197		255		207		286		230		240		288		177		171		166		341		300		369		114		123		182		186		180		211		217		233		221		169		164		133		119		327		320		52		42		60		90		54		42		0		10		14		133		126		86		104		55		119		112		59		44		136		169		178		145		137		146		155		169		174		182		201		211		347		335		323		333		307		321		303		293		273		269		257		271		245		194		281		87		104		153		161		208		211		171		204		108		125		167		146		152		167		195		205		308		203		210		208		212		224		260		297		278		229		302		262		246		254		294		323		326		334		349		371		360		369		360		365		372		382		391		413		442		418		101		18		
-1		305		284		402		380		318		292		313		282		245		233		148		173		185		203		246		197		191		199		205		207		265		217		296		240		250		298		187		181		176		351		310		379		124		133		192		196		190		221		227		243		231		179		174		143		129		337		330		62		52		70		100		64		52		10		0		4		123		136		96		114		65		109		102		49		34		126		159		168		155		147		156		165		179		184		192		211		221		337		325		313		323		297		311		293		283		263		259		247		261		235		184		271		77		94		143		151		198		201		161		194		98		115		157		136		142		157		185		195		298		193		200		198		202		214		250		287		268		219		292		252		236		244		284		313		316		324		339		361		350		359		350		355		362		372		381		403		432		408		111		28		
-1		301		280		398		376		496		470		491		460		423		411		326		351		363		381		424		375		369		377		383		385		443		395		474		418		428		476		365		359		354		529		488		557		302		240		286		290		269		315		321		337		325		258		253		222		236		431		424		309		299		317		347		359		347		347		337		0		119		139		269		251		286		105		98		45		30		122		155		164		158		150		159		168		186		191		195		218		228		333		321		309		319		293		307		289		279		259		255		243		257		231		180		267		73		90		139		147		194		197		157		190		94		111		153		132		138		153		181		191		294		189		196		194		198		210		246		283		264		215		288		248		232		240		280		309		312		320		335		357		346		355		346		351		358		368		377		399		428		404		289		323		
-1		350		329		447		425		377		351		372		341		304		292		207		232		244		262		305		256		250		258		264		266		324		276		355		299		309		357		246		240		235		410		369		438		183		121		167		171		150		196		202		218		206		139		134		103		117		312		305		190		180		198		228		240		228		228		218		49		0		20		150		132		167		154		147		94		79		171		204		213		39		31		40		49		67		72		76		99		109		382		370		358		368		342		356		338		328		308		304		292		306		280		229		316		122		139		188		196		243		246		206		239		143		160		202		181		187		202		230		240		343		238		245		243		247		259		295		332		313		264		337		297		281		289		329		358		361		369		384		406		395		404		395		400		407		417		426		448		477		453		170		204		
-1		503		482		600		578		357		331		352		321		284		272		187		212		224		242		285		236		230		238		244		246		304		256		335		279		289		337		226		220		215		390		349		418		163		101		147		151		130		176		182		198		186		119		114		83		97		292		285		170		160		178		208		220		208		208		198		202		321		0		130		112		147		307		300		247		232		324		357		366		19		11		20		29		47		52		56		79		89		535		523		511		521		495		509		491		481		461		457		445		459		433		382		469		275		292		341		349		396		399		359		392		296		313		355		334		340		355		383		393		496		391		398		396		400		412		448		485		466		417		490		450		434		442		482		511		514		522		537		559		548		557		548		553		560		570		579		601		630		606		150		184		
-1		387		366		484		462		293		267		288		257		220		208		123		148		160		178		221		172		166		174		180		182		240		192		271		215		225		273		162		156		151		326		285		354		99		37		96		100		94		125		131		147		135		83		78		47		33		241		234		54		44		62		92		104		92		92		82		86		205		40		0		18		31		191		184		131		116		208		241		250		59		51		60		69		83		88		96		115		125		419		407		395		405		379		393		375		365		345		341		329		343		317		266		353		159		176		225		233		280		283		243		276		180		197		239		218		224		239		267		277		380		275		282		280		284		296		332		369		350		301		374		334		318		326		366		395		398		406		421		443		432		441		432		437		444		454		463		485		514		490		86		68		
-1		391		370		488		466		275		249		270		239		202		190		105		130		142		160		203		154		148		156		162		164		222		174		253		197		207		255		144		138		133		308		267		336		81		19		78		82		76		107		113		129		117		65		60		29		15		223		216		58		48		66		96		108		96		96		86		90		209		58		18		0		35		195		188		135		120		212		245		254		77		69		78		83		65		70		114		97		107		423		411		399		409		383		397		379		369		349		345		333		347		321		270		357		163		180		229		237		284		287		247		280		184		201		243		222		228		243		271		281		384		279		286		284		288		300		336		373		354		305		378		338		322		330		370		399		402		410		425		447		436		445		436		441		448		458		467		489		518		494		68		72		
-1		356		335		453		431		279		253		274		243		206		194		109		134		146		164		207		158		152		160		166		168		226		178		257		201		211		259		148		142		137		312		271		340		85		68		127		131		125		156		162		178		166		114		109		78		64		272		265		23		13		31		61		73		61		61		51		55		174		71		31		49		0		160		153		100		85		177		210		219		90		82		91		100		114		119		127		146		156		388		376		364		374		348		362		344		334		314		310		298		312		286		235		322		128		145		194		202		249		252		212		245		149		166		208		187		193		208		236		246		349		244		251		249		253		265		301		338		319		270		343		303		287		295		335		364		367		375		390		412		401		410		401		406		413		423		432		454		483		459		72		37		
-1		260		239		357		335		391		365		386		355		318		306		221		246		258		276		319		270		264		272		278		280		338		290		369		313		323		371		260		254		249		424		383		452		197		135		181		185		164		210		216		232		220		153		148		117		131		326		319		204		194		212		242		254		242		242		232		63		14		34		164		146		181		0		7		16		31		81		114		123		53		45		54		63		81		86		90		113		123		292		280		268		278		252		266		248		238		218		214		202		216		190		139		226		32		49		98		106		153		156		116		149		53		70		112		91		97		112		140		150		253		148		155		153		157		169		205		242		223		174		247		207		191		199		239		268		271		279		294		316		305		314		305		310		317		327		336		358		387		363		184		218		
-1		253		232		350		328		398		372		393		362		325		313		228		253		265		283		326		277		271		279		285		287		345		297		376		320		330		378		267		261		256		431		390		459		204		142		188		192		171		217		223		239		227		160		155		124		138		333		326		211		201		219		249		261		249		249		239		70		21		41		171		153		188		7		0		9		24		74		107		116		60		52		61		70		88		93		97		120		130		285		273		261		271		245		259		241		231		211		207		195		209		183		132		219		25		42		91		99		146		149		109		142		46		63		105		84		90		105		133		143		246		141		148		146		150		162		198		235		216		167		240		200		184		192		232		261		264		272		287		309		298		307		298		303		310		320		329		351		380		356		191		225		
-1		256		235		353		331		451		425		446		415		378		366		281		306		318		336		379		330		324		332		338		340		398		350		429		373		383		431		320		314		309		484		443		512		257		195		241		245		224		270		276		292		280		213		208		177		191		386		379		264		254		272		302		314		302		302		292		123		74		94		224		206		241		60		53		0		15		77		110		119		113		105		114		123		141		146		150		173		183		288		276		264		274		248		262		244		234		214		210		198		212		186		135		222		28		45		94		102		149		152		112		145		49		66		108		87		93		108		136		146		249		144		151		149		153		165		201		238		219		170		243		203		187		195		235		264		267		275		290		312		301		310		301		306		313		323		332		354		383		359		244		278		
-1		271		250		368		346		466		440		461		430		393		381		296		321		333		351		394		345		339		347		353		355		413		365		444		388		398		446		335		329		324		499		458		527		272		210		256		260		239		285		291		307		295		228		223		192		206		401		394		279		269		287		317		329		317		317		307		138		89		109		239		221		256		75		68		15		0		92		125		134		128		120		129		138		156		161		165		188		198		303		291		279		289		263		277		259		249		229		225		213		227		201		150		237		43		60		109		117		164		167		127		160		64		81		123		102		108		123		151		161		264		159		166		164		168		180		216		253		234		185		258		218		202		210		250		279		282		290		305		327		316		325		316		321		328		338		347		369		398		374		259		293		
-1		235		214		332		310		380		354		375		344		307		295		210		235		247		265		308		259		253		261		267		269		327		279		358		302		312		360		249		243		238		413		372		441		186		124		170		174		153		199		205		221		209		142		137		106		120		315		308		193		183		201		231		243		231		231		221		100		51		56		153		135		170		37		44		53		68		0		33		42		37		45		43		52		70		75		79		102		112		211		199		187		197		171		192		174		174		154		158		121		135		109		114		145		69		86		135		143		190		193		153		186		28		45		87		66		72		87		115		125		228		123		130		128		132		144		180		217		198		149		222		182		166		173		214		243		246		254		269		291		280		289		280		285		292		302		311		333		362		338		173		207		
-1		204		183		301		279		347		321		342		311		274		262		177		202		214		232		275		226		220		228		234		236		294		246		325		269		279		327		216		210		205		380		339		408		153		91		137		141		120		166		172		188		176		109		104		73		87		282		275		160		150		168		198		210		198		198		188		133		84		23		120		102		137		70		77		86		101		33		0		9		4		12		10		19		37		42		46		69		79		178		166		154		164		138		159		141		141		121		125		88		102		76		83		112		102		119		168		176		223		226		186		219		61		78		110		99		105		120		148		158		261		156		163		161		165		176		187		186		167		118		191		151		135		140		183		212		215		223		238		260		249		258		249		254		261		271		280		302		331		307		140		174		
-1		195		174		292		270		523		497		518		487		450		438		353		378		390		408		451		402		396		404		410		412		470		422		501		445		455		503		392		386		381		556		515		584		329		267		313		317		296		342		348		364		352		285		280		249		263		458		451		336		326		344		374		386		374		374		364		243		194		199		296		278		313		180		187		196		211		143		176		0		180		188		186		195		213		218		222		194		184		169		157		145		155		129		150		132		132		112		116		79		93		67		74		103		212		229		278		286		333		336		296		329		171		188		101		209		215		230		258		268		371		266		273		271		275		167		178		177		158		109		182		142		126		131		174		203		206		214		229		251		240		249		240		245		252		262		271		293		322		298		316		350		
-1		489		468		586		564		343		317		338		307		270		258		173		198		210		228		271		222		216		224		230		232		290		242		321		265		275		323		212		206		201		376		335		404		149		87		133		137		116		162		168		184		172		105		100		69		83		278		271		156		146		164		194		206		194		194		184		188		307		19		116		98		133		293		286		233		218		310		343		352		0		8		6		15		33		38		42		65		75		521		509		497		507		481		495		477		467		447		443		431		445		419		368		455		261		278		327		335		382		385		345		378		282		299		341		320		326		341		369		379		482		377		384		382		386		398		434		471		452		403		476		436		420		428		468		497		500		508		523		545		534		543		534		539		546		556		565		587		616		592		136		170		
-1		492		471		589		567		346		320		341		310		273		261		176		201		213		231		274		225		219		227		233		235		293		245		324		268		278		326		215		209		204		379		338		407		152		90		136		140		119		165		171		187		175		108		103		72		86		281		274		159		149		167		197		209		197		197		187		191		310		11		119		101		136		296		289		236		221		313		346		355		8		0		9		18		36		41		45		68		78		524		512		500		510		484		498		480		470		450		446		434		448		422		371		458		264		281		330		338		385		388		348		381		285		302		344		323		329		344		372		382		485		380		387		385		389		401		437		474		455		406		479		439		423		431		471		500		503		511		526		548		537		546		537		542		549		559		568		590		619		595		139		173		
-1		483		462		580		558		337		311		332		301		264		252		167		192		204		222		265		216		210		218		224		226		284		236		315		259		269		317		206		200		195		370		329		398		143		81		127		131		110		156		162		178		166		99		94		63		77		272		265		150		140		158		188		200		188		188		178		182		301		25		110		92		127		287		280		227		212		304		337		346		6		14		0		9		27		32		36		59		69		515		503		491		501		475		489		471		461		441		437		425		439		413		362		449		255		272		321		329		376		379		339		372		276		293		335		314		320		335		363		373		476		371		378		376		380		392		428		465		446		397		470		430		414		422		462		491		494		502		517		539		528		537		528		533		540		550		559		581		610		586		130		164		
-1		474		453		571		549		328		302		323		292		255		243		158		183		195		213		256		207		201		209		215		217		275		227		306		250		260		308		197		191		186		361		320		389		134		72		118		122		101		147		153		169		157		90		85		54		68		263		256		141		131		149		179		191		179		179		169		173		292		34		101		83		118		278		271		218		203		295		328		337		15		23		9		0		18		23		45		50		60		506		494		482		492		466		480		462		452		432		428		416		430		404		353		440		246		263		312		320		367		370		330		363		267		284		326		305		311		326		354		364		467		362		369		367		371		383		419		456		437		388		461		421		405		413		453		482		485		493		508		530		519		528		519		524		531		541		550		572		601		577		121		155		
-1		456		435		553		531		310		284		305		274		237		225		140		165		177		195		238		189		183		191		197		199		257		209		288		232		242		290		179		173		168		343		302		371		116		54		100		104		83		129		135		151		139		72		67		36		50		245		238		123		113		131		161		173		161		161		151		155		274		52		83		65		100		260		253		200		185		277		310		319		33		41		27		18		0		5		63		32		42		488		476		464		474		448		462		444		434		414		410		398		412		386		335		422		228		245		294		302		349		352		312		345		249		266		308		287		293		308		336		346		449		344		351		349		353		365		401		438		419		370		443		403		387		395		435		464		467		475		490		512		501		510		501		506		513		523		532		554		583		559		103		137		
-1		461		440		558		536		315		289		310		279		242		230		145		170		182		200		243		194		188		196		202		204		262		214		293		237		247		295		184		178		173		348		307		376		121		59		105		109		88		134		140		156		144		77		72		41		55		250		243		128		118		136		166		178		166		166		156		160		279		49		88		70		105		265		258		205		190		282		315		324		30		38		24		15		5		0		60		27		37		493		481		469		479		453		467		449		439		419		415		403		417		391		340		427		233		250		299		307		354		357		317		350		254		271		313		292		298		313		341		351		454		349		356		354		358		370		406		443		424		375		448		408		392		400		440		469		472		480		495		517		506		515		506		511		518		528		537		559		588		564		108		142		
-1		535		514		632		610		389		363		384		353		316		304		219		244		256		274		317		268		262		270		276		278		336		288		367		311		321		369		258		252		247		422		381		450		195		133		179		183		162		208		214		230		218		151		146		115		129		324		317		202		192		210		240		252		240		240		230		234		353		123		162		144		179		339		332		279		264		356		389		398		104		112		98		89		79		74		0		47		57		567		555		543		553		527		541		523		513		493		489		477		491		465		414		501		307		324		373		381		428		431		391		424		328		345		387		366		372		387		415		425		528		423		430		428		432		444		480		517		498		449		522		482		466		474		514		543		546		554		569		591		580		589		580		585		592		602		611		633		662		638		182		216		
-1		488		467		585		563		342		316		337		306		269		257		172		197		209		227		270		221		215		223		229		231		289		241		320		264		274		322		211		205		200		375		334		403		148		86		132		136		115		161		167		183		171		104		99		68		82		277		270		155		145		163		193		205		193		193		183		187		306		76		115		97		132		292		285		232		217		309		342		351		57		65		51		42		32		27		47		0		10		520		508		496		506		480		494		476		466		446		442		430		444		418		367		454		260		277		326		334		381		384		344		377		281		298		340		319		325		340		368		378		481		376		383		381		385		397		433		470		451		402		475		435		419		427		467		496		499		507		522		544		533		542		533		538		545		555		564		586		615		591		135		169		
-1		498		477		595		573		352		326		347		316		279		267		182		207		219		237		280		231		225		233		239		241		299		251		330		274		284		332		221		215		210		385		344		413		158		96		142		146		125		171		177		193		181		114		109		78		92		287		280		165		155		173		203		215		203		203		193		197		316		86		125		107		142		302		295		242		227		319		352		361		67		75		61		52		42		37		57		10		0		530		518		506		516		490		504		486		476		456		452		440		454		428		377		464		270		287		336		344		391		394		354		387		291		308		350		329		335		350		378		388		491		386		393		391		395		407		443		480		461		412		485		445		429		437		477		506		509		517		532		554		543		552		543		548		555		565		574		596		625		601		145		179		
-1		513		492		610		588		367		341		362		331		294		282		197		222		234		252		295		246		240		248		254		256		314		266		345		289		299		347		236		230		225		400		359		428		173		111		157		161		140		186		192		208		196		129		124		93		107		302		295		180		170		188		218		230		218		218		208		212		331		101		140		122		157		317		310		257		242		334		367		376		82		90		76		67		57		52		72		25		15		0		12		31		21		48		38		61		71		471		467		455		469		443		392		74		285		302		351		359		406		409		369		402		306		323		365		344		350		365		393		403		506		401		408		406		410		422		458		495		476		427		500		460		444		452		492		521		524		532		547		569		558		567		558		563		570		580		589		611		640		616		160		194		
-1		525		504		622		600		379		353		374		343		306		294		209		234		246		264		307		258		252		260		266		268		326		278		357		301		311		359		248		242		237		412		371		440		185		123		169		173		152		198		204		220		208		141		136		105		119		314		307		192		182		200		230		242		230		230		220		224		343		113		152		134		169		329		322		269		254		346		379		388		94		102		88		79		69		64		84		37		27		12		0		19		9		36		26		49		59		483		479		467		481		455		404		62		297		314		363		371		418		421		381		414		318		335		377		356		362		377		405		415		518		413		420		418		422		434		470		507		488		439		512		472		456		464		504		533		536		544		559		581		570		579		570		575		582		592		601		623		652		628		172		206		
-1		537		516		634		612		391		365		386		355		318		306		221		246		258		276		319		270		264		272		278		280		338		290		369		313		323		371		260		254		249		424		383		452		197		135		181		185		164		210		216		232		220		153		148		117		131		326		319		204		194		212		242		254		242		242		232		236		355		125		164		146		181		341		334		281		266		358		391		400		106		114		100		91		81		76		96		49		39		24		12		0		10		37		27		50		60		495		491		479		493		467		416		63		309		326		375		383		430		433		393		426		330		347		389		368		374		389		417		427		530		425		432		430		434		446		482		519		500		451		524		484		468		476		516		545		548		556		571		593		582		591		582		587		594		604		613		635		664		640		184		218		
-1		534		513		631		609		388		362		383		352		315		303		218		243		255		273		316		267		261		269		275		277		335		287		366		310		320		368		257		251		246		421		380		449		194		132		178		182		161		207		213		229		217		150		145		114		128		323		316		201		191		209		239		251		239		239		229		233		352		122		161		143		178		338		331		278		263		355		388		397		103		111		97		88		78		73		93		46		36		21		9		10		0		27		17		40		50		492		488		476		490		464		413		53		306		323		372		380		427		430		390		423		327		344		386		365		371		386		414		424		527		422		429		427		431		443		479		516		497		448		521		481		465		473		513		542		545		553		568		590		579		588		579		584		591		601		610		632		661		637		181		215		
-1		553		532		650		628		407		381		402		371		334		322		237		262		274		292		335		286		280		288		294		296		354		306		385		329		339		387		276		270		265		440		399		468		213		151		197		201		180		226		232		248		236		169		164		133		147		342		335		220		210		228		258		270		258		258		248		252		371		141		180		162		197		357		350		297		282		374		407		416		122		130		116		107		97		92		112		65		55		40		28		16		26		0		31		13		23		511		507		495		509		483		432		26		325		342		391		399		446		449		409		442		346		363		405		384		390		405		433		443		546		441		448		446		450		462		498		535		516		467		540		500		484		492		532		561		564		572		587		609		598		607		598		603		610		620		629		651		680		656		200		234		
-1		563		542		660		638		417		391		412		381		344		332		247		272		284		302		345		296		290		298		304		306		364		316		395		339		349		397		286		280		275		450		409		478		223		161		207		211		190		236		242		258		246		179		174		143		157		352		345		230		220		238		268		280		268		268		258		262		381		151		190		172		207		367		360		307		292		384		417		426		132		140		126		117		107		102		122		75		65		50		38		26		36		10		0		23		33		521		517		505		519		493		442		36		335		352		401		409		456		459		419		452		356		373		415		394		400		415		443		453		556		451		458		456		460		472		508		545		526		477		550		510		494		502		542		571		574		582		597		619		608		617		608		613		620		630		639		661		690		666		210		244		
-1		581		560		678		656		435		409		430		399		362		350		265		290		302		320		363		314		308		316		322		324		382		334		413		357		367		415		304		298		293		468		427		496		241		179		225		229		208		254		260		276		264		197		192		161		175		370		363		248		238		256		286		298		286		286		276		280		399		169		208		190		225		385		378		325		310		402		435		444		150		158		144		135		125		120		140		93		83		68		56		44		54		28		18		0		10		539		535		523		537		511		460		54		353		370		419		427		474		477		437		470		374		391		433		412		418		433		461		471		574		469		476		474		478		490		526		563		544		495		568		528		512		520		560		589		592		600		615		637		626		635		626		631		638		648		657		679		708		684		228		262		
-1		591		570		688		666		445		419		440		409		372		360		275		300		312		330		373		324		318		326		332		334		392		344		423		367		377		425		314		308		303		478		437		506		251		189		235		239		218		264		270		286		274		207		202		171		185		380		373		258		248		266		296		308		296		296		286		290		409		179		218		200		235		395		388		335		320		412		445		454		160		168		154		145		135		130		150		103		93		78		66		54		64		38		28		10		0		549		545		533		547		521		470		64		363		380		429		437		484		487		447		480		384		401		443		422		428		443		471		481		584		479		486		484		488		500		536		573		554		505		578		538		522		530		570		599		602		610		625		647		636		645		636		641		648		658		667		689		718		694		238		272		
-1		130		109		193		171		465		439		460		429		392		380		295		320		332		350		393		344		338		346		352		354		412		364		443		387		397		445		334		328		323		498		457		526		271		209		255		259		238		284		290		306		294		227		222		191		205		400		393		278		268		286		316		328		316		316		306		310		429		199		238		220		255		415		408		355		340		432		465		474		180		188		174		165		155		150		170		123		113		98		86		74		84		58		48		30		20		0		4		33		47		541		490		57		383		400		449		457		504		507		467		500		404		421		463		442		448		463		491		501		604		499		506		504		508		102		113		112		93		44		117		43		27		19		75		104		107		115		130		152		141		150		141		146		153		163		172		194		223		199		258		292		
-1		126		105		189		167		469		443		464		433		396		384		299		324		336		354		397		348		342		350		356		358		416		368		447		391		401		449		338		332		327		502		461		530		275		213		259		263		242		288		294		310		298		231		226		195		209		404		397		282		272		290		320		332		320		320		310		314		433		203		242		224		259		419		412		359		344		436		469		478		184		192		178		169		159		154		174		127		117		102		90		78		88		62		52		34		24		4		0		37		51		545		494		61		387		404		453		461		508		511		471		504		408		425		467		446		452		467		495		505		608		503		510		508		512		98		109		108		89		40		113		39		23		15		71		100		103		111		126		148		137		146		137		142		149		159		168		190		219		195		262		296		
-1		163		142		226		204		457		431		452		421		384		372		287		312		324		342		385		336		330		338		344		346		404		356		435		379		389		437		326		320		315		490		449		518		263		201		247		251		230		276		282		298		286		219		214		183		197		392		385		270		260		278		308		320		308		308		298		302		421		191		230		212		247		407		400		347		332		424		457		466		172		180		166		157		147		142		162		115		105		90		78		66		76		50		71		53		53		33		37		0		14		533		482		24		375		392		441		449		496		499		459		492		396		413		455		434		440		455		483		493		596		491		498		496		500		135		146		145		126		77		150		76		60		52		108		137		140		148		163		185		174		183		174		179		186		196		205		227		256		232		250		284		
-1		589		568		686		664		443		417		438		407		370		358		273		298		310		328		371		322		316		324		330		332		390		342		421		365		375		423		312		306		301		476		435		504		249		187		233		237		216		262		268		284		272		205		200		169		183		378		371		256		246		264		294		306		294		294		284		288		407		177		216		198		233		393		386		333		318		410		443		452		158		166		152		143		133		128		148		101		91		76		64		52		62		36		57		39		49		547		543		531		0		519		468		10		361		378		427		435		482		485		445		478		382		399		441		420		426		441		469		479		582		477		484		482		486		498		534		571		552		503		576		536		520		528		568		597		600		608		623		645		634		643		634		639		646		656		665		687		716		692		236		270		
-1		128		107		225		203		456		430		451		420		383		371		286		311		323		341		384		335		329		337		343		345		403		355		434		378		388		436		325		319		314		489		448		517		262		200		246		250		229		275		281		297		285		218		213		182		196		391		384		269		259		277		307		319		307		307		297		176		127		132		229		211		246		113		120		129		144		76		109		118		113		121		119		128		146		151		155		127		117		102		90		78		88		62		83		65		65		45		49		12		26		0		7		36		145		162		211		219		266		269		229		262		104		121		34		142		148		163		191		201		304		199		206		204		208		100		111		110		91		42		115		75		59		64		107		136		139		147		162		184		173		182		173		178		185		195		204		226		255		231		249		283		
-1		121		100		218		196		449		423		444		413		376		364		279		304		316		334		377		328		322		330		336		338		396		348		427		371		381		429		318		312		307		482		441		510		255		193		239		243		222		268		274		290		278		211		206		175		189		384		377		262		252		270		300		312		300		300		290		169		120		125		222		204		239		106		113		122		137		69		102		111		106		114		112		121		139		144		148		171		181		177		165		153		163		137		127		109		99		79		75		112		126		178		0		136		138		155		204		212		259		262		222		255		97		114		27		135		141		156		184		194		297		192		199		197		201		93		104		103		84		35		108		68		52		60		100		129		132		140		155		177		166		175		166		171		178		188		197		219		248		224		242		276		
-1		579		558		676		654		433		407		428		397		360		348		263		288		300		318		361		312		306		314		320		322		380		332		411		355		365		413		302		296		291		466		425		494		239		177		223		227		206		252		258		274		262		195		190		159		173		368		361		246		236		254		284		296		284		284		274		278		397		167		206		188		223		383		376		323		308		400		433		442		148		156		142		133		123		118		138		91		81		66		54		42		52		26		47		29		39		537		533		521		535		509		458		0		351		368		417		425		472		475		435		468		372		389		431		410		416		431		459		469		572		467		474		472		476		488		524		561		542		493		566		526		510		518		558		587		590		598		613		635		624		633		624		629		636		646		655		677		706		682		226		260		
-1		228		207		325		303		423		397		418		387		350		338		253		278		290		308		351		302		296		304		310		312		370		322		401		345		355		403		292		286		281		456		415		484		229		167		213		217		196		242		248		264		252		185		180		149		163		358		351		236		226		244		274		286		274		274		264		95		46		66		196		178		213		32		25		34		49		49		82		91		85		77		86		95		113		118		122		145		155		260		248		236		246		220		234		216		206		186		182		170		184		158		107		194		0		17		66		74		121		124		84		117		21		38		80		59		65		80		108		118		221		116		123		121		125		137		173		210		191		142		215		175		159		167		207		236		239		247		262		284		273		282		273		278		285		295		304		326		355		331		216		250		
-1		211		190		308		286		412		386		407		376		339		327		242		267		279		297		340		291		285		293		299		301		359		311		390		334		344		392		281		275		270		445		404		473		218		156		202		206		185		231		237		253		241		174		169		138		152		347		340		225		215		233		263		275		263		263		253		132		83		88		185		167		202		69		76		85		100		32		65		74		69		77		75		84		102		107		111		134		144		243		231		219		229		203		217		199		189		169		165		153		167		141		90		177		101		0		49		57		104		107		67		100		4		21		63		42		48		63		91		101		204		99		106		104		108		120		156		193		174		125		198		158		142		150		190		219		222		230		245		267		256		265		256		261		268		278		287		309		338		314		205		239		
-1		260		239		357		335		461		435		456		425		388		376		291		316		328		346		389		340		334		342		348		350		408		360		439		383		393		441		330		324		319		494		453		522		267		205		251		255		234		280		286		302		290		223		218		187		201		396		389		274		264		282		312		324		312		312		302		181		132		137		234		216		251		118		125		134		149		81		114		123		118		126		124		133		151		156		160		183		193		292		280		268		278		252		266		248		238		218		214		202		216		190		139		226		150		49		0		8		55		58		18		51		53		70		112		91		97		112		140		150		253		148		155		153		157		169		205		242		223		174		247		207		191		199		239		268		271		279		294		316		305		314		305		310		317		327		336		358		387		363		254		288		
-1		271		250		368		346		472		446		467		436		399		387		302		327		339		357		400		351		345		353		359		361		419		371		450		394		404		452		341		335		330		505		464		533		278		216		262		266		245		291		297		313		301		234		229		198		212		407		400		285		275		293		323		335		323		323		313		192		143		148		245		227		262		129		136		145		160		92		125		134		129		137		135		144		162		167		171		194		204		303		291		279		289		263		277		259		249		229		225		213		227		201		150		237		161		60		109		0		47		50		10		43		64		81		123		102		108		123		151		161		264		159		166		164		168		180		216		253		234		185		258		218		202		210		250		279		282		290		305		327		316		325		316		321		328		338		347		369		398		374		265		299		
-1		288		267		385		363		489		463		484		453		416		404		319		344		356		374		417		368		362		370		376		378		436		388		467		411		421		469		358		352		347		522		481		550		295		233		279		283		262		308		314		330		318		251		246		215		229		424		417		302		292		310		340		352		340		340		330		209		160		165		262		244		279		146		153		162		177		109		142		151		146		154		152		161		179		184		188		211		221		320		308		296		306		280		294		276		266		246		242		230		244		218		167		254		178		77		126		17		0		3		27		60		81		98		140		119		125		140		168		178		281		176		183		181		185		197		233		270		251		202		275		235		219		227		267		296		299		307		322		344		333		342		333		338		345		355		364		386		415		391		282		316		
-1		291		270		388		366		492		466		487		456		419		407		322		347		359		377		420		371		365		373		379		381		439		391		470		414		424		472		361		355		350		525		484		553		298		236		282		286		265		311		317		333		321		254		249		218		232		427		420		305		295		313		343		355		343		343		333		212		163		168		265		247		282		149		156		165		180		112		145		154		149		157		155		164		182		187		191		214		224		323		311		299		309		283		297		279		269		249		245		233		247		221		170		257		181		80		129		20		3		0		30		63		84		101		143		122		128		143		171		181		284		179		186		184		188		200		236		273		254		205		278		238		222		230		270		299		302		310		325		347		336		345		336		341		348		358		367		389		418		394		285		319		
-1		261		240		358		336		462		436		457		426		389		377		292		317		329		347		390		341		335		343		349		351		409		361		440		384		394		442		331		325		320		495		454		523		268		206		252		256		235		281		287		303		291		224		219		188		202		397		390		275		265		283		313		325		313		313		303		182		133		138		235		217		252		119		126		135		150		82		115		124		119		127		125		134		152		157		161		184		194		293		281		269		279		253		267		249		239		219		215		203		217		191		140		227		151		50		99		54		37		40		0		33		54		71		113		92		98		113		141		151		254		149		156		154		158		170		206		243		224		175		248		208		192		200		240		269		272		280		295		317		306		315		306		311		318		328		337		359		388		364		255		289		
-1		228		207		325		303		429		403		424		393		356		344		259		284		296		314		357		308		302		310		316		318		376		328		407		351		361		409		298		292		287		462		421		490		235		173		219		223		202		248		254		270		258		191		186		155		169		364		357		242		232		250		280		292		280		280		270		149		100		105		202		184		219		86		93		102		117		49		82		91		86		94		92		101		119		124		128		151		161		260		248		236		246		220		234		216		206		186		182		170		184		158		107		194		118		17		66		74		121		124		84		0		21		38		80		59		65		80		108		118		221		116		123		121		125		137		173		210		191		142		215		175		159		167		207		236		239		247		262		284		273		282		273		278		285		295		304		326		355		331		222		256		
-1		207		186		304		282		408		382		403		372		335		323		238		263		275		293		336		287		281		289		295		297		355		307		386		330		340		388		277		271		266		441		400		469		214		152		198		202		181		227		233		249		237		170		165		134		148		343		336		221		211		229		259		271		259		259		249		128		79		84		181		163		198		65		72		81		96		28		61		70		65		73		71		80		98		103		107		130		140		239		227		215		225		199		213		195		185		165		161		149		163		137		86		173		97		114		163		171		218		221		181		214		0		17		59		38		44		59		87		97		200		95		102		100		104		116		152		189		170		121		194		154		138		146		186		215		218		226		241		263		252		261		252		257		264		274		283		305		334		310		201		235		
-1		190		169		287		265		518		492		513		482		445		433		348		373		385		403		446		397		391		399		405		407		465		417		496		440		450		498		387		381		376		551		510		579		324		262		308		312		291		337		343		359		347		280		275		244		258		453		446		331		321		339		369		381		369		369		359		238		189		194		291		273		308		175		182		191		206		138		171		180		175		183		181		190		208		213		217		240		250		246		234		222		232		206		196		178		168		148		144		181		195		247		69		205		207		224		273		281		328		331		291		324		166		0		42		21		27		42		70		80		183		78		85		83		87		99		135		172		153		104		177		137		121		129		169		198		201		209		224		246		235		244		235		240		247		257		266		288		317		293		311		345		
-1		148		127		245		223		476		450		471		440		403		391		306		331		343		361		404		355		349		357		363		365		423		375		454		398		408		456		345		339		334		509		468		537		282		220		266		270		249		295		301		317		305		238		233		202		216		411		404		289		279		297		327		339		327		327		317		196		147		152		249		231		266		133		140		149		164		96		129		138		133		141		139		148		166		171		175		198		208		204		192		180		190		164		154		136		126		106		102		139		153		205		27		163		165		182		231		239		286		289		249		282		124		141		0		162		168		183		211		221		324		219		226		224		228		120		131		130		111		62		135		95		79		87		127		156		159		167		182		204		193		202		193		198		205		215		224		246		275		251		269		303		
-1		211		190		308		286		539		513		534		503		466		454		369		394		406		424		467		418		412		420		426		428		486		438		517		461		471		519		408		402		397		572		531		600		345		283		329		333		312		358		364		380		368		301		296		265		279		474		467		352		342		360		390		402		390		390		380		259		210		215		312		294		329		196		203		212		227		159		192		201		196		204		202		211		229		234		238		261		271		267		255		243		253		227		217		199		189		169		165		202		216		268		90		226		228		245		294		302		349		352		312		345		187		21		63		0		6		21		49		59		162		57		64		62		66		78		114		193		174		125		198		158		142		150		190		219		222		230		245		267		256		265		256		261		268		278		287		309		338		314		332		366		
-1		216		195		313		291		545		519		540		509		472		460		375		400		412		430		473		424		418		426		432		434		492		444		523		467		477		525		414		408		403		578		537		606		351		289		335		339		318		364		370		386		374		307		302		271		285		480		473		358		348		366		396		408		396		396		386		265		216		221		318		300		335		202		209		218		233		165		198		207		202		210		208		217		235		240		244		267		277		272		260		248		258		232		222		204		194		174		170		207		221		274		96		231		234		251		300		308		355		358		318		351		193		27		69		6		0		15		43		53		156		51		58		56		60		72		108		198		179		130		203		163		147		155		195		224		227		235		250		272		261		270		261		266		273		283		292		314		343		319		338		372		
-1		201		180		298		276		560		534		555		524		487		475		390		415		427		445		488		439		433		441		447		449		507		459		538		482		492		540		429		423		418		593		552		621		366		304		350		354		333		379		385		401		389		322		317		286		300		495		488		373		363		381		411		423		411		411		401		280		231		236		333		315		350		217		224		233		248		180		213		222		217		225		223		232		250		255		259		282		272		257		245		233		243		217		207		189		179		159		155		192		206		289		111		216		249		266		315		323		370		373		333		366		208		42		84		21		15		0		28		38		141		36		43		41		45		57		93		183		164		115		188		148		132		140		180		209		212		220		235		257		246		255		246		251		258		268		277		299		328		304		353		387		
-1		173		152		270		248		539		513		534		503		466		454		369		394		406		424		467		418		412		420		426		428		486		438		517		461		471		519		408		402		397		572		531		600		345		283		329		333		312		358		364		380		368		301		296		265		279		474		467		352		342		360		390		402		390		390		380		259		210		215		312		294		329		196		203		212		227		159		192		201		196		204		202		211		229		234		238		254		244		229		217		205		215		189		179		161		151		131		127		164		178		268		90		188		228		245		294		302		349		352		312		345		187		70		63		49		43		28		0		25		128		8		15		13		17		29		65		155		136		87		160		120		104		112		152		181		184		192		207		229		218		227		218		223		230		240		249		271		300		276		332		366		
-1		198		177		295		273		564		538		559		528		491		479		394		419		431		449		492		443		437		445		451		453		511		463		542		486		496		544		433		427		422		597		556		625		370		308		354		358		337		383		389		405		393		326		321		290		304		499		492		377		367		385		415		427		415		415		405		284		235		240		337		319		354		221		228		237		252		184		217		226		221		229		227		236		254		259		263		279		269		254		242		230		240		214		204		186		176		156		152		189		203		293		115		213		253		270		319		327		374		377		337		370		212		95		88		74		68		53		25		0		103		33		40		38		42		54		90		180		161		112		185		145		129		137		177		206		209		217		232		254		243		252		243		248		255		265		274		296		325		301		357		391		
-1		301		280		398		376		667		641		662		631		594		582		497		522		534		552		595		546		540		548		554		556		614		566		645		589		599		647		536		530		525		700		659		728		473		411		457		461		440		486		492		508		496		429		424		393		407		602		595		480		470		488		518		530		518		518		508		387		338		343		440		422		457		324		331		340		355		287		320		329		324		332		330		339		357		362		366		382		372		357		345		333		343		317		307		289		279		259		255		292		306		396		218		316		356		373		422		430		477		480		440		473		315		198		191		177		171		156		128		103		0		136		143		141		145		157		193		283		264		215		288		248		232		240		280		309		312		320		335		357		346		355		346		351		358		368		377		399		428		404		460		494		
-1		173		152		270		248		539		513		534		503		466		454		369		394		406		424		467		418		412		420		426		428		486		438		517		461		471		519		408		402		397		572		531		600		345		283		329		333		312		358		364		380		368		301		296		265		279		474		467		352		342		360		390		402		390		390		380		259		210		215		312		294		329		196		203		212		227		159		192		201		196		204		202		211		229		234		238		254		244		229		217		205		215		189		179		161		151		131		127		164		178		268		90		188		228		245		294		302		349		352		312		345		187		204		63		225		231		246		274		284		387		0		7		13		17		29		65		155		136		87		160		120		104		112		152		181		184		192		207		229		218		227		218		223		230		240		249		271		300		276		332		366		
-1		180		159		277		255		546		520		541		510		473		461		376		401		413		431		474		425		419		427		433		435		493		445		524		468		478		526		415		409		404		579		538		607		352		290		336		340		319		365		371		387		375		308		303		272		286		481		474		359		349		367		397		409		397		397		387		266		217		222		319		301		336		203		210		219		234		166		199		208		203		211		209		218		236		241		245		261		251		236		224		212		222		196		186		168		158		138		134		171		185		275		97		195		235		252		301		309		356		359		319		352		194		211		70		232		238		253		281		291		394		7		0		20		24		36		72		162		143		94		167		127		111		119		159		188		191		199		214		236		225		234		225		230		237		247		256		278		307		283		339		373		
-1		160		139		257		235		526		500		521		490		453		441		356		381		393		411		454		405		399		407		413		415		473		425		504		448		458		506		395		389		384		559		518		587		332		270		316		320		299		345		351		367		355		288		283		252		266		461		454		339		329		347		377		389		377		377		367		246		197		202		299		281		316		183		190		199		214		146		179		188		183		191		189		198		216		221		225		241		231		216		204		192		202		176		166		148		138		118		114		151		165		255		77		175		215		232		281		289		336		339		299		332		174		191		50		212		218		233		261		271		374		13		20		0		4		16		52		142		123		74		147		107		91		99		139		168		171		179		194		216		205		214		205		210		217		227		236		258		287		263		319		353		
-1		156		135		253		231		522		496		517		486		449		437		352		377		389		407		450		401		395		403		409		411		469		421		500		444		454		502		391		385		380		555		514		583		328		266		312		316		295		341		347		363		351		284		279		248		262		457		450		335		325		343		373		385		373		373		363		242		193		198		295		277		312		179		186		195		210		142		175		184		179		187		185		194		212		217		221		237		227		212		200		188		198		172		162		144		134		114		110		147		161		251		73		171		211		228		277		285		332		335		295		328		170		187		46		208		214		229		257		267		370		265		272		270		0		12		48		138		119		70		143		103		87		95		135		164		167		175		190		212		201		210		201		206		213		223		232		254		283		259		315		349		
-1		144		123		241		219		567		541		562		531		494		482		397		422		434		452		495		446		440		448		454		456		514		466		545		489		499		547		436		430		425		600		559		628		373		311		357		361		340		386		392		408		396		329		324		293		307		502		495		380		370		388		418		430		418		418		408		412		531		301		340		322		357		517		510		457		442		534		567		576		282		290		276		267		257		252		272		225		215		200		188		176		186		160		150		132		122		102		98		135		149		643		592		159		485		502		551		559		606		609		569		602		506		523		565		544		550		565		593		603		706		601		608		606		610		0		36		126		107		58		131		91		75		83		123		152		155		163		178		200		189		198		189		194		201		211		220		242		271		247		360		394		
-1		180		159		277		255		603		577		598		567		530		518		433		458		470		488		531		482		476		484		490		492		550		502		581		525		535		583		472		466		461		636		595		664		409		347		393		397		376		422		428		444		432		365		360		329		343		538		531		416		406		424		454		466		454		454		444		448		567		337		376		358		393		553		546		493		478		570		603		612		318		326		312		303		293		288		308		261		251		236		224		212		222		196		186		168		158		138		134		171		185		679		628		195		521		538		587		595		642		645		605		638		542		559		601		580		586		601		629		639		742		637		644		642		646		36		0		162		143		94		167		127		111		119		159		188		191		199		214		236		225		234		225		230		237		247		256		278		307		283		396		430		
-1		18		35		207		185		565		539		560		529		492		480		395		420		432		450		493		444		438		446		452		454		512		464		543		487		497		545		434		428		423		598		557		626		371		309		355		359		338		384		390		406		394		327		322		291		305		500		493		378		368		386		416		428		416		416		406		410		529		299		338		320		355		515		508		455		440		532		565		574		280		288		274		265		255		250		270		223		213		198		186		174		184		158		148		130		120		100		96		133		147		641		590		157		483		500		549		557		604		607		567		600		504		521		563		542		548		563		591		601		704		599		606		604		608		46		10		0		19		68		43		57		73		81		89		118		121		129		144		166		155		164		155		160		167		177		186		208		237		213		358		392		
-1		37		16		188		166		546		520		541		510		473		461		376		401		413		431		474		425		419		427		433		435		493		445		524		468		478		526		415		409		404		579		538		607		352		290		336		340		319		365		371		387		375		308		303		272		286		481		474		359		349		367		397		409		397		397		387		391		510		280		319		301		336		496		489		436		421		513		546		555		261		269		255		246		236		231		251		204		194		179		167		155		165		139		129		111		101		81		77		114		128		622		571		138		464		481		530		538		585		588		548		581		485		502		544		523		529		544		572		582		685		580		587		585		589		56		20		19		0		49		24		38		54		62		70		99		102		110		125		147		136		145		136		141		148		158		167		189		218		194		339		373		
-1		86		65		183		161		509		483		504		473		436		424		339		364		376		394		437		388		382		390		396		398		456		408		487		431		441		489		378		372		367		542		501		570		315		253		299		303		282		328		334		350		338		271		266		235		249		444		437		322		312		330		360		372		360		360		350		354		473		243		282		264		299		459		452		399		384		476		509		518		224		232		218		209		199		194		214		167		157		142		130		118		128		102		92		74		64		44		40		77		91		585		534		101		427		444		493		501		548		551		511		544		448		465		507		486		492		507		535		545		648		543		550		548		552		58		69		68		49		0		73		33		17		25		65		94		97		105		120		142		131		140		131		136		143		153		162		184		213		189		302		336		
-1		133		112		164		142		522		496		517		486		449		437		352		377		389		407		450		401		395		403		409		411		469		421		500		444		454		502		391		385		380		555		514		583		328		266		312		316		295		341		347		363		351		284		279		248		262		457		450		335		325		343		373		385		373		373		363		367		486		256		295		277		312		472		465		412		397		489		522		531		237		245		231		222		212		207		227		180		170		155		143		131		141		115		105		87		77		57		53		90		104		598		547		114		440		457		506		514		561		564		524		557		461		478		520		499		505		520		548		558		661		556		563		561		565		105		116		115		96		47		0		14		30		38		46		75		78		86		101		123		112		121		112		117		124		134		143		165		194		170		315		349		
-1		119		98		150		128		508		482		503		472		435		423		338		363		375		393		436		387		381		389		395		397		455		407		486		430		440		488		377		371		366		541		500		569		314		252		298		302		281		327		333		349		337		270		265		234		248		443		436		321		311		329		359		371		359		359		349		353		472		242		281		263		298		458		451		398		383		475		508		517		223		231		217		208		198		193		213		166		156		141		129		117		127		101		91		73		63		43		39		76		90		584		533		100		426		443		492		500		547		550		510		543		447		464		506		485		491		506		534		544		647		542		549		547		551		91		102		101		82		33		106		0		16		24		32		61		64		72		87		109		98		107		98		103		110		120		129		151		180		156		301		335		
-1		103		82		166		144		492		466		487		456		419		407		322		347		359		377		420		371		365		373		379		381		439		391		470		414		424		472		361		355		350		525		484		553		298		236		282		286		265		311		317		333		321		254		249		218		232		427		420		305		295		313		343		355		343		343		333		337		456		226		265		247		282		442		435		382		367		459		492		501		207		215		201		192		182		177		197		150		140		125		113		101		111		85		75		57		47		27		23		60		74		568		517		84		410		427		476		484		531		534		494		527		431		448		490		469		475		490		518		528		631		526		533		531		535		75		86		85		66		17		90		16		0		8		48		77		80		88		103		125		114		123		114		119		126		136		145		167		196		172		285		319		
-1		111		90		174		152		484		458		479		448		411		399		314		339		351		369		412		363		357		365		371		373		431		383		462		406		416		464		353		347		342		517		476		545		290		228		274		278		257		303		309		325		313		246		241		210		224		419		412		297		287		305		335		347		335		335		325		329		448		218		257		239		274		434		427		374		359		451		484		493		199		207		193		184		174		169		189		142		132		117		105		93		103		77		67		49		39		19		15		52		66		560		509		76		402		419		468		476		523		526		486		519		423		440		482		461		467		482		510		520		623		518		525		523		527		83		94		93		74		25		98		24		8		0		56		85		88		96		111		133		122		131		122		127		134		144		153		175		204		180		277		311		
-1		126		105		118		96		499		473		494		463		426		414		329		354		366		384		427		378		372		380		386		388		446		398		477		421		431		479		368		362		357		532		491		560		305		243		289		293		272		318		324		340		328		261		256		225		239		434		427		312		302		320		350		362		350		350		340		344		463		233		272		254		289		449		442		389		374		466		499		508		214		222		208		199		189		184		204		157		147		132		120		108		118		92		82		64		54		34		30		67		81		575		524		91		417		434		483		491		538		541		501		534		438		455		497		476		482		497		525		535		638		533		540		538		542		98		109		108		89		40		113		39		23		15		0		29		32		40		55		77		66		75		66		71		78		88		97		119		148		124		292		326		
-1		155		134		89		67		528		502		523		492		455		443		358		383		395		413		456		407		401		409		415		417		475		427		506		450		460		508		397		391		386		561		520		589		334		272		318		322		301		347		353		369		357		290		285		254		268		463		456		341		331		349		379		391		379		379		369		373		492		262		301		283		318		478		471		418		403		495		528		537		243		251		237		228		218		213		233		186		176		161		149		137		147		121		111		93		83		63		59		96		110		604		553		120		446		463		512		520		567		570		530		563		467		484		526		505		511		526		554		564		667		562		569		567		571		127		138		137		118		69		142		68		52		44		29		0		61		11		26		48		37		46		37		42		49		59		68		90		119		95		321		355		
-1		158		137		150		128		531		505		526		495		458		446		361		386		398		416		459		410		404		412		418		420		478		430		509		453		463		511		400		394		389		564		523		592		337		275		321		325		304		350		356		372		360		293		288		257		271		466		459		344		334		352		382		394		382		382		372		376		495		265		304		286		321		481		474		421		406		498		531		540		246		254		240		231		221		216		236		189		179		164		152		140		150		124		114		96		86		66		62		99		113		607		556		123		449		466		515		523		570		573		533		566		470		487		529		508		514		529		557		567		670		565		572		570		574		130		141		140		121		72		145		71		55		47		32		61		0		72		87		109		98		107		98		103		110		120		129		151		180		156		324		358		
-1		166		145		78		78		539		513		534		503		466		454		369		394		406		424		467		418		412		420		426		428		486		438		517		461		471		519		408		402		397		572		531		600		345		283		329		333		312		358		364		380		368		301		296		265		279		474		467		352		342		360		390		402		390		390		380		384		503		273		312		294		329		489		482		429		414		506		539		548		254		262		248		239		229		224		244		197		187		172		160		148		158		132		122		104		94		74		70		107		121		615		564		131		457		474		523		531		578		581		541		574		478		495		537		516		522		537		565		575		678		573		580		578		582		138		149		148		129		80		153		79		63		55		40		11		72		0		15		37		26		35		26		31		38		48		57		79		108		84		332		366		
-1		181		160		63		93		554		528		549		518		481		469		384		409		421		439		482		433		427		435		441		443		501		453		532		476		486		534		423		417		412		587		546		615		360		298		344		348		327		373		379		395		383		316		311		280		294		489		482		367		357		375		405		417		405		405		395		399		518		288		327		309		344		504		497		444		429		521		554		563		269		277		263		254		244		239		259		212		202		187		175		163		173		147		137		119		109		89		85		122		136		630		579		146		472		489		538		546		593		596		556		589		493		510		552		531		537		552		580		590		693		588		595		593		597		153		164		163		144		95		168		94		78		70		55		26		87		15		0		22		11		50		41		46		53		63		72		94		123		99		347		381		
-1		203		182		41		115		576		550		571		540		503		491		406		431		443		461		504		455		449		457		463		465		523		475		554		498		508		556		445		439		434		609		568		637		382		320		366		370		349		395		401		417		405		338		333		302		316		511		504		389		379		397		427		439		427		427		417		421		540		310		349		331		366		526		519		466		451		543		576		585		291		299		285		276		266		261		281		234		224		209		197		185		195		169		159		141		131		111		107		144		158		652		601		168		494		511		560		568		615		618		578		611		515		532		574		553		559		574		602		612		715		610		617		615		619		175		186		185		166		117		190		116		100		92		77		48		109		37		22		0		33		72		63		68		75		85		94		116		145		121		369		403		
-1		226		205		64		138		599		573		594		563		526		514		429		454		466		484		527		478		472		480		486		488		546		498		577		521		531		579		468		462		457		632		591		660		405		343		389		393		372		418		424		440		428		361		356		325		339		534		527		412		402		420		450		462		450		450		440		444		563		333		372		354		389		549		542		489		474		566		599		608		314		322		308		299		289		284		304		257		247		232		220		208		218		192		182		164		154		134		130		167		181		675		624		191		517		534		583		591		638		641		601		634		538		555		597		576		582		597		625		635		738		633		640		638		642		198		209		208		189		140		213		139		123		115		100		71		132		60		45		23		0		95		86		91		98		108		117		139		168		144		392		426		
-1		201		180		113		113		574		548		569		538		501		489		404		429		441		459		502		453		447		455		461		463		521		473		552		496		506		554		443		437		432		607		566		635		380		318		364		368		347		393		399		415		403		336		331		300		314		509		502		387		377		395		425		437		425		425		415		419		538		308		347		329		364		524		517		464		449		541		574		583		289		297		283		274		264		259		279		232		222		207		195		183		193		167		157		139		129		109		105		142		156		650		599		166		492		509		558		566		613		616		576		609		513		530		572		551		557		572		600		610		713		608		615		613		617		173		184		183		164		115		188		114		98		90		75		46		107		35		50		72		61		0		61		66		73		83		92		114		143		119		367		401		
-1		192		171		104		104		565		539		560		529		492		480		395		420		432		450		493		444		438		446		452		454		512		464		543		487		497		545		434		428		423		598		557		626		371		309		355		359		338		384		390		406		394		327		322		291		305		500		493		378		368		386		416		428		416		416		406		410		529		299		338		320		355		515		508		455		440		532		565		574		280		288		274		265		255		250		270		223		213		198		186		174		184		158		148		130		120		100		96		133		147		641		590		157		483		500		549		557		604		607		567		600		504		521		563		542		548		563		591		601		704		599		606		604		608		164		175		174		155		106		179		105		89		81		66		37		78		26		41		63		52		61		0		5		12		22		31		53		82		58		358		392		
-1		231		210		204		201		604		578		599		568		531		519		434		459		471		489		532		483		477		485		491		493		551		503		582		526		536		584		473		467		462		637		596		665		410		348		394		398		377		423		429		445		433		366		361		330		344		539		532		417		407		425		455		467		455		455		445		449		568		338		377		359		394		554		547		494		479		571		604		613		319		327		313		304		294		289		309		262		252		237		225		213		223		197		187		169		159		139		135		172		186		680		629		196		522		539		588		596		643		646		606		639		543		560		602		581		587		602		630		640		743		638		645		643		647		203		214		213		194		145		218		144		128		120		105		134		73		126		141		163		152		161		100		0		7		17		26		48		77		53		397		431		
-1		224		203		197		194		597		571		592		561		524		512		427		452		464		482		525		476		470		478		484		486		544		496		575		519		529		577		466		460		455		630		589		658		403		341		387		391		370		416		422		438		426		359		354		323		337		532		525		410		400		418		448		460		448		448		438		442		561		331		370		352		387		547		540		487		472		564		597		606		312		320		306		297		287		282		302		255		245		230		218		206		216		190		180		162		152		132		128		165		179		673		622		189		515		532		581		589		636		639		599		632		536		553		595		574		580		595		623		633		736		631		638		636		640		196		207		206		187		138		211		137		121		113		98		127		66		119		134		156		145		154		93		98		0		10		19		41		70		46		390		424		
-1		214		193		187		184		587		561		582		551		514		502		417		442		454		472		515		466		460		468		474		476		534		486		565		509		519		567		456		450		445		620		579		648		393		331		377		381		360		406		412		428		416		349		344		313		327		522		515		400		390		408		438		450		438		438		428		432		551		321		360		342		377		537		530		477		462		554		587		596		302		310		296		287		277		272		292		245		235		220		208		196		206		180		170		152		142		122		118		155		169		663		612		179		505		522		571		579		626		629		589		622		526		543		585		564		570		585		613		623		726		621		628		626		630		186		197		196		177		128		201		127		111		103		88		117		56		109		124		146		135		144		83		88		10		0		14		31		60		36		380		414		
-1		243		222		216		213		616		590		611		580		543		531		446		471		483		501		544		495		489		497		503		505		563		515		594		538		548		596		485		479		474		649		608		677		422		360		406		410		389		435		441		457		445		378		373		342		356		551		544		429		419		437		467		479		467		467		457		461		580		350		389		371		406		566		559		506		491		583		616		625		331		339		325		316		306		301		321		274		264		249		237		225		235		209		199		181		171		151		147		184		198		692		641		208		534		551		600		608		655		658		618		651		555		572		614		593		599		614		642		652		755		650		657		655		659		215		226		225		206		157		230		156		140		132		117		146		85		138		153		175		164		173		112		117		19		29		0		60		89		65		409		443		
-1		183		162		156		153		556		530		551		520		483		471		386		411		423		441		484		435		429		437		443		445		503		455		534		478		488		536		425		419		414		589		548		617		362		300		346		350		329		375		381		397		385		318		313		282		296		491		484		369		359		377		407		419		407		407		397		401		520		290		329		311		346		506		499		446		431		523		556		565		271		279		265		256		246		241		261		214		204		189		177		165		175		149		139		121		111		91		87		124		138		632		581		148		474		491		540		548		595		598		558		591		495		512		554		533		539		554		582		592		695		590		597		595		599		155		166		165		146		97		170		96		80		72		57		86		25		78		93		115		104		113		52		57		41		31		45		0		29		5		349		383		
-1		212		191		185		182		585		559		580		549		512		500		415		440		452		470		513		464		458		466		472		474		532		484		563		507		517		565		454		448		443		618		577		646		391		329		375		379		358		404		410		426		414		347		342		311		325		520		513		398		388		406		436		448		436		436		426		430		549		319		358		340		375		535		528		475		460		552		585		594		300		308		294		285		275		270		290		243		233		218		206		194		204		178		168		150		140		120		116		153		167		661		610		177		503		520		569		577		624		627		587		620		524		541		583		562		568		583		611		621		724		619		626		624		628		184		195		194		175		126		199		125		109		101		86		115		54		107		122		144		133		142		81		86		70		60		74		29		0		34		378		412		
-1		178		157		151		148		551		525		546		515		478		466		381		406		418		436		479		430		424		432		438		440		498		450		529		473		483		531		420		414		409		584		543		612		357		295		341		345		324		370		376		392		380		313		308		277		291		486		479		364		354		372		402		414		402		402		392		396		515		285		324		306		341		501		494		441		426		518		551		560		266		274		260		251		241		236		256		209		199		184		172		160		170		144		134		116		106		86		82		119		133		627		576		143		469		486		535		543		590		593		553		586		490		507		549		528		534		549		577		587		690		585		592		590		594		150		161		160		141		92		165		91		75		67		52		81		20		73		88		110		99		108		47		52		59		69		78		100		129		0		344		378		
-1		454		433		551		529		207		181		202		171		134		122		37		62		74		92		135		86		80		88		94		96		154		106		185		129		139		187		76		70		65		240		199		268		13		49		108		112		114		137		143		159		147		103		98		67		53		253		246		49		116		57		87		99		111		159		149		153		272		126		86		68		103		258		251		198		183		275		308		317		136		137		130		121		103		108		166		135		145		486		474		462		472		446		460		442		432		412		408		396		410		384		333		420		226		243		292		300		347		350		310		343		247		264		306		285		291		306		334		344		447		342		349		347		351		363		399		436		417		368		441		401		385		393		433		462		465		473		488		510		499		508		499		504		511		521		530		552		581		557		0		135		
-1		319		298		416		394		290		264		285		254		217		205		120		145		157		175		218		169		163		171		177		179		237		189		268		212		222		270		159		153		148		323		282		351		96		105		164		168		162		193		199		215		203		151		146		115		101		309		302		34		24		42		72		36		24		24		14		18		137		108		68		86		37		123		116		63		48		140		173		182		127		119		128		137		151		156		164		183		193		351		339		327		337		311		325		307		297		277		273		261		275		249		198		285		91		108		157		165		212		215		175		208		112		129		171		150		156		171		199		209		312		207		214		212		216		228		264		301		282		233		306		266		250		258		298		327		330		338		353		375		364		373		364		369		376		386		395		417		446		422		83		0		
