Data =>
	instName=TWs4
	optimalValue=-1
	vehicles=-1
	capacity=160
	depotNode=1
	nodes=140
	arcs=75
	edges=115
	requiredN=47
	requiredA=47
	requiredE=65
nodes dist:
0		-1		-1		-1		-1		-1		-1		-1		-1		-1		-1		-1		-1		-1		-1		-1		-1		-1		-1		-1		-1		-1		-1		-1		-1		-1		-1		-1		-1		-1		-1		-1		-1		-1		-1		-1		-1		-1		-1		-1		-1		-1		-1		-1		-1		-1		-1		-1		-1		-1		-1		-1		-1		-1		-1		-1		-1		-1		-1		-1		-1		-1		-1		-1		-1		-1		-1		-1		-1		-1		-1		-1		-1		-1		-1		-1		-1		-1		-1		-1		-1		-1		-1		-1		-1		-1		-1		-1		-1		-1		-1		-1		-1		-1		-1		-1		-1		-1		-1		-1		-1		-1		-1		-1		-1		-1		-1		-1		-1		-1		-1		-1		-1		-1		-1		-1		-1		-1		-1		-1		-1		-1		-1		-1		-1		-1		-1		-1		-1		-1		-1		-1		-1		-1		-1		-1		-1		-1		-1		-1		-1		
-1		0		-1		-1		-1		-1		-1		-1		-1		-1		-1		-1		-1		-1		-1		-1		-1		-1		-1		-1		-1		-1		-1		-1		-1		-1		-1		-1		-1		-1		-1		-1		-1		-1		-1		-1		-1		-1		-1		-1		-1		-1		-1		-1		-1		-1		-1		-1		-1		-1		-1		-1		-1		-1		-1		-1		-1		-1		-1		-1		-1		-1		-1		-1		-1		-1		-1		-1		-1		-1		-1		-1		-1		-1		-1		-1		-1		-1		-1		-1		-1		-1		-1		-1		-1		-1		-1		-1		-1		-1		-1		-1		-1		-1		-1		-1		-1		-1		-1		-1		-1		-1		-1		-1		-1		-1		-1		-1		-1		-1		-1		-1		-1		-1		-1		-1		18		-1		-1		-1		-1		-1		-1		-1		-1		-1		-1		-1		-1		-1		-1		-1		-1		-1		-1		-1		-1		-1		-1		-1		-1		
-1		-1		0		-1		-1		-1		-1		-1		-1		-1		-1		-1		-1		-1		-1		-1		-1		-1		-1		-1		-1		-1		-1		-1		-1		-1		-1		-1		-1		-1		-1		-1		-1		-1		-1		-1		-1		-1		-1		-1		-1		-1		-1		-1		-1		-1		-1		-1		-1		-1		-1		-1		-1		-1		-1		-1		-1		-1		-1		-1		-1		-1		-1		-1		-1		-1		-1		-1		-1		-1		-1		-1		-1		-1		-1		-1		-1		-1		-1		-1		-1		-1		-1		-1		-1		-1		-1		-1		-1		-1		-1		-1		-1		-1		-1		-1		-1		-1		-1		-1		-1		-1		-1		-1		-1		-1		-1		-1		-1		-1		-1		-1		-1		-1		-1		-1		-1		16		-1		-1		-1		-1		-1		-1		-1		-1		-1		-1		-1		-1		-1		-1		-1		-1		-1		-1		-1		-1		-1		-1		-1		
-1		-1		-1		0		-1		-1		-1		-1		-1		-1		-1		-1		-1		-1		-1		-1		-1		-1		-1		-1		-1		-1		-1		-1		-1		-1		-1		-1		-1		-1		-1		-1		-1		-1		-1		-1		-1		-1		-1		-1		-1		-1		-1		-1		-1		-1		-1		-1		-1		-1		-1		-1		-1		-1		-1		-1		-1		-1		-1		-1		-1		-1		-1		-1		-1		-1		-1		-1		-1		-1		-1		-1		-1		-1		-1		-1		-1		-1		-1		-1		-1		-1		-1		-1		-1		-1		-1		-1		-1		-1		-1		-1		-1		-1		-1		-1		-1		-1		-1		-1		-1		-1		-1		-1		-1		-1		-1		-1		-1		-1		-1		-1		-1		-1		-1		-1		-1		-1		-1		-1		-1		-1		-1		-1		-1		-1		-1		-1		41		-1		-1		-1		-1		-1		-1		-1		-1		-1		-1		-1		-1		
-1		-1		-1		-1		0		-1		-1		-1		-1		-1		-1		-1		-1		-1		-1		-1		-1		-1		-1		-1		-1		-1		-1		-1		-1		-1		-1		-1		-1		-1		-1		-1		-1		-1		-1		-1		-1		-1		-1		-1		-1		-1		-1		-1		-1		-1		-1		-1		-1		-1		-1		-1		-1		-1		-1		-1		-1		-1		-1		-1		-1		-1		-1		-1		-1		-1		-1		-1		-1		-1		-1		-1		-1		-1		-1		-1		-1		-1		-1		-1		-1		-1		-1		-1		-1		-1		-1		-1		-1		-1		-1		-1		-1		-1		-1		-1		-1		-1		-1		-1		-1		-1		-1		-1		-1		-1		-1		-1		-1		-1		-1		-1		-1		-1		-1		-1		-1		-1		-1		-1		-1		-1		-1		-1		67		-1		-1		-1		-1		-1		-1		-1		-1		-1		-1		-1		-1		-1		-1		-1		-1		
-1		-1		-1		-1		-1		0		26		-1		-1		-1		-1		-1		-1		-1		-1		-1		-1		-1		-1		-1		-1		-1		-1		-1		-1		-1		-1		-1		-1		-1		-1		-1		-1		-1		-1		-1		-1		-1		-1		-1		-1		-1		-1		-1		-1		-1		-1		-1		-1		-1		-1		-1		-1		-1		-1		-1		-1		-1		-1		-1		-1		-1		-1		-1		-1		-1		-1		-1		-1		-1		-1		-1		-1		-1		-1		-1		-1		-1		-1		-1		-1		-1		-1		-1		-1		-1		-1		-1		-1		-1		-1		-1		-1		-1		-1		-1		-1		-1		-1		-1		-1		-1		-1		-1		-1		-1		-1		-1		-1		-1		-1		-1		-1		-1		-1		-1		-1		-1		-1		-1		-1		-1		-1		-1		-1		-1		-1		-1		-1		-1		-1		-1		-1		-1		-1		-1		-1		-1		-1		-1		-1		
-1		-1		-1		-1		-1		26		0		21		10		-1		-1		-1		-1		-1		-1		-1		-1		-1		-1		-1		-1		-1		-1		-1		-1		-1		-1		-1		-1		-1		-1		-1		-1		-1		-1		-1		-1		-1		-1		-1		-1		-1		-1		-1		-1		-1		-1		-1		-1		-1		-1		-1		-1		-1		-1		-1		-1		-1		-1		-1		-1		-1		-1		-1		-1		-1		-1		-1		-1		-1		-1		-1		-1		-1		-1		-1		-1		-1		-1		-1		-1		-1		-1		-1		-1		-1		-1		-1		-1		-1		-1		-1		-1		-1		-1		-1		-1		-1		-1		-1		-1		-1		-1		-1		-1		-1		-1		-1		-1		-1		-1		-1		-1		-1		-1		-1		-1		-1		-1		-1		-1		-1		-1		-1		-1		-1		-1		-1		-1		-1		-1		-1		-1		-1		-1		-1		-1		-1		-1		-1		-1		
-1		-1		-1		-1		-1		-1		21		0		-1		-1		-1		-1		-1		-1		-1		-1		-1		-1		-1		-1		-1		-1		-1		-1		-1		-1		-1		-1		-1		-1		-1		-1		-1		-1		-1		-1		-1		-1		-1		-1		-1		-1		-1		-1		-1		-1		-1		-1		-1		-1		-1		-1		-1		-1		-1		-1		-1		-1		-1		-1		-1		-1		-1		-1		-1		-1		-1		-1		-1		-1		-1		-1		-1		-1		-1		-1		-1		-1		-1		-1		-1		-1		-1		-1		-1		-1		-1		-1		-1		-1		-1		-1		-1		-1		-1		-1		-1		-1		-1		-1		-1		-1		-1		-1		-1		-1		-1		-1		-1		-1		-1		-1		-1		-1		-1		-1		-1		-1		-1		-1		-1		-1		-1		-1		-1		-1		-1		-1		-1		-1		-1		-1		-1		-1		-1		-1		-1		-1		-1		-1		-1		
-1		-1		-1		-1		-1		-1		10		-1		0		-1		-1		48		-1		-1		-1		-1		-1		-1		-1		-1		-1		-1		-1		-1		-1		-1		-1		-1		-1		-1		-1		-1		-1		-1		-1		-1		-1		-1		-1		-1		-1		-1		-1		-1		-1		-1		-1		-1		-1		-1		-1		-1		-1		-1		-1		-1		-1		-1		-1		-1		-1		-1		-1		-1		-1		-1		-1		-1		-1		-1		-1		-1		-1		-1		-1		-1		-1		-1		-1		-1		-1		-1		-1		-1		-1		-1		-1		-1		-1		-1		-1		-1		-1		-1		-1		-1		-1		-1		-1		-1		-1		-1		-1		-1		-1		-1		-1		-1		-1		-1		-1		-1		-1		-1		-1		-1		-1		-1		-1		-1		-1		-1		-1		-1		-1		-1		-1		-1		-1		-1		-1		-1		-1		-1		-1		-1		-1		-1		-1		-1		-1		
-1		-1		-1		-1		-1		-1		-1		-1		37		0		-1		-1		-1		-1		-1		-1		-1		-1		-1		-1		-1		-1		-1		-1		-1		-1		-1		-1		-1		-1		-1		-1		-1		-1		-1		-1		-1		-1		-1		-1		-1		-1		-1		-1		-1		-1		-1		-1		-1		-1		-1		-1		-1		-1		-1		-1		-1		-1		-1		-1		-1		-1		-1		-1		-1		-1		-1		-1		-1		-1		-1		-1		-1		-1		-1		-1		-1		-1		-1		-1		-1		-1		-1		-1		-1		-1		-1		-1		-1		-1		-1		-1		-1		-1		-1		-1		-1		-1		-1		-1		-1		-1		-1		-1		-1		-1		-1		-1		-1		-1		-1		-1		-1		-1		-1		-1		-1		-1		-1		-1		-1		-1		-1		-1		-1		-1		-1		-1		-1		-1		-1		-1		-1		-1		-1		-1		-1		-1		-1		-1		-1		
-1		-1		-1		-1		-1		-1		-1		-1		-1		12		0		-1		-1		-1		-1		13		-1		-1		-1		28		-1		-1		-1		-1		-1		-1		-1		-1		-1		-1		-1		-1		-1		-1		-1		-1		-1		-1		-1		-1		-1		-1		-1		-1		-1		-1		-1		-1		-1		-1		-1		-1		-1		-1		-1		-1		-1		-1		-1		-1		-1		-1		-1		-1		-1		-1		-1		-1		-1		-1		-1		-1		-1		-1		-1		-1		-1		-1		-1		-1		-1		-1		-1		-1		-1		-1		-1		-1		-1		-1		-1		-1		-1		-1		-1		-1		-1		-1		-1		-1		-1		-1		-1		-1		-1		-1		-1		-1		-1		-1		-1		-1		-1		-1		-1		-1		-1		-1		-1		-1		-1		-1		-1		-1		-1		-1		-1		-1		-1		-1		-1		-1		-1		-1		-1		-1		-1		-1		-1		-1		-1		
-1		-1		-1		-1		-1		-1		-1		-1		48		-1		-1		0		25		-1		-1		-1		-1		-1		-1		-1		-1		-1		-1		-1		-1		-1		-1		50		-1		-1		-1		-1		-1		24		-1		-1		-1		-1		-1		-1		-1		-1		-1		-1		-1		-1		-1		-1		-1		-1		-1		-1		-1		-1		-1		-1		-1		-1		-1		-1		-1		-1		-1		-1		-1		-1		-1		-1		-1		-1		-1		-1		-1		-1		-1		-1		-1		-1		-1		-1		-1		-1		-1		-1		-1		-1		-1		-1		-1		-1		-1		-1		-1		-1		-1		-1		-1		-1		-1		-1		-1		-1		-1		-1		-1		-1		-1		-1		-1		-1		-1		-1		-1		-1		-1		-1		-1		-1		-1		-1		-1		-1		-1		-1		-1		-1		-1		-1		-1		-1		-1		-1		-1		-1		-1		-1		-1		-1		-1		-1		-1		
-1		-1		-1		-1		-1		-1		-1		-1		-1		-1		-1		-1		0		12		-1		-1		-1		-1		-1		-1		-1		-1		-1		-1		-1		-1		-1		-1		-1		-1		-1		-1		-1		-1		-1		-1		-1		-1		-1		-1		-1		-1		-1		-1		-1		-1		-1		-1		-1		-1		-1		-1		-1		-1		-1		-1		-1		-1		-1		-1		-1		-1		-1		-1		-1		-1		-1		-1		-1		-1		-1		-1		-1		-1		-1		-1		-1		-1		-1		-1		-1		-1		-1		-1		-1		-1		-1		-1		-1		-1		-1		-1		-1		-1		-1		-1		-1		-1		-1		-1		-1		-1		-1		-1		-1		-1		-1		-1		-1		-1		-1		-1		-1		-1		-1		-1		-1		-1		-1		-1		-1		-1		-1		-1		-1		-1		-1		-1		-1		-1		-1		-1		-1		-1		-1		-1		-1		-1		-1		-1		-1		
-1		-1		-1		-1		-1		-1		-1		-1		-1		-1		-1		-1		12		0		18		-1		12		6		-1		-1		-1		-1		-1		-1		-1		-1		-1		-1		-1		-1		-1		-1		-1		-1		-1		-1		-1		-1		-1		-1		-1		-1		-1		-1		-1		-1		-1		-1		-1		-1		-1		-1		-1		-1		-1		-1		-1		-1		-1		-1		-1		-1		-1		-1		-1		-1		-1		-1		-1		-1		-1		-1		-1		-1		-1		-1		-1		-1		-1		-1		-1		-1		-1		-1		-1		-1		-1		-1		-1		-1		-1		-1		-1		-1		-1		-1		-1		-1		-1		-1		-1		-1		-1		-1		-1		-1		-1		-1		-1		-1		-1		-1		-1		-1		-1		-1		-1		-1		-1		-1		-1		-1		-1		-1		-1		-1		-1		-1		-1		-1		-1		-1		-1		-1		-1		-1		-1		-1		-1		-1		-1		
-1		-1		-1		-1		-1		-1		-1		-1		-1		-1		-1		-1		-1		18		0		-1		-1		-1		-1		-1		-1		-1		-1		-1		-1		-1		-1		-1		-1		-1		-1		-1		-1		-1		-1		-1		-1		-1		-1		-1		-1		-1		-1		-1		-1		-1		-1		-1		-1		-1		-1		-1		-1		-1		-1		-1		-1		-1		-1		-1		-1		-1		-1		-1		-1		-1		-1		-1		-1		-1		-1		-1		-1		-1		-1		-1		-1		-1		-1		-1		-1		-1		-1		-1		-1		-1		-1		-1		-1		-1		-1		-1		-1		-1		-1		-1		-1		-1		-1		-1		-1		-1		-1		-1		-1		-1		-1		-1		-1		-1		-1		-1		-1		-1		-1		-1		-1		-1		-1		-1		-1		-1		-1		-1		-1		-1		-1		-1		-1		-1		-1		-1		-1		-1		-1		-1		-1		-1		-1		-1		-1		
-1		-1		-1		-1		-1		-1		-1		-1		-1		-1		13		-1		-1		-1		-1		0		8		-1		-1		-1		-1		-1		-1		-1		-1		-1		-1		-1		-1		-1		-1		-1		-1		-1		-1		-1		-1		-1		-1		-1		-1		-1		-1		-1		-1		-1		-1		-1		-1		-1		-1		-1		-1		-1		-1		-1		-1		-1		-1		-1		-1		-1		-1		-1		-1		-1		-1		-1		-1		-1		-1		-1		-1		-1		-1		-1		-1		-1		-1		-1		-1		-1		-1		-1		-1		-1		-1		-1		-1		-1		-1		-1		-1		-1		-1		-1		-1		-1		-1		-1		-1		-1		-1		-1		-1		-1		-1		-1		-1		-1		-1		-1		-1		-1		-1		-1		-1		-1		-1		-1		-1		-1		-1		-1		-1		-1		-1		-1		-1		-1		-1		-1		-1		-1		-1		-1		-1		-1		-1		-1		-1		
-1		-1		-1		-1		-1		-1		-1		-1		-1		-1		-1		-1		-1		-1		-1		8		0		-1		-1		-1		-1		-1		-1		-1		-1		-1		-1		-1		-1		-1		-1		-1		-1		-1		-1		-1		-1		-1		-1		-1		-1		-1		-1		-1		-1		-1		-1		-1		-1		-1		-1		-1		-1		-1		-1		-1		-1		-1		-1		-1		-1		-1		-1		-1		-1		-1		-1		-1		-1		-1		-1		-1		-1		-1		-1		-1		-1		-1		-1		-1		-1		-1		-1		-1		-1		-1		-1		-1		-1		-1		-1		-1		-1		-1		-1		-1		-1		-1		-1		-1		-1		-1		-1		-1		-1		-1		-1		-1		-1		-1		-1		-1		-1		-1		-1		-1		-1		-1		-1		-1		-1		-1		-1		-1		-1		-1		-1		-1		-1		-1		-1		-1		-1		-1		-1		-1		-1		-1		-1		-1		-1		
-1		-1		-1		-1		-1		-1		-1		-1		-1		-1		-1		-1		-1		6		-1		13		-1		0		8		-1		-1		-1		-1		-1		-1		-1		-1		-1		-1		-1		-1		-1		-1		-1		-1		-1		-1		-1		-1		-1		-1		-1		-1		-1		-1		-1		-1		-1		-1		-1		-1		-1		-1		-1		-1		-1		-1		-1		-1		-1		-1		-1		-1		-1		-1		-1		-1		-1		-1		-1		-1		-1		-1		-1		-1		-1		-1		-1		-1		-1		-1		-1		-1		-1		-1		-1		-1		-1		-1		-1		-1		-1		-1		-1		-1		-1		-1		-1		-1		-1		-1		-1		-1		-1		-1		-1		-1		-1		-1		-1		-1		-1		-1		-1		-1		-1		-1		-1		-1		-1		-1		-1		-1		-1		-1		-1		-1		-1		-1		-1		-1		-1		-1		-1		-1		-1		-1		-1		-1		-1		-1		
-1		-1		-1		-1		-1		-1		-1		-1		-1		-1		-1		-1		-1		-1		-1		-1		-1		-1		0		6		-1		-1		-1		-1		-1		-1		-1		-1		-1		-1		-1		-1		-1		-1		-1		-1		-1		-1		-1		-1		-1		-1		-1		-1		-1		-1		-1		-1		-1		-1		-1		-1		-1		-1		-1		-1		-1		-1		-1		-1		-1		-1		-1		-1		-1		-1		-1		-1		-1		-1		-1		-1		-1		-1		-1		-1		-1		-1		-1		-1		-1		-1		-1		-1		-1		-1		-1		-1		-1		-1		-1		-1		-1		-1		-1		-1		-1		-1		-1		-1		-1		-1		-1		-1		-1		-1		-1		-1		-1		-1		-1		-1		-1		-1		-1		-1		-1		-1		-1		-1		-1		-1		-1		-1		-1		-1		-1		-1		-1		-1		-1		-1		-1		-1		-1		-1		-1		-1		-1		-1		-1		
-1		-1		-1		-1		-1		-1		-1		-1		-1		-1		28		-1		-1		-1		-1		-1		-1		-1		6		0		-1		-1		-1		-1		-1		-1		-1		-1		-1		-1		-1		-1		-1		-1		-1		-1		-1		-1		-1		-1		-1		-1		-1		-1		-1		-1		-1		-1		-1		-1		-1		-1		-1		-1		-1		-1		-1		-1		-1		-1		-1		-1		-1		-1		-1		-1		-1		-1		-1		-1		-1		-1		-1		-1		-1		-1		-1		-1		-1		-1		-1		-1		-1		-1		-1		-1		-1		-1		-1		-1		-1		-1		-1		-1		-1		-1		-1		-1		-1		-1		-1		-1		-1		-1		-1		-1		-1		-1		-1		-1		-1		-1		-1		-1		-1		-1		-1		-1		-1		-1		-1		-1		-1		-1		-1		-1		-1		-1		-1		-1		-1		-1		-1		-1		-1		-1		-1		-1		-1		-1		-1		
-1		-1		-1		-1		-1		-1		-1		-1		-1		-1		-1		-1		34		-1		-1		-1		-1		-1		-1		-1		0		58		10		-1		-1		-1		-1		-1		-1		-1		-1		-1		-1		-1		-1		-1		-1		-1		-1		-1		-1		-1		-1		-1		-1		-1		-1		-1		-1		-1		-1		-1		-1		-1		-1		-1		-1		-1		-1		-1		-1		-1		-1		-1		-1		-1		-1		-1		-1		-1		-1		-1		-1		-1		-1		-1		-1		-1		-1		-1		-1		-1		-1		-1		-1		-1		-1		-1		-1		-1		-1		-1		-1		-1		-1		-1		-1		-1		-1		-1		-1		-1		-1		-1		-1		-1		-1		-1		-1		-1		-1		-1		-1		-1		-1		-1		-1		-1		-1		-1		-1		-1		-1		-1		-1		-1		-1		-1		-1		-1		-1		-1		-1		-1		-1		-1		-1		-1		-1		-1		-1		
-1		-1		-1		-1		-1		-1		-1		-1		-1		-1		-1		-1		-1		-1		-1		-1		-1		-1		-1		-1		58		0		-1		-1		-1		-1		-1		-1		-1		-1		-1		-1		-1		-1		-1		-1		-1		-1		-1		-1		-1		-1		-1		-1		-1		-1		-1		-1		-1		-1		-1		-1		-1		-1		-1		-1		-1		-1		-1		-1		-1		-1		-1		-1		-1		-1		-1		-1		-1		-1		-1		-1		-1		-1		-1		-1		-1		-1		-1		-1		-1		-1		-1		-1		-1		-1		-1		-1		-1		-1		-1		-1		-1		-1		-1		-1		-1		-1		-1		-1		-1		-1		-1		-1		-1		-1		-1		-1		-1		-1		-1		-1		-1		-1		-1		-1		-1		-1		-1		-1		-1		-1		-1		-1		-1		-1		-1		-1		-1		-1		-1		-1		-1		-1		-1		-1		-1		-1		-1		-1		-1		
-1		-1		-1		-1		-1		-1		-1		-1		-1		-1		-1		-1		-1		-1		-1		-1		-1		-1		-1		-1		10		-1		0		-1		-1		-1		-1		-1		-1		-1		-1		-1		-1		-1		-1		-1		-1		-1		-1		-1		-1		-1		-1		-1		-1		-1		-1		-1		-1		-1		-1		-1		-1		-1		-1		-1		-1		-1		-1		-1		-1		-1		-1		-1		-1		-1		-1		-1		-1		-1		-1		-1		-1		-1		-1		-1		-1		-1		-1		-1		-1		-1		-1		-1		-1		-1		-1		-1		-1		-1		-1		-1		-1		-1		-1		-1		-1		-1		-1		-1		-1		-1		-1		-1		-1		-1		-1		-1		-1		-1		-1		-1		-1		-1		-1		-1		-1		-1		-1		-1		-1		-1		-1		-1		-1		-1		-1		-1		-1		-1		-1		-1		-1		-1		-1		-1		-1		-1		-1		-1		-1		
-1		-1		-1		-1		-1		-1		-1		-1		-1		-1		-1		-1		-1		-1		-1		-1		-1		-1		-1		-1		-1		55		-1		0		-1		-1		20		-1		-1		-1		-1		-1		-1		-1		-1		-1		-1		-1		-1		-1		-1		-1		-1		-1		-1		-1		-1		-1		-1		-1		-1		-1		-1		-1		-1		-1		-1		-1		-1		-1		-1		-1		-1		-1		-1		-1		-1		-1		-1		-1		-1		-1		-1		-1		-1		-1		-1		-1		-1		-1		-1		-1		-1		-1		-1		-1		-1		-1		-1		-1		-1		-1		-1		-1		-1		-1		-1		-1		-1		-1		-1		-1		-1		-1		-1		-1		-1		-1		-1		-1		-1		-1		-1		-1		-1		-1		-1		-1		-1		-1		-1		-1		-1		-1		-1		-1		-1		-1		-1		-1		-1		-1		-1		-1		-1		-1		-1		-1		-1		-1		-1		
-1		-1		-1		-1		-1		-1		-1		-1		-1		-1		-1		-1		-1		-1		-1		-1		-1		-1		-1		-1		33		-1		-1		56		0		10		-1		-1		-1		-1		-1		-1		-1		-1		-1		-1		-1		-1		-1		-1		-1		-1		-1		-1		-1		-1		-1		-1		-1		-1		-1		-1		-1		-1		-1		-1		-1		-1		-1		-1		-1		-1		-1		-1		-1		-1		-1		-1		-1		-1		-1		-1		-1		-1		-1		-1		-1		-1		-1		-1		-1		-1		-1		-1		-1		-1		-1		-1		-1		-1		-1		-1		-1		-1		-1		-1		-1		-1		-1		-1		-1		-1		-1		-1		-1		-1		-1		-1		-1		-1		-1		-1		-1		-1		-1		-1		-1		-1		-1		-1		-1		-1		-1		-1		-1		-1		-1		-1		-1		-1		-1		-1		-1		-1		-1		-1		-1		-1		-1		-1		-1		
-1		-1		-1		-1		-1		-1		-1		-1		-1		-1		-1		-1		-1		-1		-1		-1		-1		-1		-1		-1		-1		-1		-1		-1		10		0		48		19		-1		-1		-1		-1		-1		-1		-1		-1		-1		-1		-1		-1		-1		-1		-1		-1		-1		-1		-1		-1		-1		-1		-1		-1		-1		-1		-1		-1		-1		-1		-1		-1		-1		-1		-1		-1		-1		-1		-1		-1		-1		-1		-1		-1		-1		-1		-1		-1		-1		-1		-1		-1		-1		-1		-1		-1		-1		-1		-1		-1		-1		-1		-1		-1		-1		-1		-1		-1		-1		-1		-1		-1		-1		-1		-1		-1		-1		-1		-1		-1		-1		-1		-1		-1		-1		-1		-1		-1		-1		-1		-1		-1		-1		-1		-1		-1		-1		-1		-1		-1		-1		-1		-1		-1		-1		-1		-1		-1		-1		-1		-1		-1		-1		
-1		-1		-1		-1		-1		-1		-1		-1		-1		-1		-1		-1		-1		-1		-1		-1		-1		-1		-1		-1		-1		-1		-1		20		-1		48		0		-1		-1		-1		-1		12		-1		-1		-1		-1		-1		-1		-1		-1		-1		-1		-1		-1		-1		-1		-1		-1		-1		-1		-1		-1		-1		-1		-1		-1		-1		-1		-1		-1		-1		-1		-1		-1		-1		-1		-1		-1		-1		-1		-1		-1		-1		-1		-1		-1		-1		-1		-1		-1		-1		-1		-1		-1		-1		-1		-1		-1		-1		-1		-1		-1		-1		-1		-1		-1		-1		-1		-1		-1		-1		-1		-1		-1		-1		-1		-1		-1		-1		-1		-1		-1		-1		-1		-1		-1		-1		-1		-1		-1		-1		-1		-1		-1		-1		-1		-1		-1		-1		-1		-1		-1		-1		-1		-1		-1		-1		-1		-1		-1		-1		
-1		-1		-1		-1		-1		-1		-1		-1		-1		-1		-1		50		-1		-1		-1		-1		-1		-1		-1		-1		-1		-1		-1		-1		-1		19		-1		0		6		-1		-1		-1		-1		-1		-1		-1		-1		-1		-1		-1		-1		-1		-1		-1		-1		-1		-1		-1		-1		-1		-1		-1		-1		-1		-1		-1		-1		-1		-1		-1		-1		-1		-1		-1		-1		-1		-1		-1		-1		-1		-1		-1		-1		-1		-1		-1		-1		-1		-1		-1		-1		-1		-1		-1		-1		-1		-1		-1		-1		-1		-1		-1		-1		-1		-1		-1		-1		-1		-1		-1		-1		-1		-1		-1		-1		-1		-1		-1		-1		-1		-1		-1		-1		-1		-1		-1		-1		-1		-1		-1		-1		-1		-1		-1		-1		-1		-1		-1		-1		-1		-1		-1		-1		-1		-1		-1		-1		-1		-1		-1		-1		
-1		-1		-1		-1		-1		-1		-1		-1		-1		-1		-1		-1		-1		-1		-1		-1		-1		-1		-1		-1		-1		-1		-1		-1		-1		-1		-1		6		0		-1		5		-1		-1		-1		-1		-1		-1		-1		-1		-1		-1		-1		-1		-1		-1		-1		-1		-1		-1		-1		-1		-1		-1		-1		-1		-1		-1		-1		-1		-1		-1		-1		-1		-1		-1		-1		-1		-1		-1		-1		-1		-1		-1		-1		-1		-1		-1		-1		-1		-1		-1		-1		-1		-1		-1		-1		-1		-1		-1		-1		-1		-1		-1		-1		-1		-1		-1		-1		-1		-1		-1		-1		-1		-1		-1		-1		-1		-1		-1		-1		-1		-1		-1		-1		-1		-1		-1		-1		-1		-1		-1		-1		-1		-1		-1		-1		-1		-1		-1		-1		-1		-1		-1		-1		-1		-1		-1		-1		-1		-1		-1		
-1		-1		-1		-1		-1		-1		-1		-1		-1		-1		-1		-1		-1		-1		-1		-1		-1		-1		-1		-1		-1		-1		-1		-1		-1		-1		-1		-1		5		0		-1		-1		-1		52		-1		-1		-1		-1		-1		-1		-1		-1		-1		-1		-1		-1		-1		-1		-1		-1		-1		-1		-1		-1		-1		-1		-1		-1		-1		-1		-1		-1		-1		-1		-1		-1		-1		-1		-1		-1		-1		-1		-1		-1		-1		-1		-1		-1		-1		-1		-1		-1		-1		-1		-1		-1		-1		-1		-1		-1		-1		-1		-1		-1		-1		-1		-1		-1		-1		-1		-1		-1		-1		-1		-1		-1		-1		-1		-1		-1		-1		-1		-1		-1		-1		-1		-1		-1		-1		-1		-1		-1		-1		-1		-1		-1		-1		-1		-1		-1		-1		-1		-1		-1		-1		-1		-1		-1		-1		-1		-1		
-1		-1		-1		-1		-1		-1		-1		-1		-1		-1		-1		-1		-1		-1		-1		-1		-1		-1		-1		-1		-1		-1		-1		-1		-1		-1		-1		-1		5		-1		0		41		28		-1		-1		-1		-1		-1		-1		-1		-1		-1		-1		-1		-1		-1		-1		-1		-1		-1		-1		-1		-1		-1		-1		-1		-1		-1		-1		-1		-1		-1		-1		-1		-1		-1		-1		-1		-1		-1		-1		-1		-1		-1		-1		-1		-1		-1		-1		-1		-1		-1		-1		-1		-1		-1		-1		-1		-1		-1		-1		-1		-1		-1		-1		-1		-1		-1		-1		-1		-1		-1		-1		-1		-1		-1		-1		-1		-1		-1		-1		-1		-1		-1		-1		-1		-1		-1		-1		-1		-1		-1		-1		-1		-1		-1		-1		-1		-1		-1		-1		-1		-1		-1		-1		-1		-1		-1		-1		-1		-1		
-1		-1		-1		-1		-1		-1		-1		-1		-1		-1		-1		-1		-1		-1		-1		-1		-1		-1		-1		-1		-1		-1		-1		-1		-1		-1		12		-1		-1		-1		-1		0		-1		-1		-1		-1		-1		-1		-1		-1		-1		-1		-1		-1		-1		-1		-1		-1		-1		-1		-1		-1		-1		-1		-1		-1		-1		-1		-1		-1		-1		-1		-1		-1		-1		-1		-1		-1		-1		-1		-1		-1		-1		-1		-1		-1		-1		-1		-1		-1		-1		-1		-1		-1		-1		-1		-1		-1		-1		-1		-1		-1		-1		-1		-1		-1		-1		-1		-1		-1		-1		-1		-1		-1		-1		-1		-1		-1		-1		-1		-1		-1		-1		-1		-1		-1		-1		-1		-1		-1		-1		-1		-1		-1		-1		-1		-1		-1		-1		-1		-1		-1		-1		-1		-1		-1		-1		-1		-1		-1		-1		
-1		-1		-1		-1		-1		-1		-1		-1		-1		-1		-1		-1		-1		-1		-1		-1		-1		-1		-1		-1		-1		-1		-1		-1		-1		-1		-1		-1		-1		-1		28		-1		0		-1		-1		-1		-1		-1		-1		-1		-1		-1		-1		-1		-1		-1		-1		-1		-1		-1		-1		-1		-1		-1		-1		-1		-1		-1		-1		-1		-1		-1		-1		-1		-1		-1		-1		-1		-1		-1		-1		-1		-1		-1		-1		-1		-1		-1		-1		-1		-1		-1		-1		-1		-1		-1		-1		-1		-1		-1		-1		-1		-1		-1		-1		-1		-1		-1		-1		-1		-1		-1		-1		-1		-1		-1		-1		-1		-1		-1		-1		-1		-1		-1		-1		-1		-1		-1		-1		-1		-1		-1		-1		-1		-1		-1		-1		-1		-1		-1		-1		-1		-1		-1		-1		-1		-1		-1		-1		-1		-1		
-1		-1		-1		-1		-1		-1		-1		-1		-1		-1		-1		-1		-1		-1		-1		-1		-1		-1		-1		-1		-1		-1		-1		-1		-1		-1		-1		-1		-1		52		-1		-1		-1		0		-1		-1		-1		-1		-1		-1		-1		-1		-1		-1		-1		-1		-1		-1		-1		-1		-1		-1		-1		-1		-1		-1		-1		-1		-1		-1		-1		-1		-1		-1		-1		-1		-1		-1		-1		-1		-1		-1		-1		-1		-1		-1		-1		-1		-1		-1		-1		-1		-1		-1		-1		-1		-1		-1		-1		-1		-1		-1		-1		-1		-1		-1		-1		-1		-1		-1		-1		-1		-1		-1		-1		-1		-1		-1		-1		-1		-1		-1		-1		-1		-1		-1		-1		-1		-1		-1		-1		-1		-1		-1		-1		-1		-1		-1		-1		-1		-1		-1		-1		-1		-1		-1		-1		-1		-1		13		-1		
-1		-1		-1		-1		-1		-1		-1		-1		-1		-1		-1		-1		-1		-1		-1		-1		-1		-1		-1		-1		-1		-1		-1		-1		-1		-1		-1		-1		-1		-1		-1		-1		-1		-1		0		-1		-1		-1		-1		-1		-1		-1		-1		-1		-1		4		-1		-1		-1		-1		-1		-1		-1		-1		-1		-1		-1		-1		-1		-1		-1		-1		-1		-1		-1		-1		-1		-1		-1		-1		-1		-1		-1		-1		-1		-1		-1		-1		-1		-1		-1		-1		-1		-1		-1		-1		-1		-1		-1		-1		-1		-1		-1		-1		-1		-1		-1		-1		-1		-1		-1		-1		-1		-1		-1		-1		-1		-1		-1		-1		-1		-1		-1		-1		-1		-1		-1		-1		-1		-1		-1		-1		-1		-1		-1		-1		-1		-1		-1		-1		-1		-1		-1		-1		-1		-1		-1		-1		-1		49		-1		
-1		-1		-1		-1		-1		-1		-1		-1		-1		-1		-1		-1		-1		-1		-1		-1		-1		-1		-1		-1		-1		-1		-1		-1		-1		-1		-1		-1		-1		-1		-1		-1		-1		-1		59		0		-1		-1		-1		-1		-1		-1		-1		-1		-1		-1		-1		-1		-1		-1		-1		-1		-1		-1		-1		-1		-1		-1		-1		-1		-1		-1		-1		-1		-1		-1		-1		-1		-1		-1		-1		-1		-1		-1		-1		-1		-1		-1		-1		-1		-1		-1		-1		-1		-1		-1		-1		-1		-1		-1		-1		-1		-1		-1		-1		-1		-1		-1		-1		-1		-1		-1		-1		-1		-1		-1		-1		-1		-1		-1		-1		-1		-1		-1		-1		-1		-1		-1		-1		-1		-1		-1		-1		-1		-1		-1		-1		-1		-1		-1		-1		-1		-1		-1		-1		-1		-1		-1		-1		-1		-1		
-1		-1		-1		-1		-1		-1		-1		-1		-1		-1		-1		-1		-1		-1		-1		-1		-1		-1		-1		-1		-1		-1		-1		-1		-1		-1		-1		-1		-1		-1		-1		-1		-1		-1		-1		4		0		20		25		-1		-1		-1		-1		-1		-1		-1		-1		-1		-1		-1		-1		-1		-1		-1		-1		-1		-1		-1		-1		-1		-1		-1		-1		-1		-1		-1		-1		-1		-1		-1		-1		-1		-1		-1		-1		-1		-1		-1		-1		-1		-1		-1		-1		-1		-1		-1		-1		-1		-1		-1		-1		-1		-1		-1		-1		-1		-1		-1		-1		-1		-1		-1		-1		-1		-1		-1		-1		-1		-1		-1		-1		-1		-1		-1		-1		-1		-1		-1		-1		-1		-1		-1		-1		-1		-1		-1		-1		-1		-1		-1		-1		-1		-1		-1		-1		-1		-1		-1		-1		-1		-1		
-1		-1		-1		-1		-1		-1		-1		-1		-1		-1		-1		-1		-1		-1		-1		-1		-1		-1		-1		-1		-1		-1		-1		-1		-1		-1		-1		-1		-1		-1		-1		-1		-1		-1		-1		17		-1		0		-1		-1		-1		-1		-1		-1		-1		-1		-1		-1		-1		-1		-1		-1		-1		-1		-1		-1		-1		-1		-1		-1		-1		-1		-1		-1		-1		-1		-1		-1		-1		-1		-1		-1		-1		-1		-1		-1		-1		-1		-1		-1		-1		-1		-1		-1		-1		-1		-1		-1		-1		-1		-1		-1		-1		-1		-1		-1		-1		-1		-1		-1		-1		-1		-1		-1		-1		-1		-1		-1		-1		-1		-1		-1		-1		-1		-1		-1		-1		-1		-1		-1		-1		-1		-1		-1		-1		-1		-1		-1		-1		-1		-1		-1		-1		-1		-1		-1		-1		-1		-1		-1		-1		
-1		-1		-1		-1		-1		-1		-1		-1		-1		-1		-1		-1		-1		-1		-1		-1		-1		-1		-1		-1		-1		-1		-1		-1		-1		-1		-1		-1		-1		-1		-1		-1		-1		-1		-1		-1		25		-1		0		6		-1		10		-1		-1		-1		-1		-1		-1		-1		-1		-1		-1		-1		-1		-1		-1		-1		-1		-1		-1		-1		-1		-1		-1		-1		-1		-1		-1		-1		-1		-1		-1		-1		-1		-1		-1		-1		-1		-1		-1		-1		-1		-1		-1		-1		-1		-1		-1		-1		-1		-1		-1		-1		-1		-1		-1		-1		-1		-1		-1		-1		-1		-1		-1		-1		-1		-1		-1		-1		-1		-1		-1		-1		-1		-1		-1		-1		-1		-1		-1		-1		-1		-1		-1		-1		-1		-1		-1		-1		-1		-1		-1		-1		-1		-1		-1		-1		-1		-1		-1		-1		
-1		-1		-1		-1		-1		-1		-1		-1		-1		-1		-1		-1		-1		-1		-1		-1		-1		-1		-1		-1		-1		-1		-1		-1		-1		-1		-1		-1		-1		-1		-1		-1		-1		-1		-1		-1		-1		-1		6		0		-1		-1		-1		-1		-1		-1		-1		-1		-1		-1		-1		-1		-1		-1		-1		-1		-1		-1		-1		-1		-1		-1		-1		-1		-1		-1		-1		-1		-1		-1		-1		-1		-1		-1		-1		-1		-1		-1		-1		-1		-1		-1		-1		-1		-1		-1		-1		-1		-1		-1		-1		-1		-1		-1		-1		-1		-1		-1		-1		-1		-1		-1		-1		-1		-1		-1		-1		-1		-1		-1		-1		-1		-1		-1		-1		-1		-1		-1		-1		-1		-1		-1		-1		-1		-1		-1		-1		-1		-1		-1		-1		-1		-1		-1		-1		-1		-1		-1		-1		-1		-1		
-1		-1		-1		-1		-1		-1		-1		-1		-1		-1		-1		-1		-1		-1		-1		-1		-1		-1		-1		-1		-1		-1		-1		-1		-1		-1		-1		-1		-1		-1		-1		-1		-1		-1		-1		-1		-1		-1		-1		18		0		12		-1		-1		-1		-1		-1		-1		-1		-1		-1		-1		-1		-1		-1		-1		-1		-1		-1		-1		-1		-1		-1		-1		-1		-1		-1		-1		-1		-1		-1		-1		-1		-1		-1		-1		-1		-1		-1		-1		-1		-1		-1		-1		-1		-1		-1		-1		-1		-1		-1		-1		-1		-1		-1		-1		-1		-1		-1		-1		-1		-1		-1		-1		-1		-1		-1		-1		-1		-1		-1		-1		-1		-1		-1		-1		-1		-1		-1		-1		-1		-1		-1		-1		-1		-1		-1		-1		-1		-1		-1		-1		-1		-1		-1		-1		-1		-1		-1		-1		-1		
-1		-1		-1		-1		-1		-1		-1		-1		-1		-1		-1		-1		-1		-1		-1		-1		-1		-1		-1		-1		-1		-1		-1		-1		-1		-1		-1		-1		-1		-1		-1		-1		-1		-1		-1		-1		-1		-1		-1		-1		12		0		-1		-1		-1		-1		-1		99		-1		-1		-1		-1		-1		-1		-1		-1		-1		-1		-1		-1		-1		-1		-1		-1		-1		-1		-1		-1		-1		-1		-1		-1		-1		-1		-1		-1		-1		-1		-1		-1		-1		-1		-1		-1		-1		-1		-1		-1		-1		-1		-1		-1		-1		-1		-1		-1		-1		-1		-1		-1		-1		-1		-1		-1		-1		-1		-1		-1		-1		-1		-1		-1		-1		-1		-1		-1		-1		-1		-1		-1		-1		-1		-1		-1		-1		-1		-1		-1		-1		-1		-1		-1		-1		-1		-1		-1		-1		-1		-1		-1		-1		
-1		-1		-1		-1		-1		-1		-1		-1		-1		-1		-1		-1		-1		-1		-1		-1		-1		-1		-1		-1		-1		-1		-1		-1		-1		-1		-1		-1		-1		-1		-1		-1		-1		-1		-1		-1		-1		17		-1		-1		-1		-1		0		-1		-1		-1		-1		4		-1		-1		-1		-1		-1		-1		-1		-1		-1		-1		-1		-1		-1		-1		-1		-1		-1		-1		-1		-1		-1		-1		-1		-1		-1		-1		-1		-1		-1		-1		-1		-1		-1		-1		-1		-1		-1		-1		-1		-1		-1		-1		-1		-1		-1		-1		-1		-1		-1		-1		-1		-1		-1		-1		-1		-1		-1		-1		-1		-1		-1		-1		-1		-1		-1		-1		-1		-1		-1		-1		-1		-1		-1		-1		-1		-1		-1		-1		-1		-1		-1		-1		-1		-1		-1		-1		-1		-1		-1		-1		-1		-1		-1		
-1		-1		-1		-1		-1		-1		-1		-1		-1		-1		-1		-1		-1		-1		-1		-1		-1		-1		-1		-1		-1		-1		-1		-1		-1		-1		-1		-1		-1		-1		-1		-1		-1		-1		-1		-1		-1		16		-1		-1		-1		-1		5		0		-1		-1		5		-1		-1		-1		-1		-1		-1		-1		-1		-1		-1		-1		-1		-1		-1		-1		-1		-1		-1		-1		-1		-1		-1		-1		-1		-1		-1		-1		-1		-1		-1		-1		-1		-1		-1		-1		-1		-1		-1		-1		-1		-1		-1		-1		-1		-1		-1		-1		-1		-1		-1		-1		-1		-1		-1		-1		-1		-1		-1		-1		-1		-1		-1		-1		-1		-1		-1		-1		-1		-1		-1		-1		-1		-1		-1		-1		-1		-1		-1		-1		-1		-1		-1		-1		-1		-1		-1		-1		-1		-1		-1		-1		-1		-1		-1		
-1		-1		-1		-1		-1		-1		-1		-1		-1		-1		-1		-1		-1		-1		-1		-1		-1		-1		-1		-1		-1		-1		-1		-1		-1		-1		-1		-1		-1		-1		-1		-1		-1		-1		-1		-1		-1		-1		-1		-1		-1		-1		-1		31		0		-1		-1		-1		-1		-1		-1		-1		-1		-1		-1		-1		-1		-1		-1		-1		-1		-1		-1		-1		-1		-1		-1		-1		-1		-1		-1		-1		-1		36		-1		-1		-1		-1		-1		-1		-1		-1		-1		-1		-1		-1		-1		-1		-1		-1		-1		-1		-1		-1		-1		-1		-1		-1		-1		-1		-1		-1		-1		-1		-1		-1		-1		-1		-1		-1		-1		-1		-1		-1		-1		-1		-1		-1		-1		-1		-1		-1		-1		-1		-1		-1		-1		-1		-1		-1		-1		-1		-1		-1		-1		-1		-1		-1		-1		-1		-1		
-1		-1		-1		-1		-1		-1		-1		-1		-1		-1		-1		-1		-1		-1		-1		-1		-1		-1		-1		-1		-1		-1		-1		-1		-1		-1		-1		-1		-1		-1		-1		-1		-1		-1		4		-1		-1		-1		-1		-1		-1		-1		-1		-1		14		0		-1		-1		-1		-1		-1		-1		-1		-1		-1		-1		-1		-1		-1		-1		15		-1		-1		-1		-1		-1		-1		-1		-1		-1		-1		-1		-1		-1		-1		-1		-1		-1		-1		-1		-1		-1		-1		-1		-1		-1		-1		-1		-1		-1		-1		-1		-1		-1		-1		-1		-1		-1		-1		-1		-1		-1		-1		-1		-1		-1		-1		-1		-1		-1		-1		-1		-1		-1		-1		-1		-1		-1		-1		-1		-1		-1		-1		-1		-1		-1		-1		-1		-1		-1		-1		-1		-1		-1		-1		-1		-1		-1		-1		-1		-1		
-1		-1		-1		-1		-1		-1		-1		-1		-1		-1		-1		-1		-1		-1		-1		-1		-1		-1		-1		-1		-1		-1		-1		-1		-1		-1		-1		-1		-1		-1		-1		-1		-1		-1		-1		-1		-1		-1		-1		-1		-1		-1		-1		-1		-1		-1		0		7		-1		-1		-1		-1		-1		-1		-1		-1		-1		-1		-1		-1		-1		-1		-1		-1		-1		-1		-1		-1		-1		-1		-1		-1		-1		-1		-1		-1		-1		16		-1		-1		-1		-1		-1		-1		-1		-1		-1		-1		-1		-1		-1		-1		-1		-1		-1		-1		-1		-1		-1		-1		-1		-1		-1		-1		-1		-1		-1		-1		-1		-1		-1		-1		-1		-1		-1		-1		-1		-1		-1		-1		-1		-1		-1		-1		-1		-1		-1		-1		-1		-1		-1		-1		-1		-1		-1		-1		-1		-1		-1		-1		-1		
-1		-1		-1		-1		-1		-1		-1		-1		-1		-1		-1		-1		-1		-1		-1		-1		-1		-1		-1		-1		-1		-1		-1		-1		-1		-1		-1		-1		-1		-1		-1		-1		-1		-1		-1		-1		-1		-1		-1		-1		-1		99		4		-1		-1		-1		7		0		-1		-1		-1		-1		-1		-1		-1		-1		-1		-1		-1		-1		-1		-1		-1		-1		-1		-1		-1		-1		-1		-1		-1		-1		-1		-1		-1		-1		-1		-1		-1		-1		-1		-1		-1		-1		-1		-1		-1		-1		-1		-1		-1		-1		-1		-1		-1		-1		-1		-1		-1		-1		-1		-1		-1		-1		-1		-1		-1		-1		-1		-1		-1		-1		-1		-1		-1		-1		-1		-1		-1		-1		-1		-1		-1		-1		-1		-1		-1		-1		-1		-1		-1		-1		-1		-1		-1		-1		-1		-1		-1		-1		-1		
-1		-1		-1		-1		-1		-1		-1		-1		-1		-1		-1		-1		-1		-1		-1		-1		-1		-1		-1		-1		-1		-1		-1		-1		-1		-1		-1		-1		-1		-1		-1		-1		-1		-1		-1		-1		-1		-1		-1		-1		-1		-1		-1		-1		-1		-1		-1		-1		0		10		-1		-1		-1		-1		-1		-1		-1		-1		-1		-1		-1		-1		-1		-1		-1		-1		-1		-1		-1		-1		-1		-1		-1		-1		-1		-1		-1		-1		-1		-1		-1		-1		-1		-1		-1		-1		-1		-1		-1		-1		-1		-1		-1		-1		-1		-1		-1		-1		-1		-1		-1		-1		-1		-1		-1		-1		-1		-1		-1		-1		-1		-1		-1		-1		-1		-1		-1		-1		-1		-1		-1		-1		-1		-1		-1		-1		-1		-1		-1		-1		-1		-1		-1		-1		-1		-1		-1		-1		-1		49		-1		
-1		-1		-1		-1		-1		-1		-1		-1		-1		-1		-1		-1		-1		-1		-1		-1		-1		-1		-1		-1		-1		-1		-1		-1		-1		-1		-1		-1		-1		-1		-1		-1		-1		-1		-1		-1		-1		-1		-1		-1		-1		-1		-1		-1		-1		-1		-1		-1		-1		0		-1		-1		-1		-1		-1		-1		-1		-1		-1		-1		-1		13		-1		-1		-1		-1		-1		-1		-1		-1		-1		-1		-1		-1		-1		-1		-1		-1		-1		-1		-1		-1		-1		-1		-1		-1		-1		-1		-1		-1		-1		-1		-1		-1		-1		-1		-1		-1		-1		-1		-1		-1		-1		-1		-1		-1		-1		-1		-1		-1		-1		-1		-1		-1		-1		-1		-1		-1		-1		-1		-1		-1		-1		-1		-1		-1		-1		-1		-1		-1		-1		-1		-1		-1		-1		-1		-1		-1		-1		-1		24		
-1		-1		-1		-1		-1		-1		-1		-1		-1		-1		-1		-1		-1		-1		-1		-1		-1		-1		-1		-1		-1		-1		-1		-1		-1		-1		-1		-1		-1		-1		-1		-1		-1		-1		-1		-1		-1		-1		-1		-1		-1		-1		-1		-1		-1		-1		-1		-1		8		-1		0		-1		-1		-1		-1		-1		-1		-1		-1		-1		-1		-1		-1		-1		-1		-1		-1		-1		-1		-1		-1		-1		-1		-1		-1		-1		-1		-1		-1		-1		-1		-1		-1		-1		-1		-1		-1		-1		-1		-1		-1		-1		-1		-1		-1		-1		-1		-1		-1		-1		-1		-1		-1		-1		-1		-1		-1		-1		-1		-1		-1		-1		-1		-1		-1		-1		-1		-1		-1		-1		-1		-1		-1		-1		-1		-1		-1		-1		-1		-1		-1		-1		-1		-1		-1		-1		-1		-1		-1		-1		-1		
-1		-1		-1		-1		-1		-1		-1		-1		-1		-1		-1		-1		-1		-1		-1		-1		-1		-1		-1		-1		-1		-1		-1		-1		-1		-1		-1		-1		-1		-1		-1		-1		-1		-1		-1		-1		-1		-1		-1		-1		-1		-1		-1		-1		-1		-1		-1		-1		-1		-1		30		0		12		-1		-1		-1		-1		-1		-1		-1		-1		-1		-1		-1		-1		-1		-1		-1		-1		-1		-1		-1		-1		-1		-1		-1		-1		-1		-1		-1		-1		-1		-1		-1		-1		-1		-1		-1		-1		-1		-1		-1		-1		-1		-1		-1		-1		-1		-1		-1		-1		-1		-1		-1		-1		-1		-1		-1		-1		-1		-1		-1		-1		-1		-1		-1		-1		-1		-1		-1		-1		-1		-1		-1		-1		-1		-1		-1		-1		-1		-1		-1		-1		-1		-1		-1		-1		-1		-1		-1		-1		
-1		-1		-1		-1		-1		-1		-1		-1		-1		-1		-1		-1		-1		-1		-1		-1		-1		-1		-1		-1		-1		-1		-1		-1		-1		-1		-1		-1		-1		-1		-1		-1		-1		-1		-1		-1		-1		-1		-1		-1		-1		-1		-1		-1		-1		-1		-1		-1		-1		-1		-1		12		0		12		-1		-1		-1		-1		-1		-1		-1		-1		-1		-1		-1		-1		-1		-1		-1		-1		-1		-1		-1		-1		-1		-1		-1		-1		-1		-1		-1		-1		-1		-1		-1		-1		-1		-1		-1		-1		-1		-1		-1		-1		-1		-1		-1		-1		-1		-1		-1		-1		-1		-1		-1		-1		-1		-1		-1		-1		-1		-1		-1		-1		-1		-1		-1		-1		-1		-1		-1		-1		-1		-1		-1		-1		-1		-1		-1		-1		-1		-1		-1		-1		-1		-1		-1		-1		-1		-1		-1		
-1		-1		-1		-1		-1		-1		-1		-1		-1		-1		-1		-1		-1		-1		-1		-1		-1		-1		-1		-1		-1		-1		-1		-1		-1		-1		-1		-1		-1		-1		-1		-1		-1		-1		-1		-1		-1		-1		-1		-1		-1		-1		-1		-1		-1		-1		-1		-1		-1		-1		-1		-1		12		0		-1		-1		-1		-1		-1		-1		-1		-1		-1		-1		-1		-1		-1		-1		-1		-1		-1		-1		-1		-1		-1		-1		-1		-1		-1		-1		-1		-1		-1		-1		-1		-1		-1		-1		-1		-1		-1		-1		-1		-1		-1		-1		-1		-1		-1		-1		-1		-1		-1		-1		-1		-1		-1		-1		-1		-1		-1		-1		-1		-1		-1		-1		-1		-1		-1		-1		-1		-1		-1		-1		-1		-1		-1		-1		-1		-1		-1		-1		-1		-1		-1		-1		-1		-1		-1		-1		24		
-1		-1		-1		-1		-1		-1		-1		-1		-1		-1		-1		-1		-1		-1		-1		-1		-1		-1		-1		-1		-1		-1		-1		-1		-1		-1		-1		-1		-1		-1		-1		-1		-1		-1		-1		-1		-1		-1		-1		-1		-1		-1		-1		-1		-1		-1		-1		-1		-1		-1		-1		-1		-1		-1		0		10		-1		-1		-1		-1		-1		-1		-1		-1		-1		-1		-1		-1		-1		-1		-1		-1		-1		-1		-1		-1		-1		-1		-1		-1		-1		-1		-1		-1		-1		-1		-1		-1		-1		-1		-1		-1		-1		-1		-1		-1		-1		-1		-1		-1		-1		-1		-1		-1		-1		-1		-1		-1		-1		-1		-1		-1		-1		-1		-1		-1		-1		-1		-1		-1		-1		-1		-1		-1		-1		-1		-1		-1		-1		-1		-1		-1		-1		-1		-1		-1		-1		-1		-1		-1		-1		
-1		-1		-1		-1		-1		-1		-1		-1		-1		-1		-1		-1		-1		-1		-1		-1		-1		-1		-1		-1		-1		-1		-1		-1		-1		-1		-1		-1		-1		-1		-1		-1		-1		-1		-1		-1		-1		-1		-1		-1		-1		-1		-1		-1		-1		-1		-1		-1		-1		-1		-1		-1		-1		-1		-1		0		4		-1		-1		-1		-1		-1		-1		-1		-1		-1		-1		-1		-1		-1		-1		-1		-1		-1		-1		-1		-1		-1		-1		-1		-1		-1		-1		-1		-1		-1		-1		-1		-1		-1		-1		-1		-1		-1		-1		-1		-1		-1		-1		-1		-1		-1		-1		-1		-1		-1		-1		-1		-1		-1		-1		-1		-1		-1		-1		-1		-1		-1		-1		-1		-1		-1		-1		-1		-1		-1		-1		-1		-1		-1		-1		-1		-1		-1		-1		-1		-1		-1		-1		-1		-1		
-1		-1		-1		-1		-1		-1		-1		-1		-1		-1		-1		-1		-1		-1		-1		-1		-1		-1		-1		-1		-1		-1		-1		-1		-1		-1		-1		-1		-1		-1		-1		-1		-1		-1		-1		-1		-1		-1		-1		-1		-1		-1		-1		-1		-1		-1		-1		-1		-1		-1		-1		-1		-1		-1		-1		4		0		49		-1		-1		-1		-1		-1		-1		-1		30		-1		-1		-1		-1		-1		-1		-1		-1		-1		-1		-1		-1		-1		-1		-1		-1		-1		-1		-1		-1		-1		-1		-1		-1		-1		-1		-1		-1		-1		-1		-1		-1		-1		-1		-1		-1		-1		-1		-1		-1		-1		-1		-1		-1		-1		-1		-1		-1		-1		-1		-1		-1		-1		-1		-1		-1		-1		-1		-1		-1		-1		-1		-1		-1		-1		-1		-1		-1		-1		-1		-1		-1		-1		-1		-1		
-1		-1		-1		-1		-1		-1		-1		-1		-1		-1		-1		-1		-1		-1		-1		-1		-1		-1		-1		-1		-1		-1		-1		-1		-1		-1		-1		-1		-1		-1		-1		-1		-1		-1		-1		-1		-1		-1		-1		-1		-1		-1		-1		-1		-1		-1		-1		-1		-1		-1		-1		-1		-1		-1		-1		-1		49		0		20		-1		-1		-1		-1		-1		-1		-1		-1		-1		-1		-1		-1		-1		-1		-1		-1		-1		-1		-1		-1		-1		-1		-1		-1		-1		-1		-1		-1		-1		-1		-1		-1		-1		-1		-1		-1		-1		-1		-1		-1		-1		-1		-1		-1		-1		-1		-1		-1		-1		-1		-1		-1		-1		-1		-1		-1		-1		-1		-1		-1		-1		-1		-1		-1		-1		-1		-1		-1		-1		-1		-1		-1		-1		-1		-1		-1		-1		-1		-1		-1		-1		-1		
-1		-1		-1		-1		-1		-1		-1		-1		-1		-1		-1		-1		-1		-1		-1		-1		-1		-1		-1		-1		-1		-1		-1		-1		-1		-1		-1		-1		-1		-1		-1		-1		-1		-1		-1		-1		-1		-1		-1		-1		-1		-1		-1		-1		-1		-1		-1		-1		-1		-1		-1		-1		-1		-1		-1		-1		-1		20		0		40		-1		-1		-1		-1		-1		-1		-1		-1		-1		-1		-1		-1		-1		-1		-1		-1		-1		-1		-1		-1		-1		-1		-1		-1		-1		-1		-1		-1		-1		-1		-1		-1		-1		-1		-1		-1		-1		-1		-1		-1		-1		-1		-1		-1		-1		-1		-1		-1		-1		-1		-1		-1		-1		-1		-1		-1		-1		-1		-1		-1		-1		-1		-1		-1		-1		-1		-1		-1		-1		-1		-1		-1		-1		-1		-1		-1		-1		-1		-1		-1		-1		
-1		-1		-1		-1		-1		-1		-1		-1		-1		-1		-1		-1		-1		-1		-1		-1		-1		-1		-1		-1		-1		-1		-1		-1		-1		-1		-1		-1		-1		-1		-1		-1		-1		-1		-1		-1		-1		-1		-1		-1		-1		-1		-1		-1		-1		-1		-1		-1		-1		-1		-1		-1		-1		-1		-1		-1		-1		-1		40		0		18		31		-1		-1		-1		-1		-1		-1		-1		-1		-1		-1		-1		-1		-1		-1		-1		-1		-1		-1		-1		-1		-1		-1		-1		-1		-1		-1		-1		-1		-1		-1		-1		-1		-1		-1		-1		-1		-1		-1		-1		-1		-1		-1		-1		-1		-1		-1		-1		-1		-1		-1		-1		-1		-1		-1		-1		-1		-1		-1		-1		-1		-1		-1		-1		-1		-1		-1		-1		-1		-1		-1		-1		-1		-1		-1		-1		-1		-1		-1		-1		
-1		-1		-1		-1		-1		-1		-1		-1		-1		-1		-1		-1		-1		-1		-1		-1		-1		-1		-1		-1		-1		-1		-1		-1		-1		-1		-1		-1		-1		-1		-1		-1		-1		-1		-1		-1		-1		-1		-1		-1		-1		-1		-1		-1		-1		15		-1		-1		-1		-1		-1		-1		-1		-1		-1		-1		-1		-1		-1		-1		0		35		-1		-1		-1		-1		-1		-1		-1		-1		-1		-1		-1		-1		-1		-1		-1		-1		-1		-1		-1		-1		-1		-1		-1		-1		-1		-1		-1		-1		-1		-1		-1		-1		-1		-1		-1		-1		-1		-1		-1		-1		-1		-1		-1		-1		-1		-1		-1		-1		-1		-1		-1		-1		-1		-1		-1		-1		-1		-1		-1		-1		-1		-1		-1		-1		-1		-1		-1		-1		-1		-1		-1		-1		-1		-1		-1		-1		-1		-1		-1		
-1		-1		-1		-1		-1		-1		-1		-1		-1		-1		-1		-1		-1		-1		-1		-1		-1		-1		-1		-1		-1		-1		-1		-1		-1		-1		-1		-1		-1		-1		-1		-1		-1		-1		-1		-1		-1		-1		-1		-1		-1		-1		-1		-1		-1		-1		-1		-1		-1		13		-1		-1		-1		-1		-1		-1		-1		-1		-1		31		35		0		-1		-1		-1		-1		-1		-1		-1		-1		-1		-1		-1		-1		-1		-1		-1		-1		-1		-1		-1		-1		-1		-1		-1		-1		-1		-1		-1		-1		-1		-1		-1		-1		-1		-1		-1		-1		-1		-1		-1		-1		-1		-1		-1		-1		-1		-1		-1		-1		-1		-1		-1		-1		-1		-1		-1		-1		-1		-1		-1		-1		-1		-1		-1		-1		-1		-1		-1		-1		-1		-1		-1		-1		-1		-1		-1		-1		-1		-1		-1		
-1		-1		-1		-1		-1		-1		-1		-1		-1		-1		-1		-1		-1		-1		-1		-1		-1		-1		-1		-1		-1		-1		-1		-1		-1		-1		-1		-1		-1		-1		-1		-1		-1		-1		-1		-1		-1		-1		-1		-1		-1		-1		-1		-1		-1		-1		-1		-1		-1		-1		-1		-1		-1		-1		-1		-1		-1		14		-1		-1		-1		-1		0		7		-1		-1		37		-1		-1		-1		-1		-1		-1		-1		-1		-1		-1		-1		-1		-1		-1		-1		-1		-1		-1		-1		-1		-1		-1		-1		-1		-1		-1		-1		-1		-1		-1		-1		-1		-1		-1		-1		-1		-1		-1		-1		-1		-1		-1		-1		-1		-1		-1		-1		-1		-1		-1		-1		-1		-1		-1		-1		-1		-1		-1		-1		-1		-1		-1		-1		-1		-1		-1		-1		-1		-1		-1		-1		-1		-1		-1		
-1		-1		-1		-1		-1		-1		-1		-1		-1		-1		-1		-1		-1		-1		-1		-1		-1		-1		-1		-1		-1		-1		-1		-1		-1		-1		-1		-1		-1		-1		-1		-1		-1		-1		-1		-1		-1		-1		-1		-1		-1		-1		-1		-1		-1		-1		-1		-1		-1		-1		-1		-1		-1		-1		-1		-1		-1		-1		-1		-1		-1		-1		-1		0		9		-1		-1		-1		-1		-1		-1		-1		-1		-1		-1		-1		-1		-1		-1		-1		-1		-1		-1		-1		-1		-1		-1		-1		-1		-1		-1		-1		-1		25		-1		-1		-1		-1		-1		-1		-1		-1		-1		-1		-1		-1		-1		-1		-1		-1		-1		-1		-1		-1		-1		-1		-1		-1		-1		-1		-1		-1		-1		-1		-1		-1		-1		-1		-1		-1		-1		-1		-1		-1		-1		-1		-1		-1		-1		-1		-1		
-1		-1		-1		-1		-1		-1		-1		-1		-1		-1		-1		-1		-1		-1		-1		-1		-1		-1		-1		-1		-1		-1		-1		-1		-1		-1		-1		-1		-1		-1		-1		-1		-1		-1		-1		-1		-1		-1		-1		-1		-1		-1		-1		-1		-1		-1		-1		-1		-1		-1		-1		-1		-1		-1		-1		-1		-1		-1		-1		-1		-1		-1		-1		-1		0		15		-1		-1		-1		-1		-1		-1		-1		-1		-1		-1		-1		-1		-1		-1		-1		-1		-1		-1		-1		-1		-1		-1		-1		-1		-1		-1		-1		28		-1		-1		-1		-1		-1		-1		-1		-1		-1		-1		-1		-1		-1		-1		-1		-1		-1		-1		-1		-1		-1		-1		-1		-1		-1		-1		-1		-1		-1		-1		-1		-1		-1		-1		-1		-1		-1		-1		-1		-1		-1		-1		-1		-1		-1		-1		-1		
-1		-1		-1		-1		-1		-1		-1		-1		-1		-1		-1		-1		-1		-1		-1		-1		-1		-1		-1		-1		-1		-1		-1		-1		-1		-1		-1		-1		-1		-1		-1		-1		-1		-1		-1		-1		-1		-1		-1		-1		-1		-1		-1		-1		-1		-1		-1		-1		-1		-1		-1		-1		-1		-1		-1		-1		30		-1		-1		-1		-1		-1		-1		-1		15		0		-1		-1		-1		-1		-1		-1		-1		-1		-1		-1		-1		-1		-1		-1		-1		-1		-1		-1		-1		-1		-1		-1		-1		-1		-1		-1		-1		-1		-1		-1		-1		-1		-1		-1		-1		-1		-1		-1		-1		-1		-1		-1		-1		-1		-1		-1		-1		-1		-1		-1		-1		-1		-1		-1		-1		-1		-1		-1		-1		-1		-1		-1		-1		-1		-1		-1		-1		-1		-1		-1		-1		-1		-1		-1		-1		
-1		-1		-1		-1		-1		-1		-1		-1		-1		-1		-1		-1		-1		-1		-1		-1		-1		-1		-1		-1		-1		-1		-1		-1		-1		-1		-1		-1		-1		-1		-1		-1		-1		-1		-1		-1		-1		-1		-1		-1		-1		-1		-1		-1		-1		-1		-1		-1		-1		-1		-1		-1		-1		-1		-1		-1		-1		-1		-1		-1		-1		-1		37		-1		-1		-1		0		33		-1		-1		-1		-1		-1		-1		-1		-1		-1		-1		-1		-1		-1		-1		-1		-1		-1		-1		-1		-1		-1		-1		-1		-1		-1		-1		-1		-1		-1		-1		-1		-1		-1		28		-1		-1		-1		-1		-1		-1		-1		-1		-1		-1		-1		-1		-1		-1		-1		-1		-1		-1		-1		-1		-1		-1		-1		-1		-1		-1		-1		-1		-1		-1		-1		-1		-1		-1		-1		-1		-1		-1		-1		
-1		-1		-1		-1		-1		-1		-1		-1		-1		-1		-1		-1		-1		-1		-1		-1		-1		-1		-1		-1		-1		-1		-1		-1		-1		-1		-1		-1		-1		-1		-1		-1		-1		-1		-1		-1		-1		-1		-1		-1		-1		-1		-1		-1		-1		-1		-1		-1		-1		-1		-1		-1		-1		-1		-1		-1		-1		-1		-1		-1		-1		-1		-1		-1		-1		-1		-1		0		9		4		-1		-1		-1		-1		-1		-1		-1		-1		-1		-1		-1		-1		-1		-1		-1		-1		-1		-1		-1		-1		-1		-1		-1		-1		-1		-1		-1		-1		-1		-1		-1		-1		-1		-1		-1		-1		-1		-1		-1		-1		-1		-1		-1		-1		-1		-1		-1		-1		-1		-1		-1		-1		-1		-1		-1		-1		-1		-1		-1		-1		-1		-1		-1		-1		-1		-1		-1		-1		-1		-1		-1		
-1		-1		-1		-1		-1		-1		-1		-1		-1		-1		-1		-1		-1		-1		-1		-1		-1		-1		-1		-1		-1		-1		-1		-1		-1		-1		-1		-1		-1		-1		-1		-1		-1		-1		-1		-1		-1		-1		-1		-1		-1		-1		-1		-1		-1		-1		-1		-1		-1		-1		-1		-1		-1		-1		-1		-1		-1		-1		-1		-1		-1		-1		-1		-1		-1		-1		-1		-1		0		-1		-1		-1		-1		-1		-1		-1		-1		-1		-1		-1		-1		-1		-1		-1		-1		-1		-1		-1		-1		-1		67		-1		-1		-1		-1		-1		-1		-1		-1		-1		-1		-1		-1		-1		-1		-1		-1		-1		-1		-1		-1		-1		-1		-1		-1		-1		-1		-1		-1		-1		-1		-1		-1		-1		-1		-1		-1		-1		-1		-1		-1		-1		-1		-1		-1		-1		-1		-1		-1		-1		-1		
-1		-1		-1		-1		-1		-1		-1		-1		-1		-1		-1		-1		-1		-1		-1		-1		-1		-1		-1		-1		-1		-1		-1		-1		-1		-1		-1		-1		-1		-1		-1		-1		-1		-1		-1		-1		-1		-1		-1		-1		-1		-1		-1		-1		-1		-1		-1		-1		-1		-1		-1		-1		-1		-1		-1		-1		-1		-1		-1		-1		-1		-1		-1		-1		-1		-1		-1		4		-1		0		8		-1		-1		-1		-1		-1		-1		-1		-1		-1		-1		-1		-1		-1		-1		-1		-1		-1		-1		-1		-1		-1		-1		-1		-1		-1		-1		-1		-1		-1		-1		-1		-1		-1		-1		-1		-1		-1		-1		-1		-1		-1		-1		-1		-1		-1		-1		-1		-1		-1		-1		-1		-1		-1		-1		-1		-1		-1		-1		-1		-1		-1		-1		-1		-1		-1		-1		-1		-1		-1		-1		
-1		-1		-1		-1		-1		-1		-1		-1		-1		-1		-1		-1		-1		-1		-1		-1		-1		-1		-1		-1		-1		-1		-1		-1		-1		-1		-1		-1		-1		-1		-1		-1		-1		-1		-1		-1		-1		-1		-1		-1		-1		-1		-1		-1		-1		-1		-1		-1		-1		-1		-1		-1		-1		-1		-1		-1		-1		-1		11		-1		-1		-1		-1		-1		-1		-1		-1		-1		-1		-1		0		9		-1		-1		-1		-1		-1		-1		-1		-1		-1		-1		-1		-1		-1		-1		-1		-1		-1		-1		-1		-1		-1		-1		-1		-1		-1		-1		-1		-1		-1		-1		-1		-1		-1		-1		-1		-1		-1		-1		-1		-1		-1		-1		-1		-1		-1		-1		-1		-1		-1		-1		-1		-1		-1		-1		-1		-1		-1		-1		-1		-1		-1		-1		-1		-1		-1		-1		-1		-1		-1		
-1		-1		-1		-1		-1		-1		-1		-1		-1		-1		-1		-1		-1		-1		-1		-1		-1		-1		-1		-1		-1		-1		-1		-1		-1		-1		-1		-1		-1		-1		-1		-1		-1		-1		-1		-1		-1		-1		-1		-1		-1		-1		-1		-1		-1		-1		-1		-1		-1		-1		-1		-1		-1		-1		-1		-1		-1		-1		-1		-1		-1		-1		-1		-1		-1		-1		-1		-1		-1		6		9		0		-1		-1		-1		36		-1		-1		-1		-1		-1		-1		-1		-1		-1		-1		-1		-1		-1		-1		-1		-1		-1		-1		-1		-1		-1		-1		-1		-1		-1		-1		-1		-1		-1		-1		-1		-1		-1		-1		-1		-1		-1		-1		-1		-1		-1		-1		-1		-1		-1		-1		-1		-1		-1		-1		-1		-1		-1		-1		-1		-1		-1		-1		-1		-1		-1		-1		-1		-1		-1		
-1		-1		-1		-1		-1		-1		-1		-1		-1		-1		-1		-1		-1		-1		-1		-1		-1		-1		-1		-1		-1		-1		-1		-1		-1		-1		-1		-1		-1		-1		-1		-1		-1		-1		-1		-1		-1		-1		-1		-1		-1		-1		-1		-1		-1		-1		-1		-1		-1		-1		-1		-1		-1		-1		-1		-1		-1		-1		-1		-1		-1		-1		-1		-1		-1		-1		-1		-1		-1		-1		-1		9		0		18		-1		-1		-1		-1		-1		-1		-1		-1		-1		-1		-1		-1		-1		-1		-1		-1		-1		-1		-1		-1		-1		-1		-1		-1		-1		-1		-1		-1		-1		-1		-1		-1		-1		-1		-1		-1		-1		-1		-1		-1		-1		-1		-1		-1		-1		-1		-1		-1		-1		-1		-1		-1		-1		-1		-1		-1		-1		-1		-1		-1		-1		-1		-1		-1		-1		-1		-1		
-1		-1		-1		-1		-1		-1		-1		-1		-1		-1		-1		-1		-1		-1		-1		-1		-1		-1		-1		-1		-1		-1		-1		-1		-1		-1		-1		-1		-1		-1		-1		-1		-1		-1		-1		-1		-1		-1		-1		-1		-1		-1		-1		-1		-1		-1		-1		-1		-1		-1		-1		-1		-1		-1		-1		-1		-1		-1		-1		-1		-1		-1		-1		-1		-1		-1		-1		-1		-1		-1		-1		-1		18		0		-1		-1		-1		-1		-1		-1		-1		-1		-1		-1		-1		-1		-1		-1		-1		-1		-1		-1		-1		-1		-1		-1		-1		-1		-1		-1		-1		-1		-1		-1		-1		-1		-1		-1		-1		-1		-1		-1		-1		-1		-1		-1		-1		-1		-1		-1		-1		-1		-1		-1		-1		-1		-1		-1		-1		-1		-1		-1		-1		-1		-1		-1		-1		-1		-1		-1		-1		
-1		-1		-1		-1		-1		-1		-1		-1		-1		-1		-1		-1		-1		-1		-1		-1		-1		-1		-1		-1		-1		-1		-1		-1		-1		-1		-1		-1		-1		-1		-1		-1		-1		-1		-1		-1		-1		-1		-1		-1		-1		-1		-1		-1		-1		-1		-1		-1		-1		-1		-1		-1		-1		-1		-1		-1		-1		-1		-1		-1		-1		-1		-1		-1		-1		-1		-1		-1		-1		-1		-1		-1		15		5		0		-1		-1		-1		-1		-1		-1		-1		-1		-1		-1		-1		-1		-1		-1		-1		-1		-1		-1		-1		-1		-1		-1		-1		-1		-1		-1		-1		-1		-1		-1		-1		-1		-1		-1		-1		-1		-1		-1		-1		-1		-1		-1		-1		-1		-1		-1		-1		-1		-1		-1		-1		-1		-1		-1		-1		-1		-1		-1		-1		-1		-1		-1		-1		-1		-1		-1		
-1		-1		-1		-1		-1		-1		-1		-1		-1		-1		-1		-1		-1		-1		-1		-1		-1		-1		-1		-1		-1		-1		-1		-1		-1		-1		-1		-1		-1		-1		-1		-1		-1		-1		-1		-1		-1		-1		-1		-1		-1		-1		-1		-1		-1		-1		-1		-1		-1		-1		-1		-1		-1		-1		-1		-1		-1		-1		-1		-1		-1		-1		-1		-1		-1		-1		-1		-1		-1		-1		-1		36		-1		-1		-1		0		47		-1		-1		-1		-1		-1		-1		-1		-1		-1		-1		-1		-1		-1		-1		-1		-1		-1		-1		-1		-1		-1		-1		-1		-1		-1		-1		-1		-1		-1		-1		-1		-1		-1		-1		-1		-1		-1		-1		-1		-1		-1		-1		-1		-1		-1		-1		-1		-1		-1		-1		-1		-1		-1		-1		-1		-1		-1		-1		-1		-1		-1		-1		-1		-1		
-1		-1		-1		-1		-1		-1		-1		-1		-1		-1		-1		-1		-1		-1		-1		-1		-1		-1		-1		-1		-1		-1		-1		-1		-1		-1		-1		-1		-1		-1		-1		-1		-1		-1		-1		-1		-1		-1		-1		-1		-1		-1		-1		-1		-1		-1		-1		-1		-1		-1		-1		-1		-1		-1		-1		-1		-1		-1		-1		-1		-1		-1		-1		-1		-1		-1		-1		-1		-1		-1		-1		-1		-1		-1		27		47		0		10		-1		-1		-1		-1		-1		-1		-1		-1		-1		-1		-1		-1		-1		-1		-1		-1		-1		-1		-1		-1		-1		-1		-1		-1		-1		-1		-1		-1		-1		-1		-1		-1		-1		-1		-1		-1		-1		-1		-1		-1		-1		-1		-1		-1		-1		-1		-1		-1		-1		-1		-1		-1		-1		-1		-1		-1		-1		-1		-1		-1		-1		-1		-1		
-1		-1		-1		-1		-1		-1		-1		-1		-1		-1		-1		-1		-1		-1		-1		-1		-1		-1		-1		-1		-1		-1		-1		-1		-1		-1		-1		-1		-1		-1		-1		-1		-1		-1		-1		-1		-1		-1		-1		-1		-1		-1		-1		-1		-1		-1		16		-1		-1		-1		-1		-1		-1		-1		-1		-1		-1		-1		-1		-1		-1		-1		-1		-1		-1		-1		-1		-1		-1		-1		-1		-1		-1		-1		-1		-1		10		0		15		-1		-1		-1		-1		-1		-1		-1		-1		-1		-1		-1		-1		-1		-1		-1		-1		-1		-1		-1		-1		-1		-1		-1		-1		-1		-1		-1		-1		-1		-1		-1		-1		-1		-1		-1		-1		-1		-1		-1		-1		-1		-1		-1		-1		-1		-1		-1		-1		-1		-1		-1		-1		-1		-1		-1		-1		-1		-1		-1		-1		-1		-1		
-1		-1		-1		-1		-1		-1		-1		-1		-1		-1		-1		-1		-1		-1		-1		-1		-1		-1		-1		-1		-1		-1		-1		-1		-1		-1		-1		-1		-1		-1		-1		-1		-1		-1		-1		-1		-1		-1		-1		-1		-1		-1		-1		-1		-1		-1		-1		-1		-1		-1		-1		-1		-1		-1		-1		-1		-1		-1		-1		-1		-1		-1		-1		-1		-1		-1		-1		-1		-1		-1		-1		-1		-1		-1		-1		-1		-1		15		0		12		-1		-1		-1		-1		-1		-1		-1		-1		-1		-1		-1		-1		-1		-1		-1		-1		-1		-1		-1		-1		-1		-1		-1		-1		-1		-1		-1		-1		-1		-1		-1		-1		-1		-1		-1		-1		-1		-1		-1		-1		-1		-1		-1		-1		-1		-1		-1		-1		-1		-1		-1		-1		-1		-1		-1		-1		-1		-1		-1		-1		-1		
-1		-1		-1		-1		-1		-1		-1		-1		-1		-1		-1		-1		-1		-1		-1		-1		-1		-1		-1		-1		-1		-1		-1		-1		-1		-1		-1		-1		-1		-1		-1		-1		-1		-1		-1		-1		-1		-1		-1		-1		-1		-1		-1		-1		-1		-1		-1		-1		-1		-1		-1		-1		-1		-1		-1		-1		-1		-1		-1		-1		-1		-1		-1		-1		-1		-1		-1		-1		-1		-1		-1		-1		-1		-1		-1		-1		-1		-1		12		0		12		-1		-1		-1		-1		-1		-1		-1		-1		-1		-1		-1		-1		-1		-1		-1		-1		-1		-1		-1		-1		-1		-1		-1		-1		-1		-1		-1		-1		-1		-1		-1		-1		-1		-1		-1		-1		-1		-1		-1		-1		-1		-1		-1		-1		-1		-1		-1		-1		-1		-1		-1		-1		-1		-1		-1		-1		-1		-1		-1		-1		
-1		-1		-1		-1		-1		-1		-1		-1		-1		-1		-1		-1		-1		-1		-1		-1		-1		-1		-1		-1		-1		-1		-1		-1		-1		-1		-1		-1		-1		-1		-1		-1		-1		-1		-1		-1		-1		-1		-1		-1		-1		-1		-1		-1		-1		-1		-1		-1		-1		-1		-1		-1		-1		-1		-1		-1		-1		-1		-1		-1		-1		-1		-1		-1		-1		-1		-1		-1		-1		-1		-1		-1		-1		-1		-1		-1		-1		-1		-1		12		0		10		16		-1		-1		-1		-1		-1		-1		-1		-1		-1		-1		-1		-1		-1		-1		-1		-1		-1		-1		-1		-1		-1		-1		-1		-1		-1		-1		-1		-1		-1		-1		-1		-1		-1		-1		-1		-1		-1		-1		-1		-1		-1		-1		-1		-1		-1		-1		-1		-1		-1		-1		-1		-1		-1		-1		-1		-1		-1		-1		
-1		-1		-1		-1		-1		-1		-1		-1		-1		-1		-1		-1		-1		-1		-1		-1		-1		-1		-1		-1		-1		-1		-1		-1		-1		-1		-1		-1		-1		-1		-1		-1		-1		-1		-1		-1		-1		-1		-1		-1		-1		-1		-1		-1		-1		-1		-1		-1		-1		-1		-1		-1		-1		-1		-1		-1		-1		-1		-1		-1		-1		-1		-1		-1		-1		-1		-1		-1		-1		-1		-1		-1		-1		-1		-1		-1		-1		-1		-1		9		10		0		-1		17		-1		-1		-1		-1		-1		-1		-1		-1		-1		-1		-1		-1		-1		-1		-1		-1		-1		-1		-1		-1		-1		-1		-1		-1		-1		-1		-1		-1		-1		-1		-1		-1		-1		-1		-1		-1		-1		-1		-1		-1		-1		-1		-1		-1		-1		-1		-1		-1		-1		-1		-1		-1		-1		-1		-1		-1		-1		
-1		-1		-1		-1		-1		-1		-1		-1		-1		-1		-1		-1		-1		-1		-1		-1		-1		-1		-1		-1		-1		-1		-1		-1		-1		-1		-1		-1		-1		-1		-1		-1		-1		-1		-1		-1		-1		-1		-1		-1		-1		-1		-1		-1		-1		-1		-1		-1		-1		-1		-1		-1		-1		-1		-1		-1		-1		-1		-1		-1		-1		-1		-1		-1		-1		-1		-1		-1		-1		-1		-1		-1		-1		-1		-1		-1		-1		-1		-1		-1		16		-1		0		-1		13		-1		-1		-1		-1		-1		-1		-1		26		-1		-1		-1		-1		-1		-1		-1		-1		-1		-1		-1		-1		-1		-1		-1		-1		-1		-1		-1		-1		-1		-1		-1		-1		-1		-1		-1		-1		-1		-1		-1		-1		-1		-1		-1		-1		-1		-1		-1		-1		-1		-1		-1		-1		-1		-1		-1		-1		
-1		-1		-1		-1		-1		-1		-1		-1		-1		-1		-1		-1		-1		-1		-1		-1		-1		-1		-1		-1		-1		-1		-1		-1		-1		-1		-1		-1		-1		-1		-1		-1		-1		-1		-1		-1		-1		-1		-1		-1		-1		-1		-1		-1		-1		-1		-1		-1		-1		-1		-1		-1		-1		-1		-1		-1		-1		-1		-1		-1		-1		-1		-1		-1		-1		-1		-1		-1		-1		-1		-1		-1		-1		-1		-1		-1		-1		-1		-1		-1		-1		-1		10		0		18		-1		-1		-1		-1		-1		-1		-1		-1		-1		-1		-1		-1		-1		-1		-1		-1		-1		-1		-1		-1		-1		-1		-1		-1		-1		-1		-1		-1		-1		-1		-1		-1		-1		-1		-1		-1		-1		-1		-1		-1		-1		-1		-1		-1		-1		-1		-1		-1		-1		-1		-1		-1		-1		-1		-1		-1		
-1		-1		-1		-1		-1		-1		-1		-1		-1		-1		-1		-1		-1		-1		-1		-1		-1		-1		-1		-1		-1		-1		-1		-1		-1		-1		-1		-1		-1		-1		-1		-1		-1		-1		-1		-1		-1		-1		-1		-1		-1		-1		-1		-1		-1		-1		-1		-1		-1		-1		-1		-1		-1		-1		-1		-1		-1		-1		-1		-1		-1		-1		-1		-1		-1		-1		-1		-1		-1		-1		-1		-1		-1		-1		-1		-1		-1		-1		-1		-1		-1		-1		13		18		0		-1		-1		-1		-1		-1		-1		-1		29		-1		-1		-1		-1		-1		-1		-1		-1		-1		-1		-1		-1		-1		-1		-1		-1		-1		-1		-1		-1		-1		-1		-1		-1		-1		-1		-1		-1		-1		-1		-1		-1		-1		-1		-1		-1		-1		-1		-1		-1		-1		-1		-1		-1		-1		-1		-1		-1		
-1		-1		-1		-1		-1		-1		-1		-1		-1		-1		-1		-1		-1		-1		-1		-1		-1		-1		-1		-1		-1		-1		-1		-1		-1		-1		-1		-1		-1		-1		-1		-1		-1		-1		-1		-1		-1		-1		-1		-1		-1		-1		-1		-1		-1		-1		-1		-1		-1		-1		-1		-1		-1		-1		-1		-1		-1		-1		-1		-1		-1		-1		-1		-1		-1		-1		-1		-1		-1		-1		-1		-1		-1		-1		-1		-1		-1		-1		-1		-1		-1		-1		-1		-1		10		0		20		-1		-1		-1		-1		-1		-1		-1		-1		-1		-1		-1		-1		-1		-1		-1		-1		-1		-1		-1		-1		-1		-1		-1		-1		-1		-1		-1		-1		-1		-1		-1		-1		-1		-1		-1		-1		-1		-1		-1		-1		-1		-1		-1		-1		-1		-1		-1		-1		-1		-1		-1		-1		-1		-1		
-1		-1		-1		-1		-1		-1		-1		-1		-1		-1		-1		-1		-1		-1		-1		-1		-1		-1		-1		-1		-1		-1		-1		-1		-1		-1		-1		-1		-1		-1		-1		-1		-1		-1		-1		-1		-1		-1		-1		-1		-1		-1		-1		-1		-1		-1		-1		-1		-1		-1		-1		-1		-1		-1		-1		-1		-1		-1		-1		-1		-1		-1		-1		-1		-1		-1		-1		-1		-1		-1		-1		-1		-1		-1		-1		-1		-1		-1		-1		-1		-1		-1		-1		-1		-1		20		0		4		33		-1		-1		-1		-1		-1		-1		-1		-1		-1		-1		-1		-1		-1		-1		-1		-1		-1		-1		-1		-1		-1		-1		-1		-1		-1		-1		-1		-1		-1		-1		-1		-1		-1		-1		-1		-1		-1		-1		-1		-1		-1		-1		-1		-1		-1		-1		-1		-1		-1		-1		-1		-1		
-1		-1		-1		-1		-1		-1		-1		-1		-1		-1		-1		-1		-1		-1		-1		-1		-1		-1		-1		-1		-1		-1		-1		-1		-1		-1		-1		-1		-1		-1		-1		-1		-1		-1		-1		-1		-1		-1		-1		-1		-1		-1		-1		-1		-1		-1		-1		-1		-1		-1		-1		-1		-1		-1		-1		-1		-1		-1		-1		-1		-1		-1		-1		-1		-1		-1		-1		-1		-1		-1		-1		-1		-1		-1		-1		-1		-1		-1		-1		-1		-1		-1		-1		-1		-1		-1		4		0		-1		-1		-1		-1		-1		-1		-1		-1		-1		-1		-1		-1		-1		-1		-1		-1		-1		-1		-1		-1		-1		-1		-1		-1		-1		-1		-1		-1		-1		-1		-1		-1		-1		-1		-1		-1		-1		-1		-1		-1		-1		-1		-1		-1		-1		-1		-1		-1		-1		-1		-1		-1		-1		
-1		-1		-1		-1		-1		-1		-1		-1		-1		-1		-1		-1		-1		-1		-1		-1		-1		-1		-1		-1		-1		-1		-1		-1		-1		-1		-1		-1		-1		-1		-1		-1		-1		-1		-1		-1		-1		-1		-1		-1		-1		-1		-1		-1		-1		-1		-1		-1		-1		-1		-1		-1		-1		-1		-1		-1		-1		-1		-1		-1		-1		-1		-1		-1		-1		-1		-1		-1		-1		-1		-1		-1		-1		-1		-1		-1		-1		-1		-1		-1		-1		-1		-1		-1		-1		-1		-1		-1		0		14		-1		-1		-1		-1		-1		-1		-1		-1		-1		-1		-1		-1		-1		-1		-1		-1		-1		-1		-1		-1		-1		-1		-1		-1		-1		-1		-1		-1		-1		-1		-1		-1		-1		-1		-1		-1		-1		-1		-1		-1		-1		-1		-1		-1		-1		-1		-1		-1		-1		-1		-1		
-1		-1		-1		-1		-1		-1		-1		-1		-1		-1		-1		-1		-1		-1		-1		-1		-1		-1		-1		-1		-1		-1		-1		-1		-1		-1		-1		-1		-1		-1		-1		-1		-1		-1		-1		-1		-1		-1		-1		-1		-1		-1		-1		-1		-1		-1		-1		-1		-1		-1		-1		-1		-1		-1		-1		-1		-1		-1		-1		-1		-1		-1		-1		-1		-1		-1		-1		-1		-1		-1		-1		-1		-1		-1		-1		-1		-1		-1		-1		-1		-1		-1		-1		-1		-1		-1		-1		-1		14		0		-1		-1		10		-1		-1		-1		-1		-1		-1		-1		-1		-1		-1		-1		-1		-1		-1		-1		-1		-1		-1		-1		-1		-1		-1		-1		-1		-1		-1		-1		-1		-1		-1		-1		-1		-1		-1		-1		-1		-1		-1		-1		-1		-1		-1		-1		-1		-1		-1		-1		-1		
-1		-1		-1		-1		-1		-1		-1		-1		-1		-1		-1		-1		-1		-1		-1		-1		-1		-1		-1		-1		-1		-1		-1		-1		-1		-1		-1		-1		-1		-1		-1		-1		-1		-1		-1		-1		-1		-1		-1		-1		-1		-1		-1		-1		-1		-1		-1		-1		-1		-1		-1		-1		-1		-1		-1		-1		-1		-1		-1		-1		-1		-1		-1		-1		-1		-1		-1		-1		67		-1		-1		-1		-1		-1		-1		-1		-1		-1		-1		-1		-1		-1		-1		-1		-1		-1		-1		-1		12		-1		0		7		-1		-1		-1		-1		-1		-1		-1		-1		-1		-1		-1		-1		-1		-1		-1		-1		-1		-1		-1		-1		-1		-1		-1		-1		-1		-1		-1		-1		-1		-1		-1		-1		-1		-1		-1		-1		-1		-1		-1		-1		-1		-1		-1		-1		-1		-1		-1		-1		-1		
-1		-1		-1		-1		-1		-1		-1		-1		-1		-1		-1		-1		-1		-1		-1		-1		-1		-1		-1		-1		-1		-1		-1		-1		-1		-1		-1		-1		-1		-1		-1		-1		-1		-1		-1		-1		-1		-1		-1		-1		-1		-1		-1		-1		-1		-1		-1		-1		-1		-1		-1		-1		-1		-1		-1		-1		-1		-1		-1		-1		-1		-1		-1		-1		-1		-1		69		-1		-1		-1		-1		-1		-1		-1		-1		-1		-1		-1		-1		-1		-1		-1		-1		-1		-1		-1		-1		-1		-1		-1		7		0		-1		-1		-1		-1		-1		-1		-1		-1		-1		-1		-1		27		-1		-1		-1		-1		-1		-1		-1		-1		-1		-1		-1		-1		-1		-1		35		-1		-1		-1		-1		-1		-1		-1		-1		-1		-1		-1		-1		-1		-1		-1		-1		-1		-1		-1		-1		-1		-1		
-1		-1		-1		-1		-1		-1		-1		-1		-1		-1		-1		-1		-1		-1		-1		-1		-1		-1		-1		-1		-1		-1		-1		-1		-1		-1		-1		-1		-1		-1		-1		-1		-1		-1		-1		-1		-1		-1		-1		-1		-1		-1		-1		-1		-1		-1		-1		-1		-1		-1		-1		-1		-1		-1		-1		-1		-1		-1		-1		-1		-1		-1		-1		-1		-1		-1		-1		-1		-1		-1		-1		-1		-1		-1		-1		-1		-1		-1		-1		-1		-1		-1		-1		-1		29		-1		-1		-1		-1		10		-1		-1		0		-1		-1		-1		-1		-1		-1		-1		-1		-1		-1		-1		-1		-1		-1		-1		-1		-1		-1		-1		-1		-1		-1		-1		-1		-1		-1		-1		-1		-1		-1		-1		-1		-1		-1		-1		-1		-1		-1		-1		-1		-1		-1		-1		-1		-1		-1		-1		-1		
-1		-1		-1		-1		-1		-1		-1		-1		-1		-1		-1		-1		-1		-1		-1		-1		-1		-1		-1		-1		-1		-1		-1		-1		-1		-1		-1		-1		-1		-1		-1		-1		-1		-1		-1		-1		-1		-1		-1		-1		-1		-1		-1		-1		-1		-1		-1		-1		-1		-1		-1		-1		-1		-1		-1		-1		-1		-1		-1		-1		-1		-1		-1		25		28		-1		-1		-1		-1		-1		-1		-1		-1		-1		-1		-1		-1		-1		-1		-1		-1		-1		-1		-1		-1		-1		-1		-1		-1		-1		-1		-1		-1		0		17		-1		-1		-1		-1		-1		-1		-1		-1		-1		-1		-1		-1		-1		-1		-1		-1		-1		-1		-1		-1		-1		-1		-1		-1		-1		-1		-1		-1		-1		-1		-1		-1		-1		-1		-1		-1		-1		-1		-1		-1		-1		-1		-1		-1		-1		-1		
-1		-1		-1		-1		-1		-1		-1		-1		-1		-1		-1		-1		-1		-1		-1		-1		-1		-1		-1		-1		-1		-1		-1		-1		-1		-1		-1		-1		-1		-1		-1		-1		-1		-1		-1		-1		-1		-1		-1		-1		-1		-1		-1		-1		-1		-1		-1		-1		-1		-1		-1		-1		-1		-1		-1		-1		-1		-1		-1		-1		-1		-1		-1		-1		-1		-1		-1		-1		-1		-1		-1		-1		-1		-1		-1		-1		-1		-1		-1		-1		-1		-1		-1		-1		-1		-1		-1		-1		-1		-1		-1		-1		-1		17		0		-1		-1		-1		-1		-1		17		4		-1		-1		-1		-1		-1		-1		-1		-1		-1		-1		-1		-1		-1		-1		-1		-1		-1		-1		-1		-1		-1		-1		-1		-1		-1		-1		-1		-1		-1		-1		-1		-1		-1		-1		-1		-1		-1		-1		-1		
-1		-1		-1		-1		-1		-1		-1		-1		-1		-1		-1		-1		-1		-1		-1		-1		-1		-1		-1		-1		-1		-1		-1		-1		-1		-1		-1		-1		-1		-1		-1		-1		-1		-1		-1		-1		-1		-1		-1		-1		-1		-1		-1		-1		-1		-1		-1		-1		-1		-1		-1		-1		-1		-1		-1		-1		-1		-1		-1		-1		-1		-1		-1		-1		-1		-1		-1		-1		-1		-1		-1		-1		-1		-1		-1		-1		-1		-1		-1		-1		-1		-1		-1		-1		-1		-1		-1		-1		-1		-1		-1		-1		-1		-1		49		0		8		-1		-1		-1		-1		-1		-1		-1		-1		-1		-1		-1		-1		-1		-1		-1		-1		-1		-1		-1		-1		-1		-1		-1		-1		-1		-1		-1		-1		-1		-1		-1		-1		-1		-1		-1		-1		-1		-1		-1		-1		-1		-1		-1		-1		
-1		-1		-1		-1		-1		-1		-1		-1		-1		-1		-1		-1		-1		-1		-1		-1		-1		-1		-1		-1		-1		-1		-1		-1		-1		-1		-1		-1		-1		-1		-1		-1		-1		-1		-1		-1		-1		-1		-1		-1		-1		-1		-1		-1		-1		-1		-1		-1		-1		-1		-1		-1		-1		-1		-1		-1		-1		-1		-1		-1		-1		-1		-1		-1		-1		-1		-1		-1		-1		-1		-1		-1		-1		-1		-1		-1		-1		-1		-1		-1		-1		-1		-1		-1		-1		-1		-1		-1		-1		-1		-1		-1		-1		-1		-1		8		0		17		-1		10		-1		-1		-1		-1		-1		-1		-1		-1		-1		-1		-1		-1		-1		-1		-1		-1		-1		-1		-1		-1		-1		-1		-1		-1		-1		-1		-1		-1		-1		-1		-1		-1		-1		-1		-1		-1		-1		-1		-1		-1		-1		
-1		-1		-1		-1		-1		-1		-1		-1		-1		-1		-1		-1		-1		-1		-1		-1		-1		-1		-1		-1		-1		-1		-1		-1		-1		-1		-1		-1		-1		-1		-1		-1		-1		-1		-1		-1		-1		-1		-1		-1		-1		-1		-1		-1		-1		-1		-1		-1		-1		-1		-1		-1		-1		-1		-1		-1		-1		-1		-1		-1		-1		-1		-1		-1		-1		-1		-1		-1		-1		-1		-1		-1		-1		-1		-1		-1		-1		-1		-1		-1		-1		-1		-1		-1		-1		-1		-1		-1		-1		-1		-1		-1		-1		-1		-1		-1		-1		0		3		37		-1		-1		-1		-1		-1		-1		-1		-1		-1		-1		-1		-1		-1		-1		-1		-1		-1		-1		-1		-1		-1		-1		-1		-1		-1		-1		-1		-1		-1		-1		-1		-1		-1		-1		-1		-1		-1		-1		-1		-1		-1		
-1		-1		-1		-1		-1		-1		-1		-1		-1		-1		-1		-1		-1		-1		-1		-1		-1		-1		-1		-1		-1		-1		-1		-1		-1		-1		-1		-1		-1		-1		-1		-1		-1		-1		-1		-1		-1		-1		-1		-1		-1		-1		-1		-1		-1		-1		-1		-1		-1		-1		-1		-1		-1		-1		-1		-1		-1		-1		-1		-1		-1		-1		-1		-1		-1		-1		-1		-1		-1		-1		-1		-1		-1		-1		-1		-1		-1		-1		-1		-1		-1		-1		-1		-1		-1		-1		-1		-1		-1		-1		-1		-1		-1		-1		-1		-1		-1		3		0		-1		-1		-1		-1		-1		-1		-1		-1		-1		-1		-1		-1		-1		-1		-1		-1		-1		-1		-1		-1		-1		-1		-1		-1		-1		-1		-1		-1		-1		-1		-1		-1		-1		-1		-1		-1		-1		-1		-1		-1		-1		-1		
-1		-1		-1		-1		-1		-1		-1		-1		-1		-1		-1		-1		-1		-1		-1		-1		-1		-1		-1		-1		-1		-1		-1		-1		-1		-1		-1		-1		-1		-1		-1		-1		-1		-1		-1		-1		-1		-1		-1		-1		-1		-1		-1		-1		-1		-1		-1		-1		-1		-1		-1		-1		-1		-1		-1		-1		-1		-1		-1		-1		-1		-1		-1		-1		-1		-1		-1		-1		-1		-1		-1		-1		-1		-1		-1		-1		-1		-1		-1		-1		-1		-1		-1		-1		-1		-1		-1		-1		-1		-1		-1		-1		-1		-1		-1		-1		10		37		-1		0		33		-1		-1		-1		-1		-1		-1		-1		-1		-1		-1		-1		-1		-1		-1		-1		-1		-1		-1		-1		-1		-1		-1		-1		-1		-1		-1		-1		-1		-1		-1		-1		-1		-1		-1		-1		-1		-1		-1		-1		-1		
-1		-1		-1		-1		-1		-1		-1		-1		-1		-1		-1		-1		-1		-1		-1		-1		-1		-1		-1		-1		-1		-1		-1		-1		-1		-1		-1		-1		-1		-1		-1		-1		-1		-1		-1		-1		-1		-1		-1		-1		-1		-1		-1		-1		-1		-1		-1		-1		-1		-1		-1		-1		-1		-1		-1		-1		-1		-1		-1		-1		-1		-1		-1		-1		-1		-1		-1		-1		-1		-1		-1		-1		-1		-1		-1		-1		-1		-1		-1		-1		-1		-1		-1		-1		-1		-1		-1		-1		-1		-1		-1		-1		-1		-1		17		-1		-1		-1		-1		33		0		-1		-1		-1		-1		-1		-1		-1		-1		-1		-1		-1		-1		-1		-1		-1		-1		-1		-1		-1		-1		-1		-1		-1		-1		-1		-1		-1		-1		-1		-1		-1		-1		-1		-1		-1		-1		-1		-1		-1		-1		
-1		-1		-1		-1		-1		-1		-1		-1		-1		-1		-1		-1		-1		-1		-1		-1		-1		-1		-1		-1		-1		-1		-1		-1		-1		-1		-1		-1		-1		-1		-1		-1		-1		-1		-1		-1		-1		-1		-1		-1		-1		-1		-1		-1		-1		-1		-1		-1		-1		-1		-1		-1		-1		-1		-1		-1		-1		-1		-1		-1		-1		-1		-1		-1		-1		-1		28		-1		-1		-1		-1		-1		-1		-1		-1		-1		-1		-1		-1		-1		-1		-1		-1		-1		-1		-1		-1		-1		-1		-1		-1		-1		-1		-1		4		-1		-1		-1		-1		-1		-1		0		-1		-1		-1		-1		-1		-1		-1		-1		-1		-1		-1		-1		-1		-1		-1		-1		-1		-1		-1		-1		-1		-1		-1		-1		-1		-1		-1		-1		-1		-1		-1		-1		-1		-1		-1		-1		-1		-1		-1		
-1		-1		-1		-1		-1		-1		-1		-1		-1		-1		-1		-1		-1		-1		-1		-1		-1		-1		-1		-1		-1		-1		-1		-1		-1		-1		-1		-1		-1		-1		-1		-1		-1		-1		-1		-1		-1		-1		-1		-1		-1		-1		-1		-1		-1		-1		-1		-1		-1		-1		-1		-1		-1		-1		-1		-1		-1		-1		-1		-1		-1		-1		-1		-1		-1		-1		-1		-1		-1		-1		-1		-1		-1		-1		-1		-1		-1		-1		-1		-1		-1		-1		-1		-1		-1		-1		-1		-1		-1		-1		-1		-1		-1		-1		-1		-1		-1		-1		-1		-1		-1		17		0		-1		-1		-1		-1		-1		-1		-1		-1		-1		-1		-1		-1		-1		-1		-1		-1		-1		-1		-1		-1		-1		-1		-1		-1		-1		-1		-1		-1		-1		-1		-1		-1		-1		-1		-1		-1		-1		-1		
-1		-1		-1		-1		-1		-1		-1		-1		-1		-1		-1		-1		-1		-1		-1		-1		-1		-1		-1		-1		-1		-1		-1		-1		-1		-1		-1		-1		-1		-1		-1		-1		-1		-1		-1		-1		-1		-1		-1		-1		-1		-1		-1		-1		-1		-1		-1		-1		-1		-1		-1		-1		-1		-1		-1		-1		-1		-1		-1		-1		-1		-1		-1		-1		-1		-1		-1		-1		-1		-1		-1		-1		-1		-1		-1		-1		-1		-1		-1		-1		-1		-1		-1		-1		-1		-1		-1		-1		-1		-1		-1		27		-1		-1		-1		-1		-1		-1		-1		-1		-1		-1		42		0		-1		-1		-1		-1		-1		-1		-1		-1		-1		46		-1		-1		-1		-1		-1		-1		-1		-1		-1		-1		-1		-1		-1		-1		-1		-1		-1		-1		-1		-1		-1		-1		-1		-1		-1		-1		-1		
-1		-1		-1		-1		-1		-1		-1		-1		-1		-1		-1		-1		-1		-1		-1		-1		-1		-1		-1		-1		-1		-1		-1		-1		-1		-1		-1		-1		-1		-1		-1		-1		-1		-1		-1		-1		-1		-1		-1		-1		-1		-1		-1		-1		-1		-1		-1		-1		-1		-1		-1		-1		-1		-1		-1		-1		-1		-1		-1		-1		-1		-1		-1		-1		-1		-1		-1		-1		-1		-1		-1		-1		-1		-1		-1		-1		-1		-1		-1		-1		-1		-1		-1		-1		-1		-1		-1		-1		-1		-1		-1		-1		-1		-1		-1		-1		-1		-1		-1		-1		-1		-1		21		-1		0		6		-1		-1		-1		-1		-1		-1		-1		-1		-1		-1		-1		-1		-1		-1		-1		-1		-1		-1		-1		-1		-1		-1		-1		-1		-1		-1		-1		-1		-1		-1		-1		-1		-1		-1		-1		
-1		-1		-1		-1		-1		-1		-1		-1		-1		-1		-1		-1		-1		-1		-1		-1		-1		-1		-1		-1		-1		-1		-1		-1		-1		-1		-1		-1		-1		-1		-1		-1		-1		-1		-1		-1		-1		-1		-1		-1		-1		-1		-1		-1		-1		-1		-1		-1		-1		-1		-1		-1		-1		-1		-1		-1		-1		-1		-1		-1		-1		-1		-1		-1		-1		-1		-1		-1		-1		-1		-1		-1		-1		-1		-1		-1		-1		-1		-1		-1		-1		-1		-1		-1		-1		-1		-1		-1		-1		-1		-1		-1		-1		-1		-1		-1		-1		-1		-1		-1		-1		-1		-1		-1		6		0		15		-1		-1		-1		-1		-1		-1		-1		-1		-1		-1		-1		-1		-1		-1		-1		-1		-1		-1		-1		-1		-1		-1		-1		-1		-1		-1		-1		-1		-1		-1		-1		-1		-1		-1		
-1		-1		-1		-1		-1		-1		-1		-1		-1		-1		-1		-1		-1		-1		-1		-1		-1		-1		-1		-1		-1		-1		-1		-1		-1		-1		-1		-1		-1		-1		-1		-1		-1		-1		-1		-1		-1		-1		-1		-1		-1		-1		-1		-1		-1		-1		-1		-1		-1		-1		-1		-1		-1		-1		-1		-1		-1		-1		-1		-1		-1		-1		-1		-1		-1		-1		-1		-1		-1		-1		-1		-1		-1		-1		-1		-1		-1		-1		-1		-1		-1		-1		-1		-1		-1		-1		-1		-1		-1		-1		-1		-1		-1		-1		-1		-1		-1		-1		-1		-1		-1		-1		-1		-1		-1		15		0		-1		38		-1		-1		-1		-1		-1		-1		-1		-1		-1		-1		-1		-1		-1		-1		-1		-1		-1		-1		-1		-1		-1		-1		-1		-1		-1		-1		-1		-1		-1		-1		-1		-1		
-1		-1		-1		-1		-1		-1		-1		-1		-1		-1		-1		-1		-1		-1		-1		-1		-1		-1		-1		-1		-1		-1		-1		-1		-1		-1		-1		-1		-1		-1		-1		-1		-1		-1		-1		-1		-1		-1		-1		-1		-1		-1		-1		-1		-1		-1		-1		-1		-1		-1		-1		-1		-1		-1		-1		-1		-1		-1		-1		-1		-1		-1		-1		-1		-1		-1		-1		-1		-1		-1		-1		-1		-1		-1		-1		-1		-1		-1		-1		-1		-1		-1		-1		-1		-1		-1		-1		-1		-1		-1		-1		-1		-1		-1		-1		-1		-1		-1		-1		-1		-1		-1		-1		-1		-1		-1		28		0		25		-1		8		-1		-1		-1		-1		-1		-1		-1		-1		-1		-1		-1		-1		-1		-1		-1		-1		-1		-1		-1		-1		-1		-1		-1		-1		-1		-1		-1		-1		-1		-1		
-1		-1		-1		-1		-1		-1		-1		-1		-1		-1		-1		-1		-1		-1		-1		-1		-1		-1		-1		-1		-1		-1		-1		-1		-1		-1		-1		-1		-1		-1		-1		-1		-1		-1		-1		-1		-1		-1		-1		-1		-1		-1		-1		-1		-1		-1		-1		-1		-1		-1		-1		-1		-1		-1		-1		-1		-1		-1		-1		-1		-1		-1		-1		-1		-1		-1		-1		-1		-1		-1		-1		-1		-1		-1		-1		-1		-1		-1		-1		-1		-1		-1		-1		-1		-1		-1		-1		-1		-1		-1		-1		-1		-1		-1		-1		-1		-1		-1		-1		-1		-1		-1		-1		-1		-1		-1		38		-1		0		103		-1		-1		-1		-1		-1		-1		-1		-1		-1		-1		-1		-1		-1		-1		-1		-1		-1		-1		-1		-1		-1		-1		-1		-1		-1		-1		-1		-1		-1		-1		-1		
-1		-1		-1		-1		-1		-1		-1		-1		-1		-1		-1		-1		-1		-1		-1		-1		-1		-1		-1		-1		-1		-1		-1		-1		-1		-1		-1		-1		-1		-1		-1		-1		-1		-1		-1		-1		-1		-1		-1		-1		-1		-1		-1		-1		-1		-1		-1		-1		-1		-1		-1		-1		-1		-1		-1		-1		-1		-1		-1		-1		-1		-1		-1		-1		-1		-1		-1		-1		-1		-1		-1		-1		-1		-1		-1		-1		-1		-1		-1		-1		-1		-1		-1		-1		-1		-1		-1		-1		-1		-1		-1		-1		-1		-1		-1		-1		-1		-1		-1		-1		-1		-1		-1		-1		-1		-1		-1		-1		103		0		-1		-1		-1		-1		-1		-1		-1		-1		-1		-1		-1		-1		-1		-1		-1		-1		-1		-1		-1		-1		-1		-1		-1		-1		-1		-1		-1		-1		-1		-1		-1		
-1		-1		-1		-1		-1		-1		-1		-1		-1		-1		-1		-1		-1		-1		-1		-1		-1		-1		-1		-1		-1		-1		-1		-1		-1		-1		-1		-1		-1		-1		-1		-1		-1		-1		-1		-1		-1		-1		-1		-1		-1		-1		-1		-1		-1		-1		-1		-1		-1		-1		-1		-1		-1		-1		-1		-1		-1		-1		-1		-1		-1		-1		-1		-1		-1		-1		-1		-1		-1		-1		-1		-1		-1		-1		-1		-1		-1		-1		-1		-1		-1		-1		-1		-1		-1		-1		-1		-1		-1		-1		-1		-1		-1		-1		-1		-1		-1		-1		-1		-1		-1		-1		-1		-1		-1		-1		-1		-1		-1		-1		0		7		13		-1		-1		-1		-1		-1		-1		-1		-1		-1		-1		-1		-1		-1		-1		-1		-1		-1		-1		-1		-1		-1		-1		-1		-1		-1		-1		-1		-1		
-1		-1		-1		-1		-1		-1		-1		-1		-1		-1		-1		-1		-1		-1		-1		-1		-1		-1		-1		-1		-1		-1		-1		-1		-1		-1		-1		-1		-1		-1		-1		-1		-1		-1		-1		-1		-1		-1		-1		-1		-1		-1		-1		-1		-1		-1		-1		-1		-1		-1		-1		-1		-1		-1		-1		-1		-1		-1		-1		-1		-1		-1		-1		-1		-1		-1		-1		-1		-1		-1		-1		-1		-1		-1		-1		-1		-1		-1		-1		-1		-1		-1		-1		-1		-1		-1		-1		-1		-1		-1		-1		-1		-1		-1		-1		-1		-1		-1		-1		-1		-1		-1		-1		-1		-1		-1		-1		-1		-1		-1		7		0		-1		-1		-1		-1		-1		-1		-1		-1		-1		-1		-1		-1		-1		-1		-1		-1		-1		-1		-1		-1		-1		-1		-1		-1		-1		-1		-1		-1		-1		
-1		-1		-1		-1		-1		-1		-1		-1		-1		-1		-1		-1		-1		-1		-1		-1		-1		-1		-1		-1		-1		-1		-1		-1		-1		-1		-1		-1		-1		-1		-1		-1		-1		-1		-1		-1		-1		-1		-1		-1		-1		-1		-1		-1		-1		-1		-1		-1		-1		-1		-1		-1		-1		-1		-1		-1		-1		-1		-1		-1		-1		-1		-1		-1		-1		-1		-1		-1		-1		-1		-1		-1		-1		-1		-1		-1		-1		-1		-1		-1		-1		-1		-1		-1		-1		-1		-1		-1		-1		-1		-1		-1		-1		-1		-1		-1		-1		-1		-1		-1		-1		-1		-1		-1		-1		-1		-1		13		-1		-1		13		-1		0		-1		-1		-1		-1		-1		-1		-1		-1		-1		-1		-1		-1		-1		-1		-1		-1		-1		-1		-1		-1		-1		-1		-1		-1		-1		-1		-1		-1		
-1		-1		-1		-1		-1		-1		-1		-1		-1		-1		-1		-1		-1		-1		-1		-1		-1		-1		-1		-1		-1		-1		-1		-1		-1		-1		-1		-1		-1		-1		-1		-1		-1		-1		-1		-1		-1		-1		-1		-1		-1		-1		-1		-1		-1		-1		-1		-1		-1		-1		-1		-1		-1		-1		-1		-1		-1		-1		-1		-1		-1		-1		-1		-1		-1		-1		-1		-1		-1		-1		-1		-1		-1		-1		-1		-1		-1		-1		-1		-1		-1		-1		-1		-1		-1		-1		-1		-1		-1		-1		-1		-1		-1		-1		-1		-1		-1		-1		-1		-1		-1		-1		-1		46		-1		-1		-1		-1		-1		-1		-1		-1		4		0		12		-1		-1		-1		-1		-1		-1		-1		-1		-1		-1		-1		-1		-1		-1		-1		-1		-1		-1		-1		-1		-1		-1		-1		-1		-1		-1		
-1		-1		-1		-1		-1		-1		-1		-1		-1		-1		-1		-1		-1		-1		-1		-1		-1		-1		-1		-1		-1		-1		-1		-1		-1		-1		-1		-1		-1		-1		-1		-1		-1		-1		-1		-1		-1		-1		-1		-1		-1		-1		-1		-1		-1		-1		-1		-1		-1		-1		-1		-1		-1		-1		-1		-1		-1		-1		-1		-1		-1		-1		-1		-1		-1		-1		-1		-1		-1		-1		-1		-1		-1		-1		-1		-1		-1		-1		-1		-1		-1		-1		-1		-1		-1		-1		-1		-1		-1		-1		-1		-1		-1		-1		-1		-1		-1		-1		-1		-1		-1		-1		-1		-1		-1		-1		-1		-1		-1		-1		-1		-1		-1		12		0		36		-1		-1		58		-1		-1		-1		-1		-1		-1		-1		-1		-1		-1		-1		-1		-1		-1		-1		-1		-1		-1		-1		-1		-1		-1		
-1		-1		-1		-1		-1		-1		-1		-1		-1		-1		-1		-1		-1		-1		-1		-1		-1		-1		-1		-1		-1		-1		-1		-1		-1		-1		-1		-1		-1		-1		-1		-1		-1		-1		-1		-1		-1		-1		-1		-1		-1		-1		-1		-1		-1		-1		-1		-1		-1		-1		-1		-1		-1		-1		-1		-1		-1		-1		-1		-1		-1		-1		-1		-1		-1		-1		-1		-1		-1		-1		-1		-1		-1		-1		-1		-1		-1		-1		-1		-1		-1		-1		-1		-1		-1		-1		-1		-1		-1		-1		-1		-1		-1		-1		-1		-1		-1		-1		-1		-1		-1		-1		-1		-1		-1		-1		-1		-1		-1		-1		-1		-1		-1		-1		36		0		-1		-1		-1		-1		-1		-1		-1		-1		-1		-1		-1		-1		-1		-1		-1		-1		-1		-1		-1		-1		-1		-1		-1		-1		-1		
-1		18		-1		-1		-1		-1		-1		-1		-1		-1		-1		-1		-1		-1		-1		-1		-1		-1		-1		-1		-1		-1		-1		-1		-1		-1		-1		-1		-1		-1		-1		-1		-1		-1		-1		-1		-1		-1		-1		-1		-1		-1		-1		-1		-1		-1		-1		-1		-1		-1		-1		-1		-1		-1		-1		-1		-1		-1		-1		-1		-1		-1		-1		-1		-1		-1		-1		-1		-1		-1		-1		-1		-1		-1		-1		-1		-1		-1		-1		-1		-1		-1		-1		-1		-1		-1		-1		-1		-1		-1		-1		-1		-1		-1		-1		-1		-1		-1		-1		-1		-1		-1		-1		-1		-1		-1		-1		-1		-1		-1		-1		-1		-1		-1		-1		10		0		19		-1		-1		-1		-1		-1		-1		-1		-1		-1		-1		-1		-1		-1		-1		-1		-1		-1		-1		-1		-1		-1		-1		-1		
-1		-1		16		-1		-1		-1		-1		-1		-1		-1		-1		-1		-1		-1		-1		-1		-1		-1		-1		-1		-1		-1		-1		-1		-1		-1		-1		-1		-1		-1		-1		-1		-1		-1		-1		-1		-1		-1		-1		-1		-1		-1		-1		-1		-1		-1		-1		-1		-1		-1		-1		-1		-1		-1		-1		-1		-1		-1		-1		-1		-1		-1		-1		-1		-1		-1		-1		-1		-1		-1		-1		-1		-1		-1		-1		-1		-1		-1		-1		-1		-1		-1		-1		-1		-1		-1		-1		-1		-1		-1		-1		-1		-1		-1		-1		-1		-1		-1		-1		-1		-1		-1		-1		-1		-1		-1		-1		-1		-1		-1		-1		-1		-1		-1		-1		20		19		0		49		-1		-1		-1		-1		-1		-1		-1		-1		-1		-1		-1		-1		-1		-1		-1		-1		-1		-1		-1		-1		-1		-1		
-1		-1		-1		-1		-1		-1		-1		-1		-1		-1		-1		-1		-1		-1		-1		-1		-1		-1		-1		-1		-1		-1		-1		-1		-1		-1		-1		-1		-1		-1		-1		-1		-1		-1		-1		-1		-1		-1		-1		-1		-1		-1		-1		-1		-1		-1		-1		-1		-1		-1		-1		-1		-1		-1		-1		-1		-1		-1		-1		-1		-1		-1		-1		-1		-1		-1		-1		-1		-1		-1		-1		-1		-1		-1		-1		-1		-1		-1		-1		-1		-1		-1		-1		-1		-1		-1		-1		-1		-1		-1		-1		35		-1		-1		-1		-1		-1		-1		-1		-1		-1		-1		-1		-1		-1		-1		-1		-1		-1		-1		-1		-1		-1		-1		58		-1		-1		49		0		-1		-1		17		-1		-1		-1		-1		-1		-1		-1		-1		-1		-1		-1		-1		-1		-1		-1		-1		-1		-1		-1		
-1		-1		-1		-1		-1		-1		-1		-1		-1		-1		-1		-1		-1		-1		-1		-1		-1		-1		-1		-1		-1		-1		-1		-1		-1		-1		-1		-1		-1		-1		-1		-1		-1		-1		-1		-1		-1		-1		-1		-1		-1		-1		-1		-1		-1		-1		-1		-1		-1		-1		-1		-1		-1		-1		-1		-1		-1		-1		-1		-1		-1		-1		-1		-1		-1		-1		-1		-1		-1		-1		-1		-1		-1		-1		-1		-1		-1		-1		-1		-1		-1		-1		-1		-1		-1		-1		-1		-1		-1		-1		-1		-1		-1		-1		-1		-1		-1		-1		-1		-1		-1		-1		-1		-1		-1		-1		-1		-1		-1		-1		-1		-1		-1		-1		-1		-1		-1		24		-1		0		14		-1		-1		-1		-1		-1		-1		-1		-1		-1		-1		-1		-1		-1		-1		-1		-1		-1		-1		-1		-1		
-1		-1		-1		-1		-1		-1		-1		-1		-1		-1		-1		-1		-1		-1		-1		-1		-1		-1		-1		-1		-1		-1		-1		-1		-1		-1		-1		-1		-1		-1		-1		-1		-1		-1		-1		-1		-1		-1		-1		-1		-1		-1		-1		-1		-1		-1		-1		-1		-1		-1		-1		-1		-1		-1		-1		-1		-1		-1		-1		-1		-1		-1		-1		-1		-1		-1		-1		-1		-1		-1		-1		-1		-1		-1		-1		-1		-1		-1		-1		-1		-1		-1		-1		-1		-1		-1		-1		-1		-1		-1		-1		-1		-1		-1		-1		-1		-1		-1		-1		-1		-1		-1		-1		-1		-1		-1		-1		-1		-1		-1		-1		-1		-1		-1		-1		-1		-1		-1		-1		14		0		16		-1		32		-1		-1		-1		-1		-1		-1		-1		-1		-1		-1		-1		-1		-1		-1		-1		-1		-1		
-1		-1		-1		-1		-1		-1		-1		-1		-1		-1		-1		-1		-1		-1		-1		-1		-1		-1		-1		-1		-1		-1		-1		-1		-1		-1		-1		-1		-1		-1		-1		-1		-1		-1		-1		-1		-1		-1		-1		-1		-1		-1		-1		-1		-1		-1		-1		-1		-1		-1		-1		-1		-1		-1		-1		-1		-1		-1		-1		-1		-1		-1		-1		-1		-1		-1		-1		-1		-1		-1		-1		-1		-1		-1		-1		-1		-1		-1		-1		-1		-1		-1		-1		-1		-1		-1		-1		-1		-1		-1		-1		-1		-1		-1		-1		-1		-1		-1		-1		-1		-1		-1		-1		-1		-1		-1		-1		-1		-1		-1		-1		-1		-1		-1		-1		-1		-1		-1		17		-1		16		0		8		-1		-1		-1		-1		-1		-1		-1		-1		-1		-1		-1		-1		-1		-1		-1		-1		-1		-1		
-1		-1		-1		-1		-1		-1		-1		-1		-1		-1		-1		-1		-1		-1		-1		-1		-1		-1		-1		-1		-1		-1		-1		-1		-1		-1		-1		-1		-1		-1		-1		-1		-1		-1		-1		-1		-1		-1		-1		-1		-1		-1		-1		-1		-1		-1		-1		-1		-1		-1		-1		-1		-1		-1		-1		-1		-1		-1		-1		-1		-1		-1		-1		-1		-1		-1		-1		-1		-1		-1		-1		-1		-1		-1		-1		-1		-1		-1		-1		-1		-1		-1		-1		-1		-1		-1		-1		15		-1		-1		-1		-1		-1		-1		-1		-1		-1		-1		-1		-1		-1		-1		-1		-1		-1		-1		-1		-1		-1		-1		-1		-1		-1		-1		-1		-1		-1		-1		-1		-1		-1		8		0		-1		-1		-1		-1		-1		-1		-1		-1		-1		-1		-1		-1		-1		-1		-1		-1		-1		-1		
-1		-1		-1		-1		-1		-1		-1		-1		-1		-1		-1		-1		-1		-1		-1		-1		-1		-1		-1		-1		-1		-1		-1		-1		-1		-1		-1		-1		-1		-1		-1		-1		-1		-1		-1		-1		-1		-1		-1		-1		-1		-1		-1		-1		-1		-1		-1		-1		-1		-1		-1		-1		-1		-1		-1		-1		-1		-1		-1		-1		-1		-1		-1		-1		-1		-1		-1		-1		-1		-1		-1		-1		-1		-1		-1		-1		-1		-1		-1		-1		-1		-1		-1		-1		-1		-1		-1		-1		-1		-1		-1		-1		-1		-1		-1		-1		-1		-1		-1		-1		-1		-1		-1		-1		-1		-1		-1		-1		-1		-1		-1		-1		-1		-1		-1		-1		-1		-1		-1		-1		-1		-1		15		0		29		32		-1		-1		-1		-1		-1		-1		-1		-1		-1		-1		-1		-1		-1		-1		-1		
-1		-1		-1		-1		67		-1		-1		-1		-1		-1		-1		-1		-1		-1		-1		-1		-1		-1		-1		-1		-1		-1		-1		-1		-1		-1		-1		-1		-1		-1		-1		-1		-1		-1		-1		-1		-1		-1		-1		-1		-1		-1		-1		-1		-1		-1		-1		-1		-1		-1		-1		-1		-1		-1		-1		-1		-1		-1		-1		-1		-1		-1		-1		-1		-1		-1		-1		-1		-1		-1		-1		-1		-1		-1		-1		-1		-1		-1		-1		-1		-1		-1		-1		-1		-1		-1		-1		-1		-1		-1		-1		-1		-1		-1		-1		-1		-1		-1		-1		-1		-1		-1		-1		-1		-1		-1		-1		-1		-1		-1		-1		-1		-1		-1		-1		-1		-1		-1		-1		-1		-1		-1		-1		29		0		-1		11		-1		-1		-1		-1		-1		-1		-1		-1		-1		-1		-1		-1		-1		-1		
-1		-1		-1		-1		-1		-1		-1		-1		-1		-1		-1		-1		-1		-1		-1		-1		-1		-1		-1		-1		-1		-1		-1		-1		-1		-1		-1		-1		-1		-1		-1		-1		-1		-1		-1		-1		-1		-1		-1		-1		-1		-1		-1		-1		-1		-1		-1		-1		-1		-1		-1		-1		-1		-1		-1		-1		-1		-1		-1		-1		-1		-1		-1		-1		-1		-1		-1		-1		-1		-1		-1		-1		-1		-1		-1		-1		-1		-1		-1		-1		-1		-1		-1		-1		-1		-1		-1		-1		-1		-1		-1		-1		-1		-1		-1		-1		-1		-1		-1		-1		-1		-1		-1		-1		-1		-1		-1		-1		-1		-1		-1		-1		-1		-1		-1		-1		-1		-1		-1		-1		-1		-1		-1		32		-1		0		-1		-1		-1		-1		-1		-1		-1		-1		-1		-1		-1		-1		20		-1		-1		
-1		-1		-1		-1		-1		-1		-1		-1		-1		-1		-1		-1		-1		-1		-1		-1		-1		-1		-1		-1		-1		-1		-1		-1		-1		-1		-1		-1		-1		-1		-1		-1		-1		-1		-1		-1		-1		-1		-1		-1		-1		-1		-1		-1		-1		-1		-1		-1		-1		-1		-1		-1		-1		-1		-1		-1		-1		-1		-1		-1		-1		-1		-1		-1		-1		-1		-1		-1		-1		-1		-1		-1		-1		-1		-1		-1		-1		-1		-1		-1		-1		-1		-1		-1		-1		-1		-1		-1		-1		-1		-1		-1		-1		-1		-1		-1		-1		-1		-1		-1		-1		-1		-1		-1		-1		-1		-1		-1		-1		-1		-1		-1		-1		-1		-1		-1		-1		-1		-1		-1		-1		-1		-1		-1		11		-1		0		15		-1		-1		35		26		-1		-1		-1		-1		-1		-1		-1		-1		-1		
-1		-1		-1		-1		-1		-1		-1		-1		-1		-1		-1		-1		-1		-1		-1		-1		-1		-1		-1		-1		-1		-1		-1		-1		-1		-1		-1		-1		-1		-1		-1		-1		-1		-1		-1		-1		-1		-1		-1		-1		-1		-1		-1		-1		-1		-1		-1		-1		-1		-1		-1		-1		-1		-1		-1		-1		-1		-1		-1		-1		-1		-1		-1		-1		-1		-1		-1		-1		-1		-1		-1		-1		-1		-1		-1		-1		-1		-1		-1		-1		-1		-1		-1		-1		-1		-1		-1		-1		-1		-1		-1		-1		-1		-1		-1		-1		-1		-1		-1		-1		-1		-1		-1		-1		-1		-1		-1		-1		-1		-1		-1		-1		-1		-1		-1		-1		-1		-1		-1		-1		-1		-1		-1		-1		-1		-1		15		0		22		-1		-1		-1		-1		-1		-1		-1		-1		-1		-1		-1		-1		
-1		-1		-1		41		-1		-1		-1		-1		-1		-1		-1		-1		-1		-1		-1		-1		-1		-1		-1		-1		-1		-1		-1		-1		-1		-1		-1		-1		-1		-1		-1		-1		-1		-1		-1		-1		-1		-1		-1		-1		-1		-1		-1		-1		-1		-1		-1		-1		-1		-1		-1		-1		-1		-1		-1		-1		-1		-1		-1		-1		-1		-1		-1		-1		-1		-1		-1		-1		-1		-1		-1		-1		-1		-1		-1		-1		-1		-1		-1		-1		-1		-1		-1		-1		-1		-1		-1		-1		-1		-1		-1		-1		-1		-1		-1		-1		-1		-1		-1		-1		-1		-1		-1		-1		-1		-1		-1		-1		-1		-1		-1		-1		-1		-1		-1		-1		-1		-1		-1		-1		-1		-1		-1		-1		-1		-1		-1		-1		0		23		-1		-1		-1		-1		-1		-1		-1		-1		-1		-1		-1		
-1		-1		-1		-1		-1		-1		-1		-1		-1		-1		-1		-1		-1		-1		-1		-1		-1		-1		-1		-1		-1		-1		-1		-1		-1		-1		-1		-1		-1		-1		-1		-1		-1		-1		-1		-1		-1		-1		-1		-1		-1		-1		-1		-1		-1		-1		-1		-1		-1		-1		-1		-1		-1		-1		-1		-1		-1		-1		-1		-1		-1		-1		-1		-1		-1		-1		-1		-1		-1		-1		-1		-1		-1		-1		-1		-1		-1		-1		-1		-1		-1		-1		-1		-1		-1		-1		-1		-1		-1		-1		-1		-1		-1		-1		-1		-1		-1		-1		-1		-1		-1		-1		-1		-1		-1		-1		-1		-1		-1		-1		-1		-1		-1		-1		-1		-1		-1		-1		-1		-1		-1		-1		-1		-1		-1		-1		-1		11		23		0		-1		-1		-1		-1		-1		-1		-1		-1		-1		-1		-1		
-1		-1		-1		-1		-1		-1		-1		-1		-1		-1		-1		-1		-1		-1		-1		-1		-1		-1		-1		-1		-1		-1		-1		-1		-1		-1		-1		-1		-1		-1		-1		-1		-1		-1		-1		-1		-1		-1		-1		-1		-1		-1		-1		-1		-1		-1		-1		-1		-1		-1		-1		-1		-1		-1		-1		-1		-1		-1		-1		-1		-1		-1		-1		-1		-1		-1		-1		-1		-1		-1		-1		-1		-1		-1		-1		-1		-1		-1		-1		-1		-1		-1		-1		-1		-1		-1		-1		-1		-1		-1		-1		-1		-1		-1		-1		-1		-1		-1		-1		-1		-1		-1		-1		-1		-1		-1		-1		-1		-1		-1		-1		-1		-1		-1		-1		-1		-1		-1		-1		-1		-1		-1		-1		-1		-1		-1		35		-1		-1		-1		0		-1		-1		-1		-1		-1		-1		-1		-1		-1		-1		
-1		-1		-1		-1		-1		-1		-1		-1		-1		-1		-1		-1		-1		-1		-1		-1		-1		-1		-1		-1		-1		-1		-1		-1		-1		-1		-1		-1		-1		-1		-1		-1		-1		-1		-1		-1		-1		-1		-1		-1		-1		-1		-1		-1		-1		-1		-1		-1		-1		-1		-1		-1		-1		-1		-1		-1		-1		-1		-1		-1		-1		-1		-1		-1		-1		-1		-1		-1		-1		-1		-1		-1		-1		-1		-1		-1		-1		-1		-1		-1		-1		-1		-1		-1		-1		-1		-1		-1		-1		-1		-1		-1		-1		-1		-1		-1		-1		-1		-1		-1		-1		-1		-1		-1		-1		-1		-1		-1		-1		-1		-1		-1		-1		-1		-1		-1		-1		-1		-1		-1		-1		-1		-1		-1		-1		-1		26		-1		-1		-1		-1		0		-1		-1		-1		-1		-1		-1		-1		-1		-1		
-1		-1		-1		-1		-1		-1		-1		-1		-1		-1		-1		-1		-1		-1		-1		-1		-1		-1		-1		-1		-1		-1		-1		-1		-1		-1		-1		-1		-1		-1		-1		-1		-1		-1		-1		-1		-1		-1		-1		-1		-1		-1		-1		-1		-1		-1		-1		-1		-1		-1		-1		-1		-1		-1		-1		-1		-1		-1		-1		-1		-1		-1		-1		-1		-1		-1		-1		-1		-1		-1		-1		-1		-1		-1		-1		-1		-1		-1		-1		-1		-1		-1		-1		-1		-1		-1		-1		-1		-1		-1		-1		-1		-1		-1		-1		-1		-1		-1		-1		-1		-1		-1		-1		-1		-1		-1		-1		-1		-1		-1		-1		-1		-1		-1		-1		-1		-1		-1		-1		-1		-1		-1		-1		-1		-1		-1		-1		-1		-1		-1		-1		5		0		7		-1		-1		-1		-1		-1		-1		-1		
-1		-1		-1		-1		-1		-1		-1		-1		-1		-1		-1		-1		-1		-1		-1		-1		-1		-1		-1		-1		-1		-1		-1		-1		-1		-1		-1		-1		-1		-1		-1		-1		-1		-1		-1		-1		-1		-1		-1		-1		-1		-1		-1		-1		-1		-1		-1		-1		-1		-1		-1		-1		-1		-1		-1		-1		-1		-1		-1		-1		-1		-1		-1		-1		-1		-1		-1		-1		-1		-1		-1		-1		-1		-1		-1		-1		-1		-1		-1		-1		-1		-1		-1		-1		-1		-1		-1		-1		-1		-1		-1		-1		-1		-1		-1		-1		-1		-1		-1		-1		-1		-1		-1		-1		-1		-1		-1		-1		-1		-1		-1		-1		-1		-1		-1		-1		-1		-1		-1		-1		-1		-1		-1		-1		-1		-1		-1		-1		-1		-1		-1		-1		7		0		10		19		-1		-1		-1		-1		-1		
-1		-1		-1		-1		-1		-1		-1		-1		-1		-1		-1		-1		-1		-1		-1		-1		-1		-1		-1		-1		-1		-1		-1		-1		-1		-1		-1		-1		-1		-1		-1		-1		-1		-1		-1		-1		-1		-1		-1		-1		-1		-1		-1		-1		-1		-1		-1		-1		-1		-1		-1		-1		-1		-1		-1		-1		-1		-1		-1		-1		-1		-1		-1		-1		-1		-1		-1		-1		-1		-1		-1		-1		-1		-1		-1		-1		-1		-1		-1		-1		-1		-1		-1		-1		-1		-1		-1		-1		-1		-1		-1		-1		-1		-1		-1		-1		-1		-1		-1		-1		-1		-1		-1		-1		-1		-1		-1		-1		-1		-1		-1		-1		-1		-1		-1		-1		-1		-1		-1		-1		-1		-1		-1		-1		-1		-1		-1		-1		-1		-1		-1		-1		-1		10		0		14		31		-1		-1		-1		-1		
-1		-1		-1		-1		-1		-1		-1		-1		-1		-1		-1		-1		-1		-1		-1		-1		-1		-1		-1		-1		-1		-1		-1		-1		-1		-1		-1		-1		-1		-1		-1		-1		-1		-1		-1		-1		-1		-1		-1		-1		-1		-1		-1		-1		-1		-1		-1		-1		-1		-1		-1		-1		-1		-1		-1		-1		-1		-1		-1		-1		-1		-1		-1		-1		-1		-1		-1		-1		-1		-1		-1		-1		-1		-1		-1		-1		-1		-1		-1		-1		-1		-1		-1		-1		-1		-1		-1		-1		-1		-1		-1		-1		-1		-1		-1		-1		-1		-1		-1		-1		-1		-1		-1		-1		-1		-1		-1		-1		-1		-1		-1		-1		-1		-1		-1		-1		-1		-1		-1		-1		-1		-1		-1		-1		-1		-1		-1		-1		-1		-1		-1		-1		-1		19		14		0		-1		-1		-1		-1		-1		
-1		-1		-1		-1		-1		-1		-1		-1		-1		-1		-1		-1		-1		-1		-1		-1		-1		-1		-1		-1		-1		-1		-1		-1		-1		-1		-1		-1		-1		-1		-1		-1		-1		-1		-1		-1		-1		-1		-1		-1		-1		-1		-1		-1		-1		-1		-1		-1		-1		-1		-1		-1		-1		-1		-1		-1		-1		-1		-1		-1		-1		-1		-1		-1		-1		-1		-1		-1		-1		-1		-1		-1		-1		-1		-1		-1		-1		-1		-1		-1		-1		-1		-1		-1		-1		-1		-1		-1		-1		-1		-1		-1		-1		-1		-1		-1		-1		-1		-1		-1		-1		-1		-1		-1		-1		-1		-1		-1		-1		-1		-1		-1		-1		-1		-1		-1		-1		-1		-1		-1		-1		-1		-1		-1		-1		-1		-1		-1		-1		-1		-1		-1		-1		-1		31		-1		0		29		5		-1		-1		
-1		-1		-1		-1		-1		-1		-1		-1		-1		-1		-1		-1		-1		-1		-1		-1		-1		-1		-1		-1		-1		-1		-1		-1		-1		-1		-1		-1		-1		-1		-1		-1		-1		-1		-1		-1		-1		-1		-1		-1		-1		-1		-1		-1		-1		-1		-1		-1		-1		-1		-1		-1		-1		-1		-1		-1		-1		-1		-1		-1		-1		-1		-1		-1		-1		-1		-1		-1		-1		-1		-1		-1		-1		-1		-1		-1		-1		-1		-1		-1		-1		-1		-1		-1		-1		-1		-1		-1		-1		-1		-1		-1		-1		-1		-1		-1		-1		-1		-1		-1		-1		-1		-1		-1		-1		-1		-1		-1		-1		-1		-1		-1		-1		-1		-1		-1		-1		-1		-1		-1		-1		-1		-1		-1		-1		-1		-1		-1		-1		-1		-1		-1		-1		-1		-1		-1		29		0		-1		-1		-1		
-1		-1		-1		-1		-1		-1		-1		-1		-1		-1		-1		-1		-1		-1		-1		-1		-1		-1		-1		-1		-1		-1		-1		-1		-1		-1		-1		-1		-1		-1		-1		-1		-1		-1		-1		-1		-1		-1		-1		-1		-1		-1		-1		-1		-1		-1		-1		-1		-1		-1		-1		-1		-1		-1		-1		-1		-1		-1		-1		-1		-1		-1		-1		-1		-1		-1		-1		-1		-1		-1		-1		-1		-1		-1		-1		-1		-1		-1		-1		-1		-1		-1		-1		-1		-1		-1		-1		-1		-1		-1		-1		-1		-1		-1		-1		-1		-1		-1		-1		-1		-1		-1		-1		-1		-1		-1		-1		-1		-1		-1		-1		-1		-1		-1		-1		-1		-1		-1		-1		-1		-1		-1		-1		-1		-1		-1		-1		-1		-1		-1		-1		47		-1		-1		-1		-1		5		-1		0		-1		-1		
-1		-1		-1		-1		-1		-1		-1		-1		-1		-1		-1		-1		-1		-1		-1		-1		-1		-1		-1		-1		-1		-1		-1		-1		-1		-1		-1		-1		-1		-1		-1		-1		-1		13		49		-1		-1		-1		-1		-1		-1		-1		-1		-1		-1		-1		-1		-1		-1		-1		-1		-1		-1		-1		-1		-1		-1		-1		-1		-1		-1		-1		-1		-1		-1		-1		-1		-1		-1		-1		-1		-1		-1		-1		-1		-1		-1		-1		-1		-1		-1		-1		-1		-1		-1		-1		-1		-1		-1		-1		-1		-1		-1		-1		-1		-1		-1		-1		-1		-1		-1		-1		-1		-1		-1		-1		-1		-1		-1		-1		-1		-1		-1		-1		-1		-1		-1		-1		-1		-1		-1		-1		-1		-1		-1		-1		-1		-1		-1		-1		-1		-1		-1		-1		-1		-1		-1		-1		-1		0		-1		
-1		-1		-1		-1		-1		-1		-1		-1		-1		-1		-1		-1		-1		-1		-1		-1		-1		-1		-1		-1		-1		-1		-1		-1		-1		-1		-1		-1		-1		-1		-1		-1		-1		-1		-1		-1		-1		-1		-1		-1		-1		-1		-1		-1		-1		-1		-1		-1		-1		24		-1		-1		-1		24		18		14		-1		-1		-1		-1		-1		-1		-1		-1		-1		-1		-1		-1		-1		-1		-1		-1		-1		-1		-1		-1		-1		-1		-1		-1		-1		-1		-1		-1		-1		-1		-1		-1		-1		-1		-1		-1		-1		-1		-1		-1		-1		-1		-1		-1		-1		-1		-1		-1		-1		-1		-1		-1		-1		-1		-1		-1		-1		-1		-1		-1		-1		-1		-1		-1		-1		-1		-1		-1		-1		-1		-1		-1		-1		-1		-1		-1		-1		-1		-1		-1		-1		-1		-1		-1		0		
