Name:		TWe9
Optimal value:	-1
#Vehicles:	-1
Capacity:	135
Depot Node:	1
#Nodes:	77
#Edges:	62
#Arcs:	36
#Required N:	32
#Required E:	37
#Required A:	18

ReN.	DEMAND	S. COST	S. TIME	B. TIME	E. TIME
N2	14	0	14	1391	1414
N11	32	0	32	1070	1088
N13	7	0	7	1078	1090
N77	12	0	12	1064	1067
N15	26	0	26	1499	1505
N18	38	0	38	1256	1281
N19	38	0	38	1146	1169
N26	15	0	15	1445	1455
N28	16	0	16	1228	1229
N32	43	0	43	1265	1266
N37	75	0	75	1142	1164
N40	5	0	5	1220	1246
N43	78	0	78	1175	1195
N45	12	0	12	1478	1495
N44	13	0	13	1219	1246
N48	10	0	10	1342	1369
N47	9	0	9	1241	1247
N49	8	0	8	1475	1502
N24	24	0	24	1093	1101
N50	30	0	30	1278	1290
N57	14	0	14	1051	1054
N60	33	0	33	1374	1385
N63	9	0	9	1062	1085
N65	21	0	21	1082	1104
N68	45	0	45	1026	1041
N58	32	0	32	1088	1095
N70	56	0	56	1319	1341
N72	6	0	6	1046	1050
N73	5	0	5	1260	1262
N74	25	0	25	1230	1254
N20	8	0	8	1499	1505
N51	2	0	2	1435	1437

ReE.	From N.	To N.	T. COST	DEMAND	S. COST	T. TIME	S. TIME	B. TIME	E. TIME
E1	1	2	32	32	32	32	32	1420	1431
E2	2	4	17	17	17	17	17	1455	1460
E3	5	6	8	8	8	8	8	1138	1154
E4	8	9	26	26	26	26	26	1476	1503
E5	9	10	20	20	20	20	20	1317	1338
E6	13	16	13	13	13	13	13	1068	1092
E7	18	19	41	41	41	41	41	1306	1314
E8	19	20	32	32	32	32	32	1318	1333
E9	18	20	21	21	21	21	21	1246	1275
E10	21	22	17	17	17	17	17	1263	1286
E11	22	75	24	24	24	24	24	1200	1226
E12	22	24	4	4	4	4	4	1141	1151
E13	23	26	12	12	12	12	12	1096	1115
E14	26	28	18	18	18	18	18	1032	1032
E15	30	31	14	14	14	14	14	1451	1476
E16	23	31	40	40	40	40	40	1133	1149
E17	32	33	30	30	30	30	30	1256	1276
E18	33	36	27	27	27	27	27	1465	1486
E19	37	38	8	8	8	8	8	1319	1329
E20	37	39	21	21	21	21	21	1343	1347
E21	35	39	7	7	7	7	7	1414	1423
E22	46	47	33	33	33	33	33	1199	1223
E23	51	53	4	4	4	4	4	1309	1317
E24	52	53	4	4	4	4	4	1393	1402
E25	52	54	4	4	4	4	4	1223	1229
E26	55	56	6	6	6	6	6	1084	1111
E27	57	58	78	78	78	78	78	1247	1269
E28	11	59	78	78	78	78	78	1342	1353
E29	60	61	39	39	39	39	39	1147	1153
E30	62	63	30	30	30	30	30	1076	1097
E31	62	66	16	16	16	16	16	1037	1065
E32	59	69	11	11	11	11	11	1398	1419
E33	4	69	75	75	75	75	75	1328	1357
E34	72	73	5	5	5	5	5	1034	1040
E35	18	72	92	92	92	92	92	1286	1308
E36	23	75	17	17	17	17	17	1025	1029
E37	15	77	13	13	13	13	13	1444	1447

EDGE	FROM N.	TO N.	T. COST	T. TIME
NrE1	2	3	14	14
NrE2	11	12	32	32
NrE3	15	17	26	26
NrE4	15	18	38	38
NrE5	26	27	15	15
NrE6	28	29	16	16
NrE7	32	34	43	43
NrE8	43	44	78	78
NrE9	44	45	12	12
NrE10	44	46	13	13
NrE11	47	48	10	10
NrE12	49	50	8	8
NrE13	19	50	30	30
NrE14	63	64	9	9
NrE15	63	65	21	21
NrE16	66	68	45	45
NrE17	70	71	56	56
NrE18	73	74	25	25
NrE19	21	51	2	2
NrE20	11	48	79	79
NrE21	42	56	26	26
NrE22	56	67	36	36
NrE23	12	76	7	7
NrE24	60	67	29	29
NrE25	62	67	31	31

ReA.	From N.	To N.	T. COST	DEMAND	S. COST	T. TIME	S. TIME	B. TIME	E. TIME
A1	4	5	56	56	56	56	56	1167	1190
A2	5	7	6	6	6	6	6	1238	1256
A3	7	8	18	18	18	18	18	1182	1197
A4	12	16	29	29	29	29	29	1008	1015
A5	24	25	27	27	27	27	27	1403	1430
A6	75	25	16	16	16	16	16	1034	1062
A7	26	25	17	17	17	17	17	1262	1264
A8	25	29	27	27	27	27	27	1119	1148
A9	31	32	58	58	58	58	58	1187	1209
A10	35	32	86	86	86	86	86	1218	1245
A11	35	41	15	15	15	15	15	1114	1140
A12	46	45	12	12	12	12	12	1328	1353
A13	49	51	10	10	10	10	10	1073	1099
A14	52	50	2	2	2	2	2	1320	1332
A15	58	59	25	25	25	25	25	1492	1520
A16	62	60	23	23	23	23	23	1292	1299
A17	77	76	35	35	35	35	35	1498	1499
A18	44	59	28	28	28	28	28	1002	1029

ARC	FROM N.	TO N.	T. COST	T. TIME
NrA1	13	14	7	7
NrA2	13	77	12	12
NrA3	21	19	38	38
NrA4	33	37	75	75
NrA5	40	39	5	5
NrA6	47	49	9	9
NrA7	53	24	24	24
NrA8	57	42	14	14
NrA9	58	60	33	33
NrA10	69	58	32	32
NrA11	71	72	6	6
NrA12	73	71	5	5
NrA13	76	20	8	8
NrA14	10	11	12	12
NrA15	14	15	7	7
NrA16	41	40	9	9
NrA17	41	42	18	18
NrA18	42	43	11	11
